SECTION Comment
CREATOR "Carlos Araujo"
REMARK "Instance for QoS Multicast Routing Problem"
QoS METRICS "delay, jitter, bandwidth and estimate of link duration"
END

SECTION Graph
Nodes 60
Edges 427

E 1 2 0.023878 0.005532 349.98 5.76
E 1 4 0.021449 0.004391 351.69 5.54
E 1 5 0.023896 0.005778 338.61 3.45
E 1 6 0.020867 0.004304 331.01 6.12
E 1 10 0.023119 0.005492 344.50 4.48
E 1 11 0.023680 0.005498 405.68 4.59
E 1 12 0.023118 0.005492 372.49 4.27
E 1 13 0.024184 0.006011 375.53 0.24
E 1 14 0.024392 0.006569 369.39 4.37
E 1 15 0.021243 0.004107 329.72 2.21
E 1 17 0.023229 0.005486 354.85 1.68
E 1 23 0.022904 0.004458 373.39 4.57
E 1 25 0.021460 0.004671 320.25 4.87
E 1 28 0.021128 0.003282 343.02 13.09
E 1 31 0.023182 0.006113 383.67 2.57
E 1 37 0.022081 0.004537 352.97 4.49
E 1 40 0.028680 0.009120 2888.00 2.08
E 1 43 0.023168 0.005580 344.92 1.73
E 1 45 0.023183 0.005088 364.43 2.30
E 1 49 0.022647 0.004821 362.63 2.26
E 1 56 0.023001 0.005406 364.27 6.36
E 1 57 0.022993 0.005514 345.49 19.97
E 1 58 0.023498 0.005529 399.98 1.86
E 1 60 0.023377 0.004206 333.53 8.61
E 2 4 0.019749 0.002798 305.36 0.87
E 2 5 0.021755 0.004097 326.22 34.25
E 2 10 0.021848 0.004760 336.35 0.47
E 2 11 0.024869 0.006581 471.56 0.66
E 2 12 0.023676 0.005221 373.18 1.71
E 2 13 0.008340 0.000960 752.00 859.91
E 2 14 0.022547 0.005923 353.79 0.51
E 2 15 0.023092 0.006407 352.50 5.24
E 2 17 0.021650 0.005096 307.40 27.24
E 2 25 0.021321 0.004014 336.37 0.47
E 2 28 0.024740 0.006501 388.65 0.01
E 2 31 0.022667 0.006398 361.64 0.99
E 2 37 0.023846 0.006973 383.42 0.68
E 2 43 0.021601 0.004272 354.82 17.25
E 2 45 0.021546 0.006303 367.46 753.89
E 2 49 0.022325 0.004925 350.96 4.23
E 2 56 0.022957 0.006596 375.83 54.12
E 2 57 0.022236 0.004839 385.62 17.72
E 2 58 0.020991 0.003819 346.15 21.89
E 2 59 0.014298 0.002214 249.88 0.87
E 2 60 0.018833 0.000169 308.22 25.04
E 3 7 0.021014 0.003764 310.55 1.65
E 3 9 0.020484 0.003754 339.93 0.15
E 3 16 0.022201 0.003707 310.96 8.98
E 3 18 0.018397 0.004914 272.95 2.01
E 3 20 0.021348 0.004771 327.44 0.15
E 3 32 0.019723 0.004641 294.52 0.14
E 3 35 0.015315 0.003361 266.41 0.18
E 3 38 0.017628 0.004570 294.95 0.15
E 3 41 0.017167 0.004035 256.10 3.00
E 3 42 0.020030 0.004477 299.99 0.14
E 3 47 0.018310 0.004620 290.76 0.76
E 3 50 0.020507 0.004025 315.91 1.03
E 3 53 0.019765 0.003251 309.30 0.14
E 3 54 0.020868 0.002375 329.63 127.00
E 4 6 0.016641 0.001977 258.68 1.57
E 4 8 0.016556 0.003991 276.23 16.82
E 4 10 0.019241 0.001150 326.86 374.52
E 4 12 0.020802 0.002839 354.85 0.01
E 4 15 0.022378 0.006414 297.49 4.08
E 4 17 0.018669 0.002145 299.64 353.47
E 4 28 0.016324 0.001832 260.35 19.49
E 4 31 0.020528 0.006244 319.39 199.96
E 4 45 0.018977 0.002883 285.51 0.67
E 4 49 0.021793 0.004638 346.61 0.03
E 4 56 0.020945 0.004749 348.23 1.01
E 4 57 0.021799 0.006106 345.29 3.00
E 5 6 0.022860 0.006275 396.92 1.37
E 5 8 0.022394 0.002431 282.63 8.55
E 5 10 0.021793 0.003153 352.24 0.22
E 5 11 0.022721 0.004175 378.66 2.93
E 5 12 0.021713 0.002947 347.49 0.17
E 5 13 0.021389 0.002781 365.78 2.03
E 5 14 0.023063 0.004071 383.18 1.21
E 5 17 0.021204 0.002035 323.46 27.08
E 5 31 0.023917 0.005116 343.70 7.71
E 5 37 0.021670 0.002120 363.38 3.12
E 5 43 0.021079 0.001934 333.53 2.29
E 5 45 0.021167 0.005148 342.21 0.46
E 5 49 0.023418 0.005368 386.02 0.97
E 5 56 0.022394 0.005164 414.37 0.89
E 5 57 0.024767 0.004692 351.78 1.07
E 5 58 0.024668 0.002103 388.23 1.79
E 6 8 0.017901 0.003392 315.00 5.41
E 6 10 0.025683 0.005156 388.19 0.12
E 6 11 0.018963 0.004540 298.36 1.09
E 6 12 0.020077 0.002985 324.66 0.09
E 6 13 0.017893 0.002818 280.15 2.98
E 6 14 0.025685 0.005156 396.67 2.28
E 6 17 0.017629 0.001979 296.68 7.27
E 6 24 0.017367 0.002975 304.28 15.37
E 6 26 0.017397 0.002959 288.44 14.04
E 6 29 0.017367 0.002975 271.54 15.30
E 6 30 0.017398 0.002959 266.79 14.15
E 6 31 0.021213 0.005766 325.81 16.88
E 6 34 0.004530 0.000064 392.00 13.87
E 6 37 0.018172 0.003731 312.65 1.37
E 6 43 0.025686 0.005156 467.49 3.70
E 6 44 0.016960 0.002575 266.39 4.29
E 6 49 0.021761 0.005314 374.77 0.12
E 6 57 0.022565 0.004749 393.49 1.46
E 6 59 0.017050 0.002527 278.09 1.51
E 7 9 0.020841 0.004608 332.19 0.49
E 7 14 0.019510 0.004502 310.57 0.37
E 7 16 0.020819 0.004399 350.30 2.69
E 7 18 0.021567 0.004059 337.23 2.91
E 7 20 0.021544 0.004695 345.01 0.52
E 7 25 0.020778 0.003244 323.48 1.31
E 7 28 0.020134 0.003392 362.80 3.36
E 7 32 0.020822 0.004399 346.91 0.93
E 7 38 0.022778 0.005512 364.30 2.52
E 7 41 0.024091 0.005540 355.83 1.15
E 7 42 0.020820 0.004399 330.34 0.85
E 7 50 0.020853 0.004470 316.65 1.04
E 7 53 0.020882 0.004543 325.23 2.10
E 7 54 0.020961 0.004896 348.69 8.90
E 7 60 0.020989 0.004418 307.03 0.97
E 8 10 0.021772 0.003448 351.31 3.53
E 8 11 0.019822 0.004282 311.69 13.68
E 8 12 0.020481 0.001308 344.87 20.62
E 8 13 0.016650 0.002364 240.60 12.40
E 8 14 0.026093 0.004138 498.50 16.25
E 8 24 0.013196 0.000652 209.27 10.82
E 8 26 0.013247 0.000661 200.16 10.79
E 8 29 0.013197 0.000652 213.40 10.82
E 8 30 0.013247 0.000719 201.29 10.79
E 8 31 0.027313 0.007123 389.68 1.23
E 8 34 0.004530 0.000064 392.00 7.27
E 8 37 0.019705 0.002374 296.90 16.18
E 8 44 0.013198 0.001623 211.56 3.27
E 8 49 0.023170 0.006626 361.24 9.16
E 8 57 0.001969 0.000000 188.00 3.89
E 8 59 0.016368 0.003070 271.44 16.55
E 9 16 0.020009 0.003779 333.50 4.96
E 9 18 0.022066 0.003709 330.01 2.31
E 9 41 0.019738 0.001300 344.70 3.37
E 9 50 0.020063 0.003879 315.83 1.81
E 9 54 0.019670 0.004237 322.68 137.97
E 9 60 0.019205 0.003125 300.05 1.87
E 10 11 0.021351 0.002568 337.59 1288.54
E 10 12 0.022864 0.005266 378.25 0.10
E 10 13 0.021120 0.002781 317.30 0.95
E 10 14 0.022757 0.003881 386.95 1547.62
E 10 15 0.022581 0.004781 333.91 1.68
E 10 17 0.020555 0.002336 320.51 58.04
E 10 23 0.018972 0.005766 298.18 1345.95
E 10 25 0.019501 0.000738 338.03 1293.51
E 10 28 0.019952 0.001331 319.86 18.53
E 10 31 0.022160 0.006057 363.98 92.87
E 10 37 0.020097 0.002514 341.33 1334.68
E 10 40 0.004770 0.000896 480.00 7.93
E 10 43 0.020496 0.001818 334.48 0.35
E 10 45 0.020639 0.005043 349.78 0.46
E 10 49 0.021892 0.004856 353.82 0.03
E 10 56 0.021488 0.005446 335.29 1.16
E 10 57 0.022312 0.004078 385.48 2.15
E 10 58 0.020223 0.001598 309.77 2.38
E 11 12 0.023057 0.003762 358.08 0.14
E 11 13 0.016908 0.003225 276.29 137.06
E 11 15 0.018110 0.002935 290.48 6.90
E 11 17 0.022643 0.005348 320.02 19.16
E 11 22 0.019083 0.002171 317.04 17.51
E 11 28 0.021483 0.005181 344.00 17.44
E 11 31 0.023105 0.007517 337.52 48.03
E 11 34 0.017149 0.004421 305.15 177.70
E 11 36 0.015005 0.003324 222.83 0.00
E 11 40 0.025279 0.002352 408.96 5.57
E 11 43 0.025109 0.002261 386.70 3.47
E 11 44 0.024431 0.006275 495.31 1.73
E 11 49 0.023193 0.006136 391.30 0.07
E 11 51 0.015323 0.003463 237.54 88.93
E 11 52 0.022565 0.002544 375.93 29.79
E 11 57 0.022097 0.003477 315.20 1.53
E 12 13 0.022012 0.002781 422.50 3.11
E 12 14 0.022932 0.004986 369.08 0.12
E 12 15 0.022068 0.004625 327.20 3.83
E 12 17 0.021537 0.003197 324.68 49.80
E 12 25 0.022270 0.004712 345.60 0.18
E 12 28 0.021849 0.003222 331.94 18.60
E 12 31 0.021963 0.006046 337.34 76.89
E 12 37 0.021125 0.002775 359.31 0.14
E 12 43 0.022511 0.004491 361.92 0.47
E 12 45 0.022152 0.005476 359.35 0.50
E 12 49 0.021835 0.004741 369.38 0.04
E 12 56 0.022484 0.005602 339.85 1.00
E 12 57 0.022397 0.004572 368.14 1.85
E 12 58 0.022259 0.003984 358.47 2.07
E 13 14 0.022126 0.003477 317.82 172.06
E 13 15 0.017869 0.002971 270.30 1.25
E 13 17 0.019037 0.002035 333.14 5.45
E 13 22 0.016938 0.004768 301.45 88.35
E 13 23 0.017186 0.003780 267.47 175.64
E 13 24 0.016799 0.003392 255.43 209.32
E 13 26 0.015803 0.002261 274.20 207.65
E 13 28 0.020730 0.004613 320.30 10.66
E 13 29 0.018382 0.004297 410.99 209.00
E 13 30 0.015854 0.002423 241.02 207.93
E 13 31 0.023857 0.006615 331.01 4.21
E 13 34 0.017530 0.004655 292.01 3.68
E 13 36 0.015848 0.003783 242.18 45.51
E 13 37 0.019014 0.003071 267.12 143.24
E 13 40 0.017064 0.004254 256.31 2.08
E 13 43 0.023921 0.004466 433.81 2.64
E 13 49 0.023598 0.006633 320.61 0.85
E 13 51 0.016139 0.003783 274.34 1.72
E 13 52 0.016496 0.003901 237.48 1.87
E 13 57 0.024486 0.003958 416.87 1.60
E 14 15 0.021031 0.003961 328.93 3.69
E 14 16 0.018127 0.004424 310.55 8.08
E 14 17 0.022729 0.003712 354.69 84.31
E 14 28 0.022407 0.003915 372.86 18.85
E 14 31 0.024151 0.004941 378.74 88.49
E 14 40 0.002897 0.000000 304.00 9.62
E 14 43 0.022628 0.003724 359.32 1.36
E 14 45 0.022763 0.006275 338.88 0.43
E 14 49 0.022071 0.004033 369.91 0.07
E 14 50 0.017868 0.004587 277.95 1.30
E 14 54 0.019627 0.004370 290.18 190.93
E 14 56 0.023527 0.006915 358.77 1.12
E 14 57 0.022876 0.003369 368.09 1.97
E 14 58 0.022448 0.003508 335.44 2.30
E 14 60 0.018930 0.004947 325.65 3.04
E 15 19 0.019682 0.003392 331.09 3.15
E 15 22 0.017813 0.004851 255.38 16.44
E 15 23 0.019810 0.004719 314.10 7.06
E 15 25 0.022551 0.004373 334.82 3.91
E 15 28 0.020247 0.003878 310.62 15.48
E 15 31 0.020750 0.004853 342.00 14.20
E 15 34 0.017812 0.002950 293.04 5.25
E 15 37 0.019550 0.003807 313.69 6.56
E 15 39 0.017644 0.004353 285.63 12.19
E 15 40 0.017515 0.002225 309.24 4.42
E 15 43 0.022551 0.004373 335.93 0.49
E 15 46 0.011828 0.002656 1072.00 3.32
E 15 49 0.020432 0.003791 382.66 0.75
E 15 51 0.018121 0.002560 315.07 27.73
E 15 52 0.017812 0.004936 298.15 13.57
E 15 56 0.022547 0.004986 359.39 1.62
E 15 58 0.022726 0.005231 378.52 1.71
E 15 60 0.021387 0.003410 356.87 10.52
E 16 18 0.020231 0.003378 306.95 0.68
E 16 20 0.021284 0.004664 317.42 4.96
E 16 25 0.020125 0.003243 316.65 6.59
E 16 32 0.019820 0.002771 339.48 5.54
E 16 35 0.014214 0.000096 1312.00 5.50
E 16 36 0.018785 0.000145 368.06 10.26
E 16 42 0.019249 0.002128 320.78 5.33
E 16 50 0.019382 0.002547 312.38 1.30
E 16 54 0.019754 0.004427 307.06 4.79
E 16 55 0.003490 0.000000 320.00 0.24
E 16 60 0.018936 0.003288 313.92 0.45
E 17 23 0.018050 0.006127 271.88 346.46
E 17 28 0.022450 0.001865 373.95 56.50
E 17 31 0.021798 0.005819 355.05 124.46
E 17 37 0.019186 0.003152 316.39 315.97
E 17 43 0.021421 0.003006 324.63 6.86
E 17 45 0.022171 0.005699 388.20 1.91
E 17 49 0.021049 0.003602 335.21 262.88
E 17 56 0.021683 0.004110 334.55 0.64
E 17 57 0.021585 0.003482 327.78 0.18
E 17 58 0.021312 0.001590 306.86 0.70
E 17 59 0.017312 0.001483 250.79 356.16
E 18 20 0.022066 0.004035 345.69 2.47
E 18 25 0.021969 0.003025 342.18 1.93
E 18 32 0.020732 0.002887 319.44 1.30
E 18 38 0.022607 0.005470 350.77 5.41
E 18 41 0.019891 0.002700 261.02 5.94
E 18 42 0.020209 0.002913 311.47 1.33
E 18 47 0.011860 0.000770 178.22 0.10
E 18 50 0.019938 0.003109 313.90 0.51
E 18 53 0.020199 0.003146 319.83 1.56
E 18 54 0.021373 0.003465 322.33 0.35
E 18 60 0.017079 0.004192 1612.00 4.07
E 19 21 0.014064 0.002141 270.60 66.00
E 19 22 0.010853 0.002880 1008.00 22.49
E 19 23 0.018834 0.005554 292.01 48.93
E 19 27 0.016476 0.004383 257.71 1.35
E 19 28 0.018155 0.005427 236.39 5.64
E 19 33 0.016907 0.003906 271.52 20.13
E 19 34 0.018042 0.005060 279.65 0.01
E 19 36 0.016886 0.001425 246.24 8.98
E 19 39 0.015521 0.003510 234.69 4.38
E 19 46 0.015598 0.003353 247.88 1.16
E 19 48 0.016528 0.005147 272.58 0.70
E 19 51 0.015863 0.002247 239.04 2.79
E 19 52 0.017085 0.002740 297.69 1.32
E 19 55 0.015345 0.003252 235.56 5.83
E 20 41 0.021266 0.004573 338.45 3.36
E 20 50 0.021285 0.004664 334.59 1.75
E 20 54 0.021227 0.005215 322.57 139.79
E 20 60 0.021366 0.003763 349.62 1.95
E 21 27 0.013432 0.002270 209.76 7.59
E 21 48 0.014102 0.001317 239.25 36.84
E 21 55 0.018984 0.005314 273.58 7.94
E 22 23 0.018719 0.005908 306.81 15.47
E 22 28 0.019797 0.003784 256.87 1.45
E 22 34 0.017593 0.004337 267.16 7.59
E 22 37 0.019219 0.004053 299.23 19.51
E 22 39 0.017526 0.004735 298.91 4.76
E 22 40 0.017168 0.004259 267.04 3.93
E 22 46 0.006851 0.002144 624.00 2.65
E 22 51 0.016683 0.003920 274.17 3.55
E 22 52 0.016830 0.003852 257.54 99.39
E 23 28 0.021231 0.004853 342.65 38.97
E 23 34 0.018125 0.005173 311.72 65.55
E 23 36 0.018127 0.005299 265.98 0.00
E 23 40 0.018145 0.004666 305.71 5.41
E 23 49 0.018050 0.006127 301.84 0.55
E 23 51 0.018470 0.005815 319.45 69.76
E 23 52 0.019041 0.006036 311.00 5.83
E 23 57 0.022419 0.005096 317.17 2.36
E 23 60 0.019263 0.003653 333.76 2.75
E 24 44 0.012891 0.001311 198.57 0.92
E 25 28 0.018195 0.001755 280.00 3.08
E 25 43 0.017388 0.001613 269.64 22.77
E 25 45 0.018908 0.003698 297.13 0.27
E 25 50 0.021772 0.003561 333.73 3.77
E 25 54 0.020323 0.003907 359.61 132.30
E 25 56 0.020663 0.004518 299.64 1.40
E 25 57 0.021926 0.004575 352.74 2.41
E 25 58 0.016560 0.000689 263.42 2.56
E 25 60 0.019828 0.003403 310.81 1.83
E 26 44 0.012882 0.001235 194.95 0.92
E 27 33 0.018357 0.004943 288.40 5.34
E 27 35 0.016423 0.002678 282.81 15.81
E 27 36 0.017137 0.003256 243.47 3.59
E 27 48 0.011531 0.000894 181.88 2.25
E 27 55 0.018595 0.005258 256.67 7.25
E 28 31 0.024429 0.004862 416.12 6.28
E 28 34 0.019726 0.003707 317.85 9.07
E 28 37 0.021786 0.004846 360.54 17.41
E 28 39 0.019583 0.004411 336.03 0.18
E 28 40 0.020191 0.005088 437.72 2.72
E 28 43 0.018400 0.001837 281.65 190.44
E 28 45 0.018102 0.002374 309.81 17.15
E 28 46 0.006210 0.000192 544.00 0.28
E 28 49 0.001969 0.000000 188.00 16.78
E 28 51 0.019961 0.003929 334.08 8.26
E 28 52 0.019530 0.003460 346.75 34.02
E 28 56 0.020721 0.004778 313.02 17.88
E 28 58 0.018177 0.001722 297.73 24.77
E 28 60 0.021732 0.003546 371.44 1.10
E 29 44 0.012896 0.001272 200.51 0.92
E 30 44 0.012882 0.001235 191.08 0.92
E 31 37 0.021569 0.004828 308.85 44.25
E 31 43 0.024411 0.004333 406.21 8.98
E 31 45 0.023860 0.005309 334.13 8.49
E 31 49 0.021838 0.006087 353.02 229.66
E 31 56 0.023783 0.005373 382.94 21.30
E 31 57 0.022306 0.005535 382.48 410.16
E 31 58 0.024751 0.004674 386.63 3.84
E 31 59 0.020307 0.006585 315.19 202.43
E 32 41 0.020697 0.002035 291.98 3.27
E 32 50 0.019895 0.002632 308.59 1.32
E 32 54 0.020321 0.004451 322.38 57.47
E 32 60 0.019789 0.004189 298.07 2.28
E 33 36 0.016948 0.001289 308.73 0.00
E 33 40 0.017308 0.003222 352.25 6.53
E 33 46 0.016933 0.003962 272.65 3.39
E 33 55 0.016488 0.003573 256.92 6.71
E 34 36 0.017666 0.004617 285.58 117.40
E 34 37 0.019480 0.004006 302.92 176.15
E 34 39 0.017895 0.004087 306.19 20.83
E 34 40 0.017493 0.004268 258.48 0.44
E 34 46 0.025278 0.001442 259.83 2.27
E 34 51 0.017569 0.004473 281.50 6.97
E 34 52 0.017531 0.004182 274.03 7.48
E 35 36 0.021885 0.007461 400.34 0.00
E 35 41 0.017225 0.002774 263.63 3.74
E 35 48 0.017204 0.003120 220.94 46.42
E 35 55 0.016913 0.002477 256.53 11.37
E 36 37 0.019467 0.004229 281.58 0.00
E 36 40 0.014884 0.001318 250.13 2.42
E 36 46 0.016872 0.004071 277.68 2.30
E 36 51 0.015829 0.002175 255.35 210.61
E 36 55 0.018595 0.005258 259.90 71.15
E 37 40 0.019519 0.003549 320.24 5.45
E 37 43 0.022000 0.002487 436.25 3.42
E 37 49 0.020910 0.004017 326.77 0.07
E 37 51 0.019474 0.003673 331.28 85.11
E 37 52 0.019487 0.003465 341.10 29.50
E 37 57 0.022627 0.005056 347.88 1.54
E 38 41 0.017626 0.004570 275.20 3.94
E 38 50 0.020529 0.003435 333.28 1.98
E 39 40 0.016225 0.002661 277.80 28.73
E 39 46 0.015000 0.003640 233.05 0.18
E 39 51 0.017686 0.004452 263.78 69.61
E 39 52 0.016456 0.003731 279.70 77.65
E 40 51 0.015391 0.001726 248.28 1.93
E 40 52 0.014963 0.001564 238.18 1.23
E 40 60 0.015558 0.003584 1480.00 2.74
E 41 42 0.019092 0.000824 303.22 3.25
E 41 47 0.016372 0.002268 266.74 7.40
E 41 50 0.020322 0.002544 311.59 3.75
E 41 53 0.016713 0.000593 311.05 3.31
E 41 54 0.021275 0.002171 371.39 1.72
E 42 50 0.019387 0.002332 320.66 1.27
E 42 54 0.019962 0.004451 325.53 117.71
E 42 60 0.018172 0.003731 324.06 2.33
E 43 45 0.020213 0.005068 289.72 0.99
E 43 49 0.023921 0.005879 418.67 0.86
E 43 56 0.021419 0.005146 349.81 1.20
E 43 57 0.021910 0.003817 353.46 7.68
E 43 58 0.018575 0.002225 295.77 1.56
E 45 56 0.021036 0.004576 347.25 0.83
E 45 57 0.021886 0.005309 318.89 2.25
E 45 58 0.020258 0.005107 324.99 3.21
E 46 51 0.017136 0.004884 251.18 3.89
E 46 52 0.017137 0.005427 254.81 1.33
E 47 50 0.020528 0.001487 322.77 0.26
E 48 55 0.018832 0.002712 334.13 2.75
E 49 56 0.021564 0.004123 342.08 0.85
E 49 57 0.022097 0.004795 334.73 2.01
E 49 59 0.021733 0.004550 363.25 0.03
E 50 53 0.019390 0.002332 301.79 1.47
E 50 54 0.019790 0.004224 344.52 1.05
E 50 60 0.020324 0.003089 344.11 1.10
E 51 52 0.015349 0.002282 254.35 0.03
E 53 54 0.019945 0.004460 292.64 46.47
E 54 60 0.020158 0.004697 307.83 0.38
E 56 57 0.021885 0.005635 325.56 0.05
E 56 58 0.021610 0.005395 366.83 0.15
E 57 58 0.021859 0.003682 311.68 0.10
END

SECTION Terminals
Root 34
Terminals 18
T 46
T 27
T 60
T 6
T 17
T 53
T 3
T 52
T 1
T 45
T 58
T 51
T 59
T 14
T 41
T 40
T 19
T 20
END

EOF
