SECTION Comment
CREATOR "Carlos Araujo"
REMARK "Instance for QoS Multicast Routing Problem"
QoS METRICS "delay, jitter, bandwidth and estimate of link duration"
END

SECTION Graph
Nodes 40
Edges 413

E 1 3 0.025233 0.002849 378.38 22.69
E 1 4 0.027599 0.003651 401.62 0.98
E 1 6 0.034435 0.005648 476.86 2.91
E 1 7 0.025320 0.003190 383.79 0.01
E 1 8 0.007602 0.000160 776.00 2.38
E 1 9 0.029356 0.002854 422.30 0.40
E 1 11 0.028850 0.004723 402.53 0.18
E 1 12 0.037377 0.003618 471.61 8.30
E 1 13 0.032101 0.004327 459.98 0.04
E 1 17 0.032671 0.002205 431.15 1.37
E 1 18 0.027653 0.000904 444.46 2.73
E 1 19 0.025295 0.003322 370.30 0.76
E 1 20 0.025615 0.003350 416.61 0.28
E 1 21 0.025614 0.002667 402.18 0.93
E 1 22 0.027483 0.001017 442.62 1.44
E 1 23 0.031974 0.002571 441.68 1.34
E 1 25 0.025615 0.002667 379.48 1.78
E 1 26 0.030706 0.002917 426.01 0.05
E 1 33 0.007602 0.000160 776.00 2.74
E 1 34 0.025614 0.002667 426.39 0.58
E 1 36 0.025575 0.002571 397.23 1.69
E 1 40 0.030616 0.002111 446.34 31.61
E 2 5 0.025939 0.002689 422.44 9.19
E 2 6 0.034377 0.005507 458.95 1394.96
E 2 8 0.025651 0.002714 370.89 8.01
E 2 10 0.027425 0.003004 406.58 3.41
E 2 11 0.032854 0.006633 449.82 2.12
E 2 12 0.031321 0.005857 459.22 0.05
E 2 13 0.033080 0.000594 667.21 0.01
E 2 14 0.022680 0.001473 352.68 42.14
E 2 15 0.023795 0.006413 373.09 65.99
E 2 16 0.020172 0.001093 323.00 0.96
E 2 17 0.028131 0.002940 391.32 108.33
E 2 23 0.030465 0.003004 418.51 1.26
E 2 27 0.023797 0.001652 363.19 0.05
E 2 29 0.031145 0.002261 457.48 0.53
E 2 30 0.022294 0.002578 311.41 0.25
E 2 31 0.023196 0.002220 348.68 0.11
E 2 32 0.027979 0.004418 377.52 1.10
E 2 37 0.029106 0.003775 426.96 621.84
E 2 40 0.029895 0.003004 462.23 49.16
E 3 4 0.007698 0.000032 788.00 12.97
E 3 7 0.026224 0.003409 408.71 296.75
E 3 11 0.026294 0.002736 440.01 0.07
E 3 12 0.004177 0.000000 464.00 2.50
E 3 13 0.003121 0.000000 332.00 16.63
E 3 17 0.031722 0.002180 525.94 131.38
E 3 18 0.002641 0.000000 272.00 0.03
E 3 19 0.023309 0.002736 385.94 75.31
E 3 20 0.021745 0.003247 364.87 19.70
E 3 21 0.021465 0.002754 337.66 23.22
E 3 22 0.010371 0.000064 1064.00 24.97
E 3 25 0.024102 0.002736 371.57 0.00
E 3 26 0.005698 0.000032 596.00 73.95
E 3 34 0.025430 0.003608 382.05 53.77
E 3 36 0.022733 0.002180 301.69 33.35
E 3 40 0.033080 0.000000 347.48 24.30
E 4 5 0.029653 0.002663 436.58 0.62
E 4 6 0.033489 0.004163 477.78 1.51
E 4 8 0.030329 0.004585 457.57 0.19
E 4 9 0.029226 0.003658 416.09 6.53
E 4 10 0.028002 0.001307 407.21 0.03
E 4 11 0.028964 0.005382 457.53 2.18
E 4 12 0.039609 0.005936 468.32 3.87
E 4 13 0.032379 0.004325 496.67 0.34
E 4 17 0.029746 0.001682 436.75 1.26
E 4 18 0.028251 0.001714 422.76 1.62
E 4 22 0.028068 0.001294 392.09 0.40
E 4 23 0.030343 0.002162 454.38 0.00
E 4 24 0.027897 0.001386 405.80 0.67
E 4 26 0.028274 0.001863 416.72 11.20
E 4 29 0.031032 0.002433 447.86 1.73
E 4 30 0.028064 0.001005 397.76 94.68
E 4 33 0.028067 0.001575 419.59 1.97
E 4 34 0.027005 0.004723 351.87 1.00
E 4 35 0.027940 0.001416 409.08 77.48
E 4 36 0.027816 0.001251 409.11 0.00
E 4 38 0.028295 0.003141 416.90 0.00
E 4 39 0.027976 0.001594 425.17 0.00
E 4 40 0.030018 0.001374 420.98 5.82
E 5 6 0.033104 0.003651 490.92 0.71
E 5 8 0.027470 0.003015 404.44 0.66
E 5 9 0.027822 0.000791 426.01 98.11
E 5 10 0.027968 0.002337 417.31 0.41
E 5 12 0.030371 0.005189 476.13 7.82
E 5 13 0.038582 0.007906 524.94 2.22
E 5 14 0.026625 0.002390 410.78 2.65
E 5 17 0.029504 0.002279 437.09 0.30
E 5 18 0.029937 0.002785 417.43 1.29
E 5 22 0.029937 0.002785 433.45 0.42
E 5 23 0.031183 0.002968 466.00 0.45
E 5 24 0.001969 0.000000 188.00 0.48
E 5 26 0.028711 0.002374 431.89 1.81
E 5 29 0.031206 0.002504 439.69 42.65
E 5 30 0.026084 0.002294 412.49 17.52
E 5 31 0.026062 0.003008 406.61 6.26
E 5 32 0.028145 0.005062 409.62 1.34
E 5 33 0.029270 0.002528 422.20 1.11
E 5 37 0.028895 0.003723 446.74 1.46
E 5 40 0.030278 0.002018 410.70 0.37
E 6 7 0.036528 0.004777 489.93 2.23
E 6 8 0.033103 0.003651 440.05 1.36
E 6 9 0.033718 0.005179 481.05 558.30
E 6 10 0.033137 0.003557 462.96 3.15
E 6 11 0.034222 0.005718 481.43 32.67
E 6 12 0.033325 0.005797 452.11 163.57
E 6 13 0.033170 0.004483 486.45 2.52
E 6 14 0.031551 0.001405 437.84 3.49
E 6 17 0.033456 0.004041 469.66 0.08
E 6 18 0.032618 0.004165 443.91 0.06
E 6 19 0.034436 0.005905 449.59 0.45
E 6 20 0.034531 0.005027 544.53 1.34
E 6 21 0.034456 0.004854 517.07 34.06
E 6 22 0.032618 0.004165 469.91 0.54
E 6 23 0.033327 0.003557 520.07 2.95
E 6 25 0.034423 0.004726 480.61 4.26
E 6 26 0.033214 0.003964 470.69 2.79
E 6 29 0.033328 0.003557 484.23 2.56
E 6 30 0.031410 0.001640 453.35 211.04
E 6 31 0.030619 0.005458 466.84 43.27
E 6 32 0.033483 0.004167 426.74 3.61
E 6 33 0.032510 0.003889 475.17 0.10
E 6 34 0.034279 0.004348 463.71 0.23
E 6 36 0.031696 0.004664 404.91 1.83
E 6 37 0.033325 0.003818 478.56 1.75
E 6 40 0.033327 0.003557 477.60 9.92
E 7 9 0.032129 0.003901 473.76 4.21
E 7 11 0.028722 0.004561 413.66 22.73
E 7 12 0.039356 0.004918 453.77 0.39
E 7 13 0.034986 0.005556 492.69 0.00
E 7 17 0.032671 0.002650 397.01 2.28
E 7 18 0.027993 0.000000 554.83 1.94
E 7 19 0.022431 0.004433 378.33 2.21
E 7 20 0.022153 0.003268 353.93 15.40
E 7 21 0.022168 0.003126 361.56 0.36
E 7 22 0.010371 0.000064 1064.00 6.19
E 7 25 0.022153 0.003157 389.51 1.32
E 7 26 0.005698 0.000032 596.00 242.76
E 7 34 0.023701 0.003240 377.32 1.12
E 7 36 0.025027 0.002874 452.78 0.41
E 7 40 0.032232 0.004119 416.44 0.23
E 8 9 0.027821 0.000791 406.81 10.29
E 8 10 0.027952 0.003307 427.01 0.73
E 8 11 0.028502 0.000509 524.67 20.79
E 8 12 0.030371 0.005189 425.26 15.11
E 8 13 0.038407 0.007680 527.50 0.59
E 8 14 0.027448 0.003349 405.80 0.30
E 8 17 0.029522 0.003562 439.97 0.66
E 8 18 0.030423 0.004585 428.49 1.72
E 8 22 0.030423 0.004585 447.14 2.07
E 8 23 0.031182 0.003562 495.99 0.36
E 8 24 0.027993 0.002035 578.60 0.81
E 8 26 0.027938 0.003482 395.38 1.66
E 8 29 0.031206 0.003562 450.01 67.37
E 8 30 0.027672 0.003293 427.92 5.92
E 8 31 0.027449 0.003349 420.89 3.30
E 8 32 0.028145 0.005062 425.73 0.62
E 8 33 0.029140 0.003759 430.83 1.92
E 8 37 0.028895 0.003723 470.22 0.74
E 8 40 0.030279 0.003562 458.22 0.27
E 9 10 0.027699 0.002363 450.05 0.80
E 9 11 0.030026 0.006373 431.33 0.42
E 9 12 0.037377 0.003618 517.75 4.18
E 9 13 0.031879 0.005267 447.69 1.21
E 9 17 0.029746 0.002326 457.00 26.21
E 9 18 0.029225 0.003739 408.53 850.74
E 9 20 0.027129 0.007395 411.04 0.28
E 9 21 0.028509 0.001470 422.92 76.29
E 9 22 0.029225 0.003739 452.53 30.62
E 9 23 0.029912 0.002219 451.83 1.24
E 9 24 0.028043 0.002794 402.40 4.36
E 9 26 0.029224 0.003739 481.83 0.53
E 9 29 0.030607 0.002100 468.82 10.53
E 9 30 0.026521 0.001243 371.50 5.13
E 9 33 0.029188 0.003786 424.98 155.74
E 9 34 0.028509 0.002312 439.72 30.30
E 9 35 0.028056 0.002740 436.80 2.81
E 9 36 0.029273 0.003675 452.25 1.22
E 9 38 0.028504 0.003749 405.76 2.06
E 9 39 0.028055 0.002740 395.31 0.79
E 9 40 0.029658 0.001696 434.66 6.72
E 10 11 0.029982 0.006015 449.39 0.07
E 10 12 0.030837 0.005797 464.54 1.11
E 10 13 0.032268 0.004513 489.87 2.06
E 10 14 0.027984 0.001402 440.23 16.12
E 10 15 0.030112 0.000933 435.70 0.12
E 10 17 0.029475 0.001550 438.36 1.85
E 10 18 0.027995 0.001135 417.35 3.36
E 10 22 0.027995 0.001129 405.79 5.18
E 10 23 0.031260 0.002952 447.69 0.05
E 10 26 0.028073 0.001901 425.14 0.10
E 10 27 0.030112 0.000933 565.28 1.21
E 10 29 0.031108 0.002704 486.91 2.23
E 10 30 0.027977 0.001289 423.67 0.27
E 10 31 0.028011 0.003222 399.35 0.32
E 10 32 0.028033 0.004792 416.72 0.06
E 10 33 0.027995 0.001696 403.18 2.57
E 10 37 0.028963 0.003818 424.20 3.21
E 10 40 0.030287 0.001338 439.22 0.40
E 11 12 0.031017 0.006675 491.37 0.47
E 11 13 0.032110 0.004850 489.63 0.37
E 11 16 0.026409 0.001968 580.48 766.15
E 11 17 0.029409 0.005056 407.83 13.59
E 11 19 0.028496 0.003945 416.70 7.95
E 11 20 0.028771 0.004274 473.87 0.77
E 11 21 0.029054 0.004395 422.63 0.06
E 11 23 0.030492 0.004984 437.50 0.05
E 11 25 0.028756 0.004304 416.41 108.89
E 11 26 0.030219 0.006318 434.15 0.11
E 11 29 0.030973 0.004984 436.30 0.76
E 11 32 0.029888 0.006476 446.26 0.07
E 11 34 0.028885 0.004216 415.77 2.79
E 11 37 0.029179 0.005219 415.81 43.96
E 11 40 0.029907 0.004984 418.39 0.83
E 12 13 0.036516 0.005233 514.09 36.42
E 12 14 0.030995 0.005466 467.90 30.84
E 12 15 0.031823 0.006234 445.03 292.03
E 12 16 0.029689 0.002374 368.35 1.27
E 12 17 0.030837 0.005797 460.00 26.95
E 12 18 0.039608 0.005937 572.11 180.47
E 12 19 0.039609 0.005936 551.38 49.15
E 12 20 0.037377 0.003618 526.94 4.80
E 12 22 0.039608 0.005937 709.51 8.37
E 12 23 0.031219 0.005627 489.83 1.03
E 12 25 0.036302 0.007123 493.63 42.66
E 12 26 0.039607 0.005937 532.77 2.32
E 12 27 0.031820 0.006067 475.41 9.09
E 12 29 0.031563 0.005739 453.24 32.32
E 12 30 0.039607 0.005937 663.83 0.37
E 12 31 0.030706 0.005830 472.47 0.31
E 12 32 0.031361 0.006025 473.25 0.84
E 12 33 0.039609 0.005936 439.83 50.12
E 12 34 0.039610 0.005936 481.23 0.00
E 12 37 0.031250 0.005885 443.88 82.51
E 12 40 0.031200 0.005627 449.47 136.24
E 13 14 0.037827 0.005233 484.24 0.07
E 13 15 0.033080 0.000000 448.59 0.36
E 13 17 0.032529 0.004723 496.36 1.70
E 13 18 0.032381 0.004325 459.71 2.75
E 13 19 0.037998 0.004749 576.47 0.90
E 13 20 0.031056 0.004059 416.61 0.12
E 13 21 0.031289 0.004223 444.68 8.13
E 13 22 0.032264 0.004216 445.37 1.25
E 13 23 0.032398 0.004601 474.77 6.62
E 13 25 0.032200 0.004463 459.01 2.84
E 13 26 0.032379 0.004325 453.92 0.24
E 13 27 0.033080 0.000226 509.72 134.04
E 13 29 0.032380 0.004608 458.65 2.79
E 13 30 0.038506 0.004070 485.99 3.59
E 13 31 0.033078 0.000226 787.99 131.89
E 13 32 0.036174 0.005512 490.40 7.13
E 13 33 0.032381 0.004325 473.82 2.82
E 13 34 0.032102 0.004327 444.07 1.11
E 13 36 0.031497 0.005332 434.15 60.83
E 13 37 0.039964 0.007157 558.55 2.89
E 13 39 0.005794 0.000128 608.00 22.03
E 13 40 0.032398 0.004601 481.85 16.82
E 14 15 0.024635 0.004183 390.40 110.95
E 14 16 0.002097 0.000000 204.00 0.35
E 14 17 0.029000 0.001803 403.30 4.00
E 14 23 0.032321 0.002661 461.54 176.59
E 14 26 0.029750 0.002282 446.80 1.23
E 14 27 0.024870 0.001832 416.45 38.91
E 14 29 0.032229 0.001267 446.49 1.25
E 14 30 0.019582 0.000557 313.70 8.68
E 14 31 0.019316 0.003881 319.41 215.87
E 14 32 0.028410 0.003555 409.57 12.34
E 14 37 0.029148 0.003731 440.65 2.92
E 14 40 0.031364 0.001250 453.21 23.73
E 15 16 0.021595 0.005444 352.31 536.99
E 15 23 0.032797 0.003279 509.00 0.25
E 15 27 0.021598 0.005311 340.23 73.91
E 15 29 0.032691 0.004184 406.13 34.36
E 15 31 0.023582 0.001696 400.79 5.92
E 15 32 0.027803 0.005624 420.05 0.50
E 15 37 0.029356 0.005870 456.25 0.64
E 15 40 0.031724 0.001987 380.89 0.63
E 16 19 0.023277 0.002544 364.69 1.71
E 16 20 0.025616 0.002035 554.29 4.94
E 16 21 0.022565 0.001781 323.34 115.70
E 16 23 0.035115 0.003392 528.44 0.01
E 16 25 0.023413 0.002009 339.49 2.37
E 16 27 0.017721 0.000842 281.68 6.63
E 16 29 0.032400 0.002520 803.32 0.24
E 16 32 0.028602 0.002205 443.50 64.63
E 16 34 0.026000 0.004537 450.12 12.37
E 16 37 0.031045 0.004313 489.98 2.14
E 17 18 0.029718 0.001676 410.70 0.12
E 17 19 0.031771 0.002307 427.89 0.63
E 17 20 0.031723 0.000848 431.19 0.71
E 17 21 0.035455 0.000170 380.71 14.09
E 17 22 0.029718 0.001676 416.20 0.53
E 17 23 0.031049 0.002780 437.62 1.29
E 17 24 0.032211 0.001545 414.31 1.19
E 17 25 0.032288 0.001545 369.79 0.18
E 17 26 0.029815 0.001967 455.46 0.78
E 17 29 0.030948 0.002467 434.38 69.30
E 17 30 0.029340 0.001817 418.73 19.85
E 17 31 0.028480 0.002431 415.58 26.09
E 17 32 0.029028 0.005030 419.29 4.80
E 17 33 0.029718 0.001722 453.90 0.12
E 17 34 0.032605 0.002222 500.14 0.69
E 17 35 0.024358 0.000896 2580.00 1.12
E 17 36 0.033103 0.002035 526.20 0.88
E 17 37 0.029205 0.003699 421.37 0.55
E 17 39 0.035454 0.001545 547.04 0.77
E 17 40 0.030117 0.001550 426.43 0.41
E 18 22 0.026488 0.000972 406.88 0.33
E 18 23 0.030663 0.002580 431.70 1.65
E 18 24 0.026314 0.001070 394.81 0.41
E 18 26 0.028143 0.001666 396.74 1.55
E 18 29 0.031033 0.002433 464.85 3.78
E 18 30 0.026282 0.001113 370.34 291.19
E 18 33 0.026628 0.001413 397.54 0.26
E 18 35 0.026275 0.001113 385.45 1.17
E 18 36 0.026266 0.001159 365.71 1.47
E 18 38 0.026275 0.002589 386.61 1.10
E 18 39 0.026294 0.001416 404.68 1.66
E 18 40 0.029941 0.001209 418.76 17.68
E 19 20 0.021541 0.004658 339.63 0.59
E 19 21 0.021948 0.004658 345.91 10.96
E 19 23 0.032537 0.003460 473.99 2.48
E 19 25 0.021823 0.004388 354.50 0.10
E 19 29 0.032910 0.002120 431.21 25.59
E 19 34 0.023713 0.004791 383.82 0.41
E 19 40 0.030663 0.002103 391.84 1.16
E 20 21 0.021949 0.003003 352.11 1.19
E 20 23 0.035624 0.003901 446.18 1.75
E 20 25 0.021827 0.003067 337.19 1.27
E 20 29 0.032401 0.002035 386.03 0.87
E 20 34 0.023720 0.003067 383.22 0.83
E 20 40 0.032232 0.000848 434.35 0.70
E 21 23 0.030131 0.002114 426.38 0.04
E 21 25 0.021991 0.000509 347.99 20.69
E 21 29 0.030677 0.002601 442.31 0.57
E 21 34 0.023681 0.001841 354.83 1.74
E 21 40 0.029750 0.000696 417.04 0.66
E 22 23 0.030535 0.002449 410.55 3.13
E 22 24 0.026423 0.001004 392.94 0.09
E 22 26 0.028143 0.001666 430.91 1.22
E 22 29 0.031007 0.002613 475.54 4.16
E 22 30 0.026318 0.000859 382.84 59.04
E 22 33 0.026628 0.001413 423.60 0.27
E 22 35 0.026371 0.000955 365.64 2.92
E 22 36 0.026294 0.001148 382.78 7.22
E 22 38 0.026216 0.002589 382.77 2.81
E 22 39 0.026370 0.001416 399.10 3.55
E 22 40 0.029941 0.000862 418.13 2.18
E 23 25 0.030520 0.002418 449.55 3.15
E 23 26 0.030662 0.002580 464.47 0.38
E 23 27 0.034181 0.004579 457.93 0.57
E 23 29 0.031316 0.002606 453.12 0.81
E 23 30 0.032909 0.004014 478.44 0.21
E 23 31 0.034180 0.004579 428.77 0.14
E 23 32 0.031145 0.004792 449.04 0.09
E 23 33 0.030663 0.002580 454.83 2.18
E 23 34 0.030519 0.002418 418.75 0.38
E 23 37 0.031310 0.003824 452.96 2.56
E 23 40 0.031258 0.002575 461.48 0.05
E 24 26 0.028113 0.001771 421.20 8.90
E 24 30 0.027484 0.002035 370.87 3.01
E 24 33 0.026578 0.001615 392.70 0.78
E 24 35 0.018483 0.000410 293.24 3.52
E 24 36 0.021463 0.000551 338.42 12.57
E 24 38 0.018483 0.002125 303.65 6.54
E 24 39 0.020243 0.002714 334.33 27.98
E 25 29 0.030997 0.002532 464.64 2.54
E 25 34 0.023711 0.001883 370.51 0.35
E 25 40 0.029910 0.000730 434.30 3.88
E 26 29 0.031077 0.002476 459.83 7.87
E 26 30 0.028061 0.001901 384.43 0.84
E 26 31 0.030076 0.002181 524.38 1.68
E 26 33 0.028128 0.001637 384.95 2.37
E 26 35 0.028130 0.001807 424.92 8.22
E 26 36 0.028013 0.001688 460.39 0.71
E 26 37 0.033674 0.005427 474.81 4.85
E 26 38 0.027819 0.002016 402.97 0.00
E 26 39 0.028130 0.001807 415.09 202.29
E 26 40 0.030181 0.001728 429.45 4.09
E 27 29 0.033248 0.002121 501.17 0.31
E 27 31 0.022224 0.000226 353.13 0.06
E 27 32 0.027804 0.004181 444.80 0.52
E 27 37 0.029187 0.003825 432.17 106.81
E 27 40 0.034211 0.003957 375.15 13.66
E 29 30 0.033419 0.002714 508.50 0.36
E 29 31 0.033419 0.002714 405.87 0.79
E 29 32 0.031169 0.004558 464.31 0.56
E 29 33 0.031032 0.002433 457.29 1.46
E 29 34 0.030996 0.002532 455.49 424.29
E 29 37 0.031127 0.003824 479.96 1.76
E 29 40 0.031157 0.002179 432.25 113.74
E 30 31 0.019729 0.004598 310.30 0.04
E 30 33 0.026563 0.001578 399.46 83.10
E 30 37 0.031044 0.004312 502.85 81.35
E 30 40 0.031849 0.002077 434.49 3.70
E 31 32 0.028428 0.002374 378.42 0.24
E 31 37 0.029187 0.003825 415.22 33.08
E 31 40 0.034210 0.003957 516.00 3.26
E 32 37 0.029229 0.004725 425.38 7.08
E 32 40 0.030266 0.004792 423.44 0.29
E 33 35 0.026578 0.001615 375.28 0.72
E 33 36 0.026593 0.001638 395.55 1.05
E 33 38 0.026579 0.002679 382.14 0.86
E 33 39 0.026587 0.001578 372.01 1.29
E 33 40 0.029990 0.001767 452.61 2.44
E 34 40 0.029925 0.002273 441.45 0.04
E 35 36 0.021465 0.000440 327.06 0.07
E 35 38 0.017912 0.001995 298.82 0.05
E 35 39 0.020234 0.002611 318.72 0.21
E 36 38 0.021463 0.001929 337.91 2.20
E 36 39 0.021465 0.002436 364.89 38.53
E 37 40 0.030275 0.003919 465.20 11.08
E 38 39 0.020262 0.002661 319.07 321.45
END

SECTION Terminals
Root 36
Terminals 10
T 5
T 25
T 20
T 10
T 17
T 14
T 21
T 40
T 31
T 38
END

EOF