SECTION Comment
CREATOR "Carlos Araujo"
REMARK "Instance for QoS Multicast Routing Problem"
QoS METRICS "delay, jitter, bandwidth and estimate of link duration"
END

SECTION Graph
Nodes 80
Edges 1875

E 1 3 0.031366 0.003817 443.70 1.29
E 1 5 0.036234 0.006510 484.40 4.02
E 1 6 0.033362 0.004050 497.51 1.09
E 1 7 0.029614 0.004155 432.24 1.45
E 1 8 0.034602 0.004041 491.31 4.93
E 1 9 0.029531 0.003477 430.79 1.21
E 1 11 0.028526 0.004051 436.19 3.75
E 1 12 0.035305 0.005586 509.20 0.98
E 1 13 0.031721 0.004053 452.47 1.56
E 1 14 0.037286 0.004342 567.06 4.43
E 1 16 0.036132 0.007001 508.14 1.81
E 1 17 0.032711 0.003497 464.67 1.30
E 1 18 0.032804 0.003543 457.80 1.22
E 1 19 0.028251 0.003616 426.89 1.85
E 1 20 0.028515 0.003406 418.11 1.89
E 1 21 0.028626 0.003369 427.55 4.03
E 1 22 0.034185 0.003980 495.37 0.45
E 1 23 0.033001 0.003901 477.07 0.87
E 1 24 0.034937 0.004627 484.00 1.42
E 1 25 0.028626 0.003369 423.99 1.69
E 1 26 0.034704 0.003877 478.87 0.94
E 1 27 0.037285 0.004342 521.11 3.20
E 1 29 0.036895 0.006972 457.94 0.87
E 1 30 0.035745 0.005042 470.49 2.67
E 1 31 0.036131 0.004900 505.58 1.13
E 1 33 0.034528 0.004667 463.41 1.93
E 1 34 0.028514 0.003406 431.26 2.00
E 1 35 0.035467 0.004690 515.70 115.28
E 1 36 0.028972 0.003220 428.01 1.80
E 1 37 0.036895 0.005020 594.51 1.49
E 1 38 0.036106 0.004264 503.86 2.33
E 1 39 0.035212 0.004777 454.37 0.20
E 1 40 0.033592 0.003210 490.80 0.99
E 1 41 0.030601 0.003253 429.01 3.32
E 1 42 0.028808 0.003452 419.27 1.51
E 1 43 0.034146 0.005176 462.76 1.59
E 1 44 0.039057 0.007377 620.49 26.50
E 1 46 0.028586 0.003323 427.68 3.25
E 1 47 0.030328 0.004397 421.44 2.85
E 1 48 0.040201 0.002714 458.56 2.68
E 1 49 0.028627 0.003731 409.56 3.17
E 1 50 0.036895 0.004324 476.79 0.82
E 1 51 0.031108 0.003025 440.58 1.10
E 1 52 0.028640 0.003304 436.64 1.07
E 1 53 0.034071 0.004276 459.25 0.09
E 1 54 0.034033 0.003611 475.04 0.98
E 1 55 0.027270 0.003166 408.75 2.01
E 1 56 0.034072 0.004276 456.54 1.88
E 1 57 0.036878 0.003595 452.68 1.28
E 1 59 0.032658 0.005708 448.23 1.34
E 1 61 0.029686 0.003079 437.06 1.36
E 1 63 0.033636 0.003142 501.42 1.32
E 1 64 0.036895 0.004817 524.01 1.48
E 1 65 0.043061 0.010660 570.34 0.60
E 1 66 0.031488 0.003199 460.94 1.32
E 1 67 0.032726 0.005307 454.01 0.25
E 1 68 0.034159 0.003841 470.29 1.05
E 1 69 0.036878 0.003595 518.78 0.73
E 1 70 0.041221 0.006173 566.07 3.61
E 1 71 0.032542 0.006204 465.40 1.82
E 1 72 0.028514 0.003406 431.10 6.49
E 1 73 0.026477 0.003897 388.70 0.75
E 1 74 0.032713 0.003768 467.51 1.23
E 1 77 0.036118 0.004838 487.96 2.09
E 1 79 0.034761 0.004449 486.36 7.21
E 2 6 0.034377 0.005507 495.92 1527.62
E 2 10 0.027799 0.002539 416.85 85.90
E 2 11 0.032854 0.006633 455.34 2.12
E 2 12 0.031321 0.005857 408.12 3.40
E 2 13 0.031078 0.005022 438.64 0.97
E 2 14 0.026538 0.003355 398.55 1.67
E 2 15 0.024868 0.004377 375.90 9.23
E 2 16 0.020328 0.002123 337.72 1593.76
E 2 17 0.028131 0.002940 408.22 1727.93
E 2 23 0.032857 0.004417 450.54 22.78
E 2 25 0.038337 0.001272 484.42 0.31
E 2 27 0.025075 0.002584 380.59 0.02
E 2 29 0.031092 0.003088 460.35 911.17
E 2 30 0.022294 0.002578 394.97 1.66
E 2 31 0.022681 0.002012 359.80 1553.34
E 2 32 0.027071 0.003842 432.54 1128.59
E 2 37 0.031172 0.004681 434.29 977.94
E 2 40 0.033834 0.003154 476.77 1491.17
E 2 41 0.029307 0.003914 416.57 1134.04
E 2 44 0.027969 0.003926 454.57 7.02
E 2 48 0.022653 0.003585 361.05 0.08
E 2 50 0.022609 0.002064 341.58 460.49
E 2 52 0.027597 0.001413 421.24 1523.89
E 2 57 0.022597 0.002078 381.08 0.29
E 2 58 0.022527 0.004521 348.34 1139.95
E 2 60 0.022493 0.001916 355.84 1150.72
E 2 62 0.022355 0.001664 350.13 6.40
E 2 63 0.033257 0.003046 475.23 1317.53
E 2 64 0.025795 0.004098 391.76 1279.05
E 2 65 0.030468 0.006589 441.17 555.53
E 2 68 0.031169 0.003606 465.08 1520.82
E 2 69 0.023094 0.002555 354.96 1036.00
E 2 70 0.026650 0.002408 397.15 0.30
E 2 71 0.037761 0.004274 458.20 1588.06
E 2 72 0.005906 0.000192 564.00 72.04
E 2 76 0.022545 0.001652 354.33 0.67
E 2 77 0.031705 0.003068 437.52 0.42
E 2 78 0.021361 0.004163 314.82 40.55
E 2 80 0.025730 0.017525 395.91 0.34
E 3 4 0.032991 0.002186 499.17 14.36
E 3 5 0.034423 0.003198 458.74 63.14
E 3 7 0.031924 0.003853 440.64 0.98
E 3 8 0.033963 0.003154 491.19 1.42
E 3 9 0.033755 0.003053 431.75 0.28
E 3 11 0.029655 0.002929 441.44 179.47
E 3 12 0.036078 0.005400 505.07 3.14
E 3 13 0.033081 0.000000 664.03 7.78
E 3 18 0.033755 0.003053 486.36 0.16
E 3 21 0.029236 0.002927 447.55 6.58
E 3 22 0.033766 0.002798 464.52 0.13
E 3 23 0.039015 0.006506 487.59 0.29
E 3 24 0.033757 0.003053 493.41 1.16
E 3 25 0.029655 0.002929 436.37 17.58
E 3 26 0.035009 0.002949 496.65 2.02
E 3 29 0.037693 0.006590 552.99 0.00
E 3 30 0.035083 0.003133 499.77 1.57
E 3 33 0.033767 0.004247 505.16 0.25
E 3 35 0.034024 0.002960 471.83 2.37
E 3 36 0.031640 0.003229 442.12 7.50
E 3 38 0.035227 0.004248 483.47 9.21
E 3 39 0.033757 0.003116 446.50 1.54
E 3 42 0.030042 0.003842 448.24 0.19
E 3 43 0.033756 0.005088 474.32 1.57
E 3 53 0.033756 0.003336 525.43 0.10
E 3 56 0.034024 0.002960 446.44 4.80
E 3 67 0.033754 0.006753 484.79 2.06
E 3 72 0.029656 0.002999 445.46 66.64
E 3 73 0.024472 0.006841 385.83 3.55
E 3 74 0.034782 0.003515 487.53 0.61
E 3 77 0.039038 0.006433 518.90 1.90
E 3 79 0.034464 0.004718 491.45 91.42
E 4 5 0.031528 0.003804 451.17 2.83
E 4 6 0.033215 0.003894 495.13 0.67
E 4 7 0.034066 0.004687 508.95 66.55
E 4 8 0.031779 0.003706 463.21 8.05
E 4 9 0.028898 0.003181 455.52 7.80
E 4 11 0.028964 0.005382 465.68 46.59
E 4 13 0.032262 0.004216 463.52 246.90
E 4 17 0.031125 0.002509 443.22 24.17
E 4 22 0.027402 0.001399 404.34 25.52
E 4 23 0.030343 0.002162 496.38 0.84
E 4 24 0.026424 0.001218 370.68 6.89
E 4 26 0.029555 0.002150 451.09 0.22
E 4 30 0.027669 0.001274 408.77 1.25
E 4 31 0.029145 0.001018 434.57 2.46
E 4 33 0.028156 0.002300 414.62 34.11
E 4 35 0.026380 0.001240 395.71 0.13
E 4 36 0.026466 0.001581 400.89 0.20
E 4 38 0.026401 0.001660 386.21 11.89
E 4 39 0.026414 0.003407 391.55 2.36
E 4 42 0.027672 0.001675 390.01 178.31
E 4 43 0.030801 0.006084 451.20 46.19
E 4 46 0.026098 0.001666 385.10 37.57
E 4 49 0.026034 0.003564 378.11 37.40
E 4 51 0.030217 0.003220 436.26 2.45
E 4 52 0.027005 0.002282 378.25 0.56
E 4 56 0.026445 0.001934 388.86 4.72
E 4 59 0.032722 0.005780 462.46 24.61
E 4 61 0.029194 0.002152 429.24 24.76
E 4 66 0.031848 0.002865 465.15 24.42
E 4 67 0.032141 0.004805 494.13 8.56
E 4 68 0.031931 0.003103 435.62 0.43
E 4 74 0.031059 0.001652 460.43 16.86
E 4 75 0.025295 0.001073 387.21 0.34
E 4 77 0.033278 0.003474 454.09 0.57
E 4 79 0.030795 0.004042 424.14 0.71
E 5 6 0.032618 0.003192 452.91 31.02
E 5 7 0.035155 0.003950 476.67 1.92
E 5 8 0.029803 0.002861 428.34 3.18
E 5 9 0.032892 0.003834 459.29 46.65
E 5 10 0.028629 0.002555 454.04 0.95
E 5 11 0.034606 0.003024 454.94 0.40
E 5 12 0.032475 0.005238 457.86 1.12
E 5 13 0.034570 0.005414 459.02 1.49
E 5 14 0.028453 0.002849 430.83 2.56
E 5 16 0.034606 0.007873 434.37 20.68
E 5 17 0.030821 0.002812 471.34 72.19
E 5 18 0.032144 0.003724 466.29 2.89
E 5 19 0.034606 0.004664 458.73 22.16
E 5 20 0.035182 0.002476 475.01 21.23
E 5 21 0.035181 0.002476 478.29 0.78
E 5 22 0.032146 0.003746 463.04 35.54
E 5 23 0.032881 0.003840 455.58 19.19
E 5 24 0.033292 0.003467 465.44 1.91
E 5 25 0.034605 0.003602 526.85 0.30
E 5 26 0.032316 0.003168 463.53 1.32
E 5 27 0.032876 0.003763 450.89 0.10
E 5 29 0.032009 0.003818 474.33 18.34
E 5 30 0.029207 0.002795 431.98 8.01
E 5 31 0.029179 0.002876 437.57 30.67
E 5 33 0.031822 0.003589 478.13 12.16
E 5 34 0.035183 0.004232 487.17 19.94
E 5 35 0.032948 0.002922 463.38 0.76
E 5 36 0.033191 0.003254 431.00 0.11
E 5 37 0.029827 0.004088 448.79 11.03
E 5 38 0.034750 0.003126 443.58 21.46
E 5 39 0.034570 0.003098 482.48 1.90
E 5 40 0.032981 0.002619 470.19 34.21
E 5 42 0.034330 0.004928 548.99 19.30
E 5 43 0.032079 0.006282 493.55 3.36
E 5 44 0.028056 0.003632 438.67 6.89
E 5 46 0.033433 0.003068 486.42 88.27
E 5 47 0.034896 0.003271 517.85 91.25
E 5 49 0.034133 0.003222 486.60 87.49
E 5 50 0.023011 0.000812 375.91 10.55
E 5 51 0.032067 0.003675 470.48 31.93
E 5 52 0.034654 0.002633 481.74 31.95
E 5 53 0.032145 0.003724 473.47 3.22
E 5 54 0.031434 0.003292 422.09 35.48
E 5 55 0.035183 0.002476 469.62 18.75
E 5 56 0.032918 0.003935 470.67 0.10
E 5 57 0.027797 0.002544 418.57 0.23
E 5 59 0.032307 0.003988 451.31 74.87
E 5 61 0.031992 0.003582 442.08 76.22
E 5 63 0.032847 0.003346 474.82 15.65
E 5 64 0.026509 0.003142 370.36 11.18
E 5 65 0.027918 0.005766 425.49 0.00
E 5 66 0.032399 0.003569 454.19 73.53
E 5 67 0.033274 0.005900 465.99 7.78
E 5 68 0.034304 0.004595 504.01 32.74
E 5 69 0.027389 0.002522 394.30 8.67
E 5 70 0.028279 0.002682 434.64 1.85
E 5 71 0.034606 0.003418 473.58 20.23
E 5 72 0.035182 0.005215 533.13 7.02
E 5 73 0.033700 0.003935 636.46 0.22
E 5 74 0.033887 0.003576 487.05 4.92
E 5 77 0.035536 0.004223 510.93 0.27
E 5 79 0.032085 0.003896 453.34 2.76
E 6 7 0.034014 0.004070 471.24 0.84
E 6 8 0.032660 0.003201 470.05 1.89
E 6 9 0.033034 0.003851 455.18 0.34
E 6 10 0.032590 0.003073 434.27 8.10
E 6 11 0.034216 0.005718 492.12 31.39
E 6 12 0.032758 0.005174 495.81 2.43
E 6 13 0.032732 0.005056 456.03 7.22
E 6 14 0.031839 0.003188 456.96 392.98
E 6 15 0.033102 0.003053 458.15 5.04
E 6 18 0.032537 0.003285 445.59 0.17
E 6 21 0.034011 0.004327 465.98 9.06
E 6 22 0.032911 0.003850 475.35 0.05
E 6 23 0.032885 0.003703 470.82 0.25
E 6 24 0.031618 0.001590 397.30 0.83
E 6 25 0.033794 0.004042 456.40 56.02
E 6 26 0.032595 0.003529 476.82 2.12
E 6 27 0.032464 0.004216 450.89 122.69
E 6 29 0.033035 0.003491 483.00 0.00
E 6 30 0.032344 0.002544 434.12 1.52
E 6 33 0.032482 0.003380 459.14 0.19
E 6 35 0.031424 0.003710 475.67 2.35
E 6 36 0.032528 0.003401 491.69 17.63
E 6 38 0.031618 0.002098 503.90 7.19
E 6 39 0.031495 0.002405 425.17 1.14
E 6 42 0.034036 0.004667 451.88 0.28
E 6 43 0.032399 0.005766 456.88 4.16
E 6 44 0.032606 0.004131 484.94 50.54
E 6 48 0.031298 0.004383 437.83 107.25
E 6 50 0.031413 0.001573 496.84 0.02
E 6 53 0.032538 0.003285 469.27 0.10
E 6 56 0.032341 0.002394 473.90 7.86
E 6 57 0.031687 0.002296 461.51 35.39
E 6 65 0.032703 0.006537 474.87 0.23
E 6 67 0.033281 0.004583 474.68 9.21
E 6 69 0.031807 0.002469 439.55 45.12
E 6 70 0.032723 0.003241 458.82 418.34
E 6 72 0.034094 0.004061 478.93 133.28
E 6 73 0.038169 0.005088 588.83 28.34
E 6 74 0.033014 0.003409 462.94 0.50
E 6 77 0.035906 0.004379 472.92 1.50
E 6 79 0.032641 0.004277 469.84 49.25
E 7 8 0.035081 0.004487 462.61 0.91
E 7 9 0.033397 0.004836 512.79 0.10
E 7 11 0.028125 0.004162 422.74 22.90
E 7 12 0.035366 0.005734 483.28 2.60
E 7 13 0.033796 0.004887 452.02 2.67
E 7 14 0.037925 0.005815 534.73 3.36
E 7 16 0.036420 0.007001 504.59 1.44
E 7 17 0.032711 0.004026 461.11 0.99
E 7 18 0.034649 0.004794 514.79 0.52
E 7 19 0.026832 0.004295 388.45 1.47
E 7 20 0.027232 0.004097 396.05 1.50
E 7 21 0.028182 0.003893 437.38 2.04
E 7 22 0.034984 0.004877 499.48 0.63
E 7 23 0.037447 0.006013 592.97 0.69
E 7 24 0.034910 0.004737 488.06 0.11
E 7 25 0.027795 0.003966 406.57 2.21
E 7 26 0.035700 0.004710 501.63 0.83
E 7 27 0.037925 0.005814 550.52 1.89
E 7 29 0.037446 0.006972 553.03 1.47
E 7 30 0.035753 0.004535 482.60 1.33
E 7 31 0.036734 0.004240 462.67 0.87
E 7 33 0.034984 0.004877 516.61 0.11
E 7 34 0.027408 0.004162 389.02 1.59
E 7 35 0.034985 0.004877 460.56 0.42
E 7 36 0.031008 0.004119 442.39 7.81
E 7 37 0.039660 0.005223 605.08 0.85
E 7 38 0.035113 0.003521 453.97 0.83
E 7 39 0.034985 0.004877 487.68 0.88
E 7 40 0.037758 0.003720 493.99 0.75
E 7 41 0.032362 0.003574 439.88 3.06
E 7 42 0.028253 0.003757 411.73 0.88
E 7 43 0.035173 0.004997 478.64 5.10
E 7 44 0.039659 0.007377 601.31 5.39
E 7 46 0.030944 0.004219 428.55 2.62
E 7 47 0.025976 0.003400 408.55 2.21
E 7 48 0.037829 0.004070 491.24 1.86
E 7 49 0.030001 0.003937 413.72 2.55
E 7 50 0.039660 0.005223 514.13 1.09
E 7 51 0.031796 0.004062 459.73 0.85
E 7 52 0.027911 0.003871 419.48 0.82
E 7 53 0.034984 0.004877 449.62 0.53
E 7 54 0.034882 0.004288 492.11 0.73
E 7 55 0.025765 0.003731 417.50 1.60
E 7 56 0.034985 0.004877 458.13 0.78
E 7 57 0.039660 0.005223 583.11 6.41
E 7 59 0.032301 0.004142 457.17 1.03
E 7 61 0.031339 0.004148 454.56 1.05
E 7 63 0.036308 0.005221 465.67 1.06
E 7 64 0.039660 0.005223 566.78 1.22
E 7 65 0.043061 0.010660 591.50 0.20
E 7 66 0.032507 0.003858 461.62 1.01
E 7 67 0.034849 0.006725 503.37 7.29
E 7 68 0.035569 0.004031 509.61 0.80
E 7 69 0.039660 0.005223 619.26 1.33
E 7 70 0.041221 0.006173 586.83 2.72
E 7 71 0.032543 0.006204 441.34 1.44
E 7 72 0.027560 0.004097 413.40 8.00
E 7 73 0.024521 0.003616 368.46 22.49
E 7 74 0.033951 0.004123 461.33 0.68
E 7 77 0.037851 0.005593 497.32 0.28
E 7 79 0.035489 0.004410 534.81 2.21
E 8 9 0.032669 0.002455 451.18 0.63
E 8 10 0.028480 0.003782 425.49 4.99
E 8 11 0.032377 0.003041 431.22 0.21
E 8 12 0.032552 0.005392 447.18 0.13
E 8 13 0.037965 0.006684 478.45 1.71
E 8 14 0.028811 0.003690 403.85 2.67
E 8 15 0.011459 0.001024 1200.00 0.04
E 8 16 0.033183 0.007259 487.14 1.18
E 8 17 0.030950 0.003183 438.87 1.64
E 8 18 0.031775 0.003490 462.67 0.59
E 8 19 0.033183 0.003598 452.38 1.17
E 8 20 0.033203 0.002421 473.85 1.17
E 8 21 0.033203 0.002421 485.74 0.36
E 8 22 0.031783 0.003528 444.98 1.54
E 8 23 0.032427 0.003857 446.40 1.15
E 8 24 0.032604 0.002344 458.42 0.94
E 8 25 0.032740 0.003966 507.95 1.92
E 8 26 0.031110 0.003210 460.78 1.72
E 8 27 0.034129 0.004286 539.35 41.00
E 8 29 0.031416 0.003688 465.54 0.80
E 8 30 0.029635 0.003099 423.65 0.61
E 8 31 0.029394 0.003201 446.27 1.88
E 8 32 0.028145 0.005062 418.84 3.14
E 8 33 0.031068 0.003330 454.89 0.47
E 8 34 0.034653 0.003022 496.27 1.19
E 8 35 0.032925 0.002345 454.82 1.77
E 8 36 0.032971 0.003392 473.11 0.68
E 8 37 0.029563 0.004051 457.85 2.27
E 8 38 0.032452 0.001388 470.80 12.37
E 8 39 0.033165 0.003927 464.27 3.67
E 8 40 0.032630 0.003304 458.72 1.88
E 8 41 0.032788 0.005766 450.79 5.70
E 8 42 0.033020 0.004565 485.14 0.81
E 8 43 0.030878 0.005795 447.97 1.92
E 8 44 0.028255 0.003757 449.28 2.18
E 8 46 0.032738 0.001963 491.66 1.85
E 8 47 0.032724 0.001172 432.87 1.16
E 8 49 0.033066 0.003256 458.54 1.84
E 8 50 0.024573 0.001018 356.47 1.14
E 8 51 0.031461 0.003556 478.54 1.87
E 8 52 0.033343 0.002518 458.89 1.88
E 8 53 0.031783 0.003415 443.62 1.02
E 8 54 0.029808 0.003185 443.64 1.24
E 8 55 0.033165 0.000751 401.89 1.20
E 8 56 0.032312 0.003838 498.77 505.00
E 8 57 0.027686 0.003468 433.45 0.63
E 8 59 0.032508 0.004741 465.05 1.67
E 8 61 0.031553 0.003340 455.90 1.69
E 8 63 0.032512 0.003811 472.77 1.20
E 8 64 0.027667 0.003613 402.35 1.33
E 8 65 0.028423 0.005495 429.53 0.07
E 8 66 0.032641 0.003655 462.11 1.65
E 8 67 0.033501 0.006190 474.63 4.86
E 8 68 0.034313 0.004323 461.17 1.87
E 8 69 0.027686 0.003468 404.50 2.17
E 8 70 0.028423 0.003872 389.73 26.60
E 8 71 0.033659 0.006299 484.34 1.18
E 8 72 0.033161 0.004505 440.04 1.78
E 8 73 0.030762 0.003935 409.84 0.99
E 8 74 0.033683 0.003741 464.78 1.64
E 8 75 0.002498 0.000032 196.00 0.14
E 8 77 0.035575 0.004287 494.59 2.41
E 8 79 0.031798 0.003966 455.01 138.80
E 9 10 0.027664 0.002447 445.43 5.17
E 9 11 0.030026 0.006373 433.24 1.44
E 9 12 0.034861 0.005359 465.92 1.50
E 9 13 0.031879 0.005267 476.12 3.09
E 9 17 0.031092 0.002602 422.84 0.35
E 9 18 0.028994 0.003002 427.16 0.51
E 9 20 0.027129 0.007395 457.30 0.40
E 9 21 0.028954 0.001838 445.98 1.58
E 9 22 0.028960 0.003042 439.25 0.33
E 9 23 0.029912 0.002219 441.81 0.09
E 9 24 0.028494 0.002583 414.82 0.10
E 9 25 0.035655 0.002137 501.19 4.79
E 9 26 0.030934 0.003211 434.18 0.24
E 9 27 0.033193 0.002137 462.63 39.63
E 9 29 0.030607 0.002100 414.88 0.31
E 9 30 0.034069 0.002861 464.73 0.32
E 9 31 0.030943 0.002801 456.97 0.34
E 9 33 0.029561 0.003681 451.51 0.20
E 9 34 0.028509 0.002312 448.50 0.40
E 9 35 0.028449 0.002640 417.27 0.31
E 9 36 0.029050 0.002966 417.28 16.98
E 9 37 0.037353 0.007802 549.83 0.39
E 9 38 0.028873 0.003048 422.70 0.80
E 9 39 0.028505 0.003112 419.68 0.47
E 9 40 0.032239 0.002081 450.01 0.35
E 9 41 0.030796 0.003477 451.37 0.40
E 9 42 0.029573 0.002600 442.34 0.57
E 9 43 0.031085 0.005954 476.66 1.35
E 9 44 0.032968 0.006784 561.82 2.86
E 9 46 0.029056 0.003183 412.66 0.38
E 9 48 0.030704 0.003460 511.90 6.78
E 9 49 0.029075 0.003866 444.89 0.38
E 9 50 0.034301 0.002374 456.40 0.35
E 9 51 0.030688 0.003160 436.27 0.34
E 9 52 0.029530 0.002618 436.88 0.34
E 9 53 0.029011 0.003019 436.27 0.30
E 9 54 0.029698 0.003100 432.98 0.35
E 9 56 0.028909 0.003056 456.85 3.64
E 9 57 0.029244 0.001800 384.62 16.00
E 9 59 0.032391 0.005771 479.29 0.35
E 9 61 0.029142 0.003116 438.66 0.35
E 9 63 0.033098 0.004044 440.12 0.38
E 9 64 0.036246 0.002374 489.50 0.38
E 9 65 0.044866 0.010261 646.57 1.10
E 9 66 0.031343 0.003196 446.72 0.35
E 9 67 0.032230 0.004855 456.05 0.91
E 9 68 0.034262 0.004220 495.54 0.34
E 9 69 0.029625 0.002186 411.31 0.38
E 9 71 0.033185 0.008506 468.14 0.40
E 9 72 0.028546 0.002397 424.79 1.71
E 9 74 0.031930 0.003174 448.15 0.24
E 9 75 0.028455 0.002782 442.32 3.41
E 9 77 0.035418 0.003844 471.31 0.43
E 9 79 0.032329 0.004532 454.38 1.82
E 10 12 0.032605 0.006032 475.12 239.28
E 10 13 0.032004 0.004921 459.15 0.84
E 10 14 0.028365 0.003064 423.07 4.22
E 10 15 0.028270 0.003450 443.15 1.39
E 10 17 0.029529 0.001550 457.63 2.07
E 10 18 0.028083 0.001168 434.76 1.96
E 10 22 0.028083 0.001168 414.83 7.51
E 10 23 0.032906 0.003646 443.61 20.68
E 10 25 0.038338 0.001357 503.37 0.90
E 10 26 0.030535 0.002578 440.28 1.04
E 10 27 0.031067 0.003688 440.60 9.44
E 10 29 0.031340 0.002933 448.78 12.58
E 10 30 0.028427 0.002160 414.49 1.07
E 10 31 0.028610 0.003065 402.40 8.06
E 10 32 0.028050 0.004320 435.18 10.06
E 10 33 0.028083 0.002205 409.12 5.27
E 10 37 0.031279 0.004806 435.38 9.84
E 10 40 0.033138 0.002245 448.62 8.07
E 10 41 0.029982 0.002566 427.20 10.07
E 10 43 0.030109 0.005885 422.27 11.30
E 10 44 0.028474 0.003368 426.61 11.88
E 10 48 0.027839 0.004021 405.10 4.34
E 10 50 0.028271 0.003450 416.01 6.96
E 10 51 0.030853 0.003662 445.95 8.06
E 10 52 0.034418 0.004070 480.22 8.09
E 10 53 0.027996 0.001293 434.28 5.65
E 10 54 0.028467 0.002189 426.47 8.06
E 10 56 0.027847 0.001344 433.08 5.84
E 10 57 0.027946 0.002290 421.82 0.65
E 10 58 0.026972 0.004461 460.73 9.66
E 10 59 0.033358 0.007615 479.06 1.46
E 10 60 0.026972 0.003568 381.81 9.52
E 10 61 0.028735 0.001673 431.61 1.26
E 10 62 0.025554 0.005286 398.40 4.17
E 10 63 0.033504 0.003638 470.65 9.13
E 10 64 0.032143 0.006551 411.35 9.58
E 10 65 0.030385 0.006019 423.37 1.25
E 10 66 0.030722 0.002437 466.40 1.72
E 10 67 0.031470 0.003545 436.81 0.09
E 10 68 0.033980 0.003689 478.83 8.08
E 10 69 0.027975 0.002313 406.75 10.28
E 10 70 0.028530 0.002419 428.90 7.60
E 10 74 0.029693 0.001494 437.41 7.99
E 10 76 0.026602 0.006630 425.29 8.29
E 10 77 0.033847 0.003481 470.15 5.65
E 11 12 0.031635 0.006910 469.45 0.04
E 11 13 0.032312 0.005138 465.16 0.54
E 11 14 0.035204 0.005337 455.22 14.27
E 11 16 0.029762 0.005993 425.98 110.69
E 11 17 0.030985 0.004364 454.45 203.99
E 11 19 0.028009 0.004131 418.54 117.96
E 11 20 0.028143 0.004092 416.72 115.81
E 11 21 0.028021 0.003700 424.99 0.53
E 11 23 0.032641 0.004799 461.30 3.55
E 11 25 0.027922 0.003633 423.84 0.18
E 11 26 0.033038 0.004484 455.38 0.41
E 11 27 0.032784 0.004600 429.48 1.19
E 11 29 0.031773 0.004254 425.67 105.01
E 11 30 0.036481 0.003676 490.87 0.22
E 11 32 0.029888 0.006476 422.15 17.64
E 11 34 0.028049 0.003971 425.25 113.48
E 11 37 0.029958 0.004712 418.93 34.99
E 11 40 0.032626 0.004240 462.89 49.92
E 11 41 0.030160 0.005120 436.85 18.78
E 11 42 0.028142 0.004070 393.93 23.55
E 11 44 0.039057 0.007377 462.67 1.45
E 11 47 0.027167 0.002508 397.74 157.24
E 11 51 0.029514 0.005663 433.13 202.63
E 11 52 0.028300 0.004046 428.62 33.96
E 11 54 0.035793 0.002623 509.98 52.23
E 11 55 0.028098 0.003991 420.61 110.56
E 11 59 0.033050 0.007288 452.96 208.25
E 11 61 0.029001 0.005481 415.99 210.40
E 11 63 0.033073 0.004240 458.02 43.68
E 11 65 0.029726 0.006765 414.09 1.31
E 11 66 0.032023 0.004486 480.26 206.12
E 11 67 0.032401 0.004507 469.49 23.05
E 11 68 0.034031 0.004007 470.92 36.31
E 11 70 0.028791 0.005355 402.76 15.76
E 11 71 0.033058 0.006321 472.22 109.38
E 11 72 0.027952 0.003705 402.94 0.51
E 11 73 0.028049 0.004539 422.77 0.14
E 11 74 0.032125 0.004163 456.41 73.56
E 11 77 0.036477 0.005115 477.61 2.29
E 11 79 0.031683 0.004975 439.41 4.12
E 12 13 0.034939 0.005705 483.29 0.50
E 12 14 0.032726 0.005664 448.73 66.24
E 12 15 0.033221 0.006173 484.85 0.40
E 12 16 0.029689 0.002374 330.37 3.99
E 12 17 0.032826 0.005794 438.99 2.48
E 12 18 0.035178 0.005569 499.59 0.35
E 12 19 0.039609 0.005936 524.42 8.43
E 12 20 0.037377 0.003618 552.31 9.58
E 12 21 0.034911 0.003307 600.15 1.00
E 12 22 0.035178 0.005569 516.28 2.22
E 12 24 0.032286 0.004975 438.94 8.21
E 12 25 0.034161 0.007187 549.24 0.51
E 12 26 0.036018 0.004979 493.20 2.17
E 12 27 0.033131 0.005912 465.44 8.57
E 12 29 0.032091 0.005907 472.72 0.18
E 12 30 0.034789 0.005276 538.79 0.76
E 12 31 0.032342 0.005526 426.91 2.45
E 12 32 0.032782 0.006032 456.78 4.09
E 12 33 0.035178 0.005569 474.36 2.03
E 12 34 0.039610 0.005936 572.65 13.00
E 12 35 0.032287 0.004975 437.75 2.87
E 12 36 0.034289 0.005209 476.27 0.23
E 12 37 0.032707 0.005929 490.49 2.57
E 12 38 0.032286 0.004975 545.06 3.83
E 12 39 0.032874 0.005801 433.57 1.72
E 12 40 0.033402 0.005504 474.68 2.42
E 12 41 0.036439 0.005767 523.91 3.87
E 12 42 0.037377 0.003618 541.09 1.97
E 12 43 0.035369 0.005976 460.75 0.36
E 12 44 0.032623 0.005137 456.25 1.07
E 12 48 0.031614 0.006272 456.31 0.58
E 12 50 0.031542 0.005933 473.07 2.21
E 12 51 0.034629 0.005467 493.22 2.44
E 12 52 0.032613 0.005898 461.91 2.43
E 12 53 0.034861 0.005359 492.87 3.78
E 12 54 0.034984 0.005131 482.16 2.43
E 12 56 0.035398 0.006140 493.53 35.42
E 12 57 0.032221 0.005658 470.85 0.16
E 12 58 0.029594 0.005287 415.30 3.82
E 12 59 0.035179 0.005569 508.94 2.45
E 12 60 0.029595 0.005287 459.90 2.97
E 12 61 0.035369 0.005418 479.42 2.45
E 12 62 0.031261 0.006198 541.68 28.68
E 12 63 0.033256 0.005607 471.90 2.54
E 12 64 0.032777 0.005888 461.59 2.57
E 12 65 0.032812 0.006313 465.53 0.66
E 12 66 0.035492 0.005697 470.18 2.47
E 12 67 0.037553 0.006267 554.01 4.17
E 12 68 0.034570 0.005794 483.42 2.42
E 12 69 0.032221 0.005658 446.24 2.42
E 12 70 0.032752 0.005662 464.60 123.11
E 12 71 0.033012 0.006590 471.08 3.80
E 12 72 0.034055 0.006826 463.09 0.34
E 12 74 0.035298 0.006018 482.02 4.66
E 12 76 0.029595 0.005287 410.57 23.44
E 12 77 0.035416 0.005639 492.90 28.31
E 12 79 0.032650 0.005241 462.12 60.13
E 13 14 0.032728 0.005402 456.35 9.73
E 13 15 0.031186 0.004886 440.35 1.43
E 13 16 0.029199 0.005352 449.41 7.50
E 13 17 0.032426 0.004633 435.99 7.77
E 13 18 0.032264 0.004216 460.29 3.13
E 13 19 0.038236 0.005020 600.71 7.58
E 13 20 0.031327 0.004127 475.37 7.56
E 13 21 0.031436 0.004195 422.39 0.81
E 13 22 0.031840 0.003918 464.88 7.65
E 13 23 0.032571 0.005165 461.85 11.19
E 13 24 0.002769 0.000000 288.00 0.81
E 13 25 0.032141 0.004859 482.91 7.02
E 13 26 0.031837 0.004905 454.07 2.13
E 13 27 0.031809 0.004950 469.87 0.96
E 13 29 0.031913 0.005219 476.80 7.55
E 13 30 0.033313 0.005565 496.53 3.55
E 13 31 0.031722 0.005257 455.20 7.29
E 13 32 0.031979 0.005230 449.99 6.70
E 13 33 0.031956 0.003957 470.81 2.90
E 13 34 0.032102 0.004327 408.38 7.58
E 13 36 0.031341 0.005457 436.00 0.48
E 13 37 0.033303 0.005523 481.35 6.72
E 13 38 0.033418 0.002510 560.85 0.43
E 13 39 0.005794 0.000128 608.00 0.74
E 13 40 0.033624 0.004958 473.37 7.13
E 13 41 0.031640 0.005243 447.94 6.69
E 13 42 0.032100 0.004327 424.69 3.96
E 13 43 0.032264 0.006679 483.82 0.92
E 13 44 0.032813 0.005317 461.20 4.77
E 13 46 0.031497 0.005332 448.36 8.36
E 13 48 0.031200 0.005205 433.89 0.51
E 13 49 0.031115 0.005289 427.25 8.36
E 13 50 0.031058 0.004969 461.70 7.23
E 13 51 0.031869 0.005844 438.97 7.28
E 13 52 0.031744 0.005258 440.64 7.21
E 13 53 0.032079 0.004171 466.72 4.98
E 13 54 0.031644 0.005011 434.83 7.15
E 13 56 0.032241 0.004310 474.41 8.44
E 13 57 0.031463 0.005696 473.24 16.36
E 13 58 0.031030 0.005459 433.45 6.72
E 13 59 0.032827 0.006601 493.56 7.78
E 13 60 0.031041 0.005438 422.92 6.73
E 13 61 0.032360 0.005436 444.32 7.79
E 13 62 0.031179 0.005597 438.63 4.01
E 13 63 0.033703 0.004954 481.49 6.78
E 13 64 0.031668 0.006493 488.23 6.73
E 13 65 0.032743 0.007392 466.66 3.40
E 13 66 0.032271 0.005293 471.32 7.78
E 13 67 0.032112 0.005161 461.18 1.50
E 13 68 0.033887 0.005136 474.32 7.20
E 13 69 0.032012 0.007188 452.82 6.99
E 13 70 0.033133 0.005940 457.38 22.21
E 13 71 0.033166 0.006856 485.51 7.48
E 13 72 0.031722 0.004053 465.42 0.39
E 13 74 0.032072 0.005081 451.94 4.93
E 13 76 0.031179 0.005597 402.23 1.31
E 13 77 0.035852 0.005165 480.43 6.00
E 13 78 0.030318 0.004545 400.66 8.08
E 13 79 0.031833 0.005149 469.06 5.66
E 13 80 0.033419 0.017525 390.91 4.45
E 14 15 0.029734 0.004190 432.89 5.75
E 14 16 0.032776 0.006998 440.43 249.32
E 14 17 0.029000 0.001803 417.62 413.84
E 14 19 0.035210 0.005306 469.96 262.61
E 14 20 0.035661 0.005662 541.34 258.75
E 14 21 0.035758 0.005597 451.30 7.45
E 14 22 0.041900 0.005003 674.95 250.21
E 14 23 0.034592 0.006362 465.88 4.83
E 14 25 0.034639 0.004715 519.99 12.70
E 14 26 0.034182 0.003862 463.47 1.44
E 14 27 0.031347 0.004646 483.99 1.65
E 14 29 0.032506 0.004793 449.94 226.91
E 14 30 0.026632 0.001691 395.51 1.44
E 14 31 0.023118 0.003402 363.27 403.79
E 14 32 0.028623 0.003888 433.02 61.67
E 14 34 0.036716 0.005887 476.75 258.06
E 14 37 0.031076 0.004548 451.32 95.23
E 14 40 0.036684 0.003633 497.03 355.08
E 14 41 0.032142 0.005335 503.41 63.87
E 14 44 0.028373 0.004332 418.91 0.33
E 14 47 0.040543 0.000452 828.65 339.98
E 14 48 0.032087 0.005440 468.12 13.40
E 14 50 0.029007 0.003907 425.24 41.28
E 14 51 0.032924 0.004255 492.75 397.93
E 14 52 0.031738 0.003893 450.77 387.90
E 14 54 0.033864 0.003919 499.82 351.42
E 14 55 0.035339 0.006897 471.07 250.42
E 14 57 0.023140 0.002105 358.29 368.58
E 14 58 0.032095 0.005441 440.83 64.99
E 14 60 0.032201 0.005252 439.95 67.46
E 14 62 0.033419 0.004046 471.63 13.38
E 14 63 0.035710 0.004163 470.12 104.42
E 14 64 0.028463 0.004954 426.11 93.11
E 14 65 0.030011 0.006601 433.04 8.04
E 14 68 0.036704 0.004791 472.47 383.28
E 14 69 0.023004 0.002157 365.48 76.43
E 14 70 0.027050 0.003610 410.60 0.10
E 14 71 0.033676 0.006350 479.16 246.61
E 14 72 0.035545 0.010447 480.61 2.42
E 14 73 0.003825 0.000000 420.00 5.34
E 14 74 0.036903 0.005163 498.21 9.01
E 14 76 0.031671 0.004005 436.68 9.43
E 14 77 0.039265 0.006825 505.70 0.35
E 14 78 0.035565 0.004862 490.53 59.77
E 14 79 0.031599 0.004200 437.15 0.21
E 14 80 0.034944 0.011058 486.57 1.03
E 15 16 0.021633 0.005209 304.06 5.26
E 15 21 0.009970 0.000096 1072.00 1.16
E 15 23 0.035426 0.006065 483.66 58.83
E 15 25 0.037151 0.010515 671.11 1.25
E 15 26 0.035294 0.003713 445.93 2.01
E 15 27 0.023874 0.004348 377.09 1.91
E 15 29 0.031827 0.003888 472.71 5.32
E 15 30 0.035667 0.003703 510.88 4.07
E 15 31 0.024439 0.003307 420.20 5.12
E 15 32 0.027085 0.004117 380.52 3.91
E 15 37 0.031427 0.004894 439.58 4.30
E 15 40 0.037805 0.005224 497.82 4.94
E 15 41 0.029152 0.004047 436.27 3.90
E 15 44 0.030017 0.004814 442.13 6.75
E 15 48 0.023317 0.004208 360.06 0.70
E 15 50 0.023793 0.004486 376.70 6.49
E 15 52 0.031998 0.002394 467.08 5.03
E 15 54 0.035370 0.002120 519.26 4.97
E 15 57 0.025650 0.002171 396.11 0.66
E 15 58 0.023478 0.004164 361.40 3.98
E 15 60 0.023332 0.004080 362.19 4.01
E 15 62 0.023274 0.004250 351.92 1.33
E 15 63 0.036609 0.005070 485.64 4.44
E 15 64 0.026098 0.004170 408.95 4.32
E 15 65 0.032258 0.008296 458.53 2.85
E 15 68 0.037066 0.004212 532.54 5.02
E 15 69 0.026739 0.002592 405.56 4.44
E 15 70 0.028825 0.003499 395.58 6.02
E 15 71 0.032489 0.007035 483.27 5.25
E 15 72 0.007330 0.000768 800.00 3.63
E 15 76 0.023274 0.004250 385.17 4.05
E 15 77 0.009314 0.000960 1048.00 2.36
E 15 78 0.022406 0.006436 343.92 3.54
E 15 80 0.020455 0.006106 315.35 3.38
E 16 21 0.029976 0.006008 445.52 6.26
E 16 23 0.034313 0.006525 474.20 0.18
E 16 25 0.028145 0.005358 415.73 62.97
E 16 26 0.036510 0.006564 454.24 1.71
E 16 27 0.022529 0.003517 355.49 142.88
E 16 29 0.032104 0.006132 457.92 0.00
E 16 30 0.036481 0.006825 487.26 1.03
E 16 42 0.031103 0.006602 475.27 0.31
E 16 44 0.037978 0.007564 495.08 39.23
E 16 48 0.019655 0.003569 298.95 140.85
E 16 50 0.022860 0.003915 384.62 0.01
E 16 62 0.019691 0.001832 326.68 3.38
E 16 65 0.036736 0.010534 561.72 0.20
E 16 70 0.031954 0.007663 449.93 282.78
E 16 72 0.028098 0.005273 414.67 57.31
E 16 73 0.030577 0.006742 460.39 3.53
E 16 74 0.036663 0.007001 496.35 0.86
E 16 76 0.021988 0.002833 363.26 10.55
E 16 77 0.039715 0.006656 505.34 2.30
E 16 78 0.017955 0.001749 281.22 0.05
E 16 79 0.035491 0.008751 543.22 38.14
E 16 80 0.017859 0.001705 293.70 7.57
E 17 18 0.030928 0.002574 460.24 0.18
E 17 21 0.033283 0.004193 456.40 9.88
E 17 22 0.030922 0.002594 442.90 0.04
E 17 23 0.030507 0.002239 418.34 0.31
E 17 24 0.032272 0.003254 468.87 0.89
E 17 25 0.032946 0.003464 467.82 62.59
E 17 26 0.031171 0.002557 451.57 2.15
E 17 29 0.030985 0.002626 448.36 0.00
E 17 30 0.030817 0.002650 434.51 1.62
E 17 33 0.030928 0.002989 452.60 0.21
E 17 35 0.032053 0.003072 457.58 2.33
E 17 36 0.032642 0.003412 442.34 18.78
E 17 38 0.031738 0.003156 442.93 8.78
E 17 39 0.032191 0.003877 479.05 1.18
E 17 42 0.032849 0.003363 498.55 0.21
E 17 43 0.030915 0.005795 442.75 3.89
E 17 44 0.029541 0.002154 412.95 54.03
E 17 53 0.030928 0.002574 453.24 0.10
E 17 56 0.030785 0.002482 460.04 7.72
E 17 57 0.028480 0.001632 402.75 43.38
E 17 65 0.029089 0.003844 440.23 0.20
E 17 67 0.032387 0.004973 457.42 1.69
E 17 69 0.028480 0.001632 433.60 17.93
E 17 70 0.029089 0.001953 439.80 448.64
E 17 72 0.033200 0.003556 461.78 156.94
E 17 74 0.032315 0.002641 457.69 0.62
E 17 75 0.002498 0.000032 196.00 34.90
E 17 77 0.036342 0.005363 489.86 1.50
E 17 79 0.031859 0.003812 470.06 69.57
E 18 21 0.032286 0.001997 494.69 0.37
E 18 22 0.027912 0.001581 411.89 0.18
E 18 23 0.030663 0.002580 441.99 1.20
E 18 24 0.027346 0.000992 406.17 0.96
E 18 25 0.035655 0.002001 493.34 2.78
E 18 26 0.030824 0.002394 451.31 3.14
E 18 27 0.034098 0.003101 478.28 8.80
E 18 29 0.031033 0.002433 478.52 0.20
E 18 30 0.027192 0.001718 414.36 0.61
E 18 31 0.030861 0.002714 418.16 0.17
E 18 33 0.029317 0.003256 428.87 0.72
E 18 35 0.027311 0.001647 397.33 1.05
E 18 36 0.027364 0.002309 409.34 1.66
E 18 37 0.035242 0.005554 464.07 0.16
E 18 38 0.027130 0.001790 412.30 3.35
E 18 39 0.027337 0.003060 415.49 9.10
E 18 40 0.032123 0.001325 464.21 0.18
E 18 41 0.030697 0.001129 444.19 0.20
E 18 42 0.030959 0.001441 458.69 0.32
E 18 43 0.031231 0.006462 450.48 0.19
E 18 44 0.031703 0.008098 447.41 2.77
E 18 46 0.027202 0.001711 411.74 0.19
E 18 48 0.029390 0.003460 497.78 2.23
E 18 49 0.027202 0.003866 407.16 0.19
E 18 50 0.033855 0.001454 434.19 0.24
E 18 51 0.030696 0.003177 451.75 0.17
E 18 52 0.036091 0.003995 476.24 0.17
E 18 53 0.028799 0.003579 409.05 0.81
E 18 54 0.029504 0.001977 421.07 0.18
E 18 56 0.027350 0.001863 415.94 13.95
E 18 57 0.028543 0.001639 455.68 1.74
E 18 59 0.032803 0.006226 475.21 0.18
E 18 61 0.029266 0.002232 438.06 0.18
E 18 63 0.032755 0.003453 461.60 0.19
E 18 64 0.035284 0.004240 400.63 0.19
E 18 65 0.044866 0.010261 629.56 0.39
E 18 66 0.031482 0.002692 455.04 0.18
E 18 67 0.032382 0.005083 459.94 1.46
E 18 68 0.034210 0.004127 468.77 0.17
E 18 69 0.029246 0.001781 452.93 0.18
E 18 72 0.037940 0.004974 519.47 1.62
E 18 74 0.032138 0.002064 463.44 0.82
E 18 75 0.026924 0.001547 415.23 8.46
E 18 77 0.035585 0.004271 472.09 1.40
E 18 79 0.032429 0.004359 441.95 3.29
E 19 21 0.024246 0.003590 369.53 6.24
E 19 23 0.034201 0.006420 502.75 0.18
E 19 25 0.024656 0.003421 395.22 63.60
E 19 26 0.036775 0.003173 469.18 1.71
E 19 27 0.032784 0.004600 427.30 146.52
E 19 29 0.032613 0.005509 457.45 0.00
E 19 30 0.036482 0.004652 475.98 1.02
E 19 42 0.025811 0.003649 390.42 0.29
E 19 44 0.039057 0.007377 485.33 40.50
E 19 65 0.005698 0.000544 596.00 0.20
E 19 67 0.035206 0.005970 443.34 4.80
E 19 70 0.036659 0.006262 466.60 296.75
E 19 72 0.024960 0.003908 396.11 55.53
E 19 73 0.023629 0.004519 368.91 3.53
E 19 74 0.034410 0.003510 464.64 0.89
E 19 77 0.036672 0.005371 493.85 2.36
E 19 78 0.018156 0.000000 386.21 0.07
E 19 79 0.035491 0.007734 474.41 40.36
E 20 21 0.023698 0.002887 375.03 6.23
E 20 23 0.034495 0.006677 475.58 0.25
E 20 25 0.024712 0.003029 382.12 16.86
E 20 26 0.036775 0.003173 470.49 1.71
E 20 27 0.034098 0.003101 483.08 146.06
E 20 29 0.032596 0.005860 448.59 0.00
E 20 30 0.036482 0.003676 524.87 1.02
E 20 42 0.025800 0.003213 405.42 0.30
E 20 44 0.039057 0.007377 540.08 40.12
E 20 65 0.005698 0.000544 596.00 0.72
E 20 67 0.031362 0.004206 471.10 0.82
E 20 70 0.036658 0.005276 539.04 292.61
E 20 72 0.024995 0.002862 380.22 55.16
E 20 73 0.023005 0.004431 347.53 3.53
E 20 74 0.032419 0.002992 460.19 0.90
E 20 77 0.036608 0.005283 491.41 2.39
E 20 79 0.035491 0.003467 486.50 39.10
E 21 22 0.032286 0.002849 465.98 12.53
E 21 23 0.032658 0.004438 477.60 4.30
E 21 24 0.033967 0.001726 487.92 3.18
E 21 25 0.024997 0.001377 382.12 0.67
E 21 26 0.036639 0.003053 518.20 1.21
E 21 27 0.034096 0.003101 527.83 5.25
E 21 29 0.031674 0.004064 456.63 6.23
E 21 30 0.036481 0.003676 499.67 0.36
E 21 31 0.032286 0.001997 479.37 9.26
E 21 32 0.009970 0.000096 1072.00 11.15
E 21 33 0.035565 0.004636 624.54 2.08
E 21 34 0.024683 0.002566 369.72 6.20
E 21 35 0.034999 0.002460 546.43 1.71
E 21 36 0.032286 0.004652 481.76 0.73
E 21 37 0.035001 0.005540 515.15 10.08
E 21 38 0.033755 0.002313 503.29 5.89
E 21 39 0.033968 0.002459 472.76 1.42
E 21 40 0.033002 0.002440 465.53 8.36
E 21 41 0.029608 0.002051 445.45 11.07
E 21 42 0.025799 0.001325 393.99 3.02
E 21 43 0.034491 0.006444 499.39 1.51
E 21 44 0.037759 0.006377 489.80 0.40
E 21 47 0.024516 0.000889 367.87 6.24
E 21 48 0.033757 0.002676 487.55 0.98
E 21 50 0.032136 0.001847 449.68 9.55
E 21 51 0.032358 0.002862 500.02 9.14
E 21 52 0.028139 0.002205 423.77 8.95
E 21 53 0.032286 0.003307 458.56 50.01
E 21 54 0.036519 0.001410 524.33 8.25
E 21 55 0.023645 0.002198 363.46 6.20
E 21 56 0.034999 0.002645 504.70 2.81
E 21 57 0.033757 0.001647 455.58 0.43
E 21 58 0.034946 0.001357 502.41 6.41
E 21 59 0.032496 0.007057 450.65 9.97
E 21 60 0.009970 0.000096 1072.00 6.42
E 21 61 0.033757 0.001841 519.76 10.01
E 21 63 0.033192 0.003452 470.36 9.56
E 21 64 0.036713 0.004652 468.63 9.88
E 21 65 0.037488 0.009356 491.46 1.10
E 21 66 0.030808 0.001860 466.77 9.92
E 21 67 0.032272 0.004350 470.48 22.94
E 21 68 0.034036 0.003970 487.30 8.86
E 21 69 0.033757 0.002162 503.64 10.11
E 21 70 0.037064 0.005936 490.89 2.68
E 21 71 0.032433 0.005729 435.42 6.26
E 21 72 0.025008 0.002193 385.42 0.13
E 21 73 0.023560 0.004558 355.89 0.81
E 21 74 0.032666 0.002651 453.33 5.35
E 21 76 0.031422 0.002502 462.79 6.61
E 21 77 0.036676 0.005036 486.77 2.09
E 21 79 0.035488 0.003467 478.81 2.74
E 22 23 0.030535 0.002449 432.44 0.33
E 22 24 0.028002 0.001717 420.23 0.77
E 22 25 0.035654 0.002621 461.79 24.31
E 22 26 0.030824 0.002394 438.03 2.22
E 22 27 0.036019 0.005427 538.91 120.67
E 22 29 0.031007 0.002613 456.36 0.15
E 22 30 0.027674 0.001744 440.87 1.45
E 22 31 0.031150 0.003053 445.94 0.11
E 22 33 0.029612 0.003440 413.50 0.16
E 22 35 0.027934 0.001666 390.08 2.22
E 22 36 0.028368 0.002879 427.41 11.24
E 22 37 0.034808 0.005020 500.32 0.13
E 22 38 0.028060 0.001905 434.68 7.08
E 22 39 0.027989 0.003060 411.38 1.06
E 22 40 0.032302 0.001779 477.72 0.12
E 22 41 0.030714 0.001173 448.56 0.14
E 22 42 0.032005 0.002621 491.35 0.05
E 22 43 0.031241 0.006630 434.87 1.16
E 22 44 0.031961 0.007937 448.92 53.14
E 22 46 0.028117 0.001964 400.38 0.14
E 22 48 0.031307 0.002676 510.82 127.52
E 22 49 0.028053 0.003826 429.93 0.14
E 22 50 0.031414 0.001572 488.30 0.15
E 22 51 0.030720 0.003093 433.46 0.11
E 22 52 0.036091 0.003995 509.82 0.11
E 22 53 0.028776 0.003457 430.33 0.11
E 22 54 0.029718 0.001963 432.44 0.12
E 22 56 0.027888 0.001909 401.66 4.88
E 22 57 0.031043 0.002621 418.12 40.98
E 22 59 0.032803 0.006226 455.37 0.12
E 22 61 0.029208 0.002193 413.32 0.12
E 22 63 0.033025 0.003567 444.00 0.13
E 22 64 0.036938 0.005597 535.14 0.13
E 22 65 0.043061 0.010660 509.01 0.55
E 22 66 0.031535 0.002726 493.49 0.12
E 22 67 0.032523 0.004969 455.50 4.21
E 22 68 0.034540 0.004350 491.28 0.11
E 22 69 0.031043 0.002621 488.24 0.13
E 22 70 0.039751 0.005314 507.51 276.99
E 22 72 0.037940 0.004974 446.71 142.60
E 22 74 0.032178 0.002113 460.05 0.48
E 22 75 0.027029 0.001547 422.41 60.89
E 22 77 0.035585 0.004271 473.50 1.46
E 22 79 0.032557 0.004404 458.00 45.30
E 23 25 0.032691 0.004372 451.74 486.83
E 23 26 0.033034 0.005233 469.95 0.64
E 23 27 0.036018 0.006784 485.77 14.58
E 23 29 0.032447 0.004230 463.73 0.09
E 23 30 0.035423 0.006026 470.19 0.27
E 23 31 0.039673 0.006708 475.15 0.31
E 23 32 0.032594 0.004590 483.39 0.49
E 23 33 0.030663 0.002580 423.64 0.19
E 23 34 0.032622 0.004789 429.10 0.18
E 23 37 0.033087 0.004812 478.40 0.15
E 23 40 0.032807 0.003999 481.02 0.18
E 23 41 0.032559 0.004609 454.69 0.44
E 23 42 0.031199 0.003222 468.89 0.21
E 23 43 0.030654 0.006679 459.73 74.09
E 23 44 0.033198 0.004506 463.88 9.95
E 23 47 0.033191 0.005223 425.67 0.17
E 23 48 0.040569 0.007434 544.21 584.16
E 23 50 0.035534 0.006445 462.34 0.17
E 23 51 0.030635 0.003705 428.41 0.27
E 23 52 0.033509 0.004054 500.59 0.23
E 23 53 0.030663 0.002580 447.27 0.13
E 23 54 0.031324 0.003327 438.50 0.18
E 23 55 0.032714 0.006053 479.29 0.18
E 23 56 0.030156 0.002105 459.72 4.45
E 23 58 0.035497 0.005914 482.79 0.43
E 23 59 0.033545 0.007731 504.30 0.39
E 23 60 0.035497 0.005914 499.85 0.39
E 23 61 0.030635 0.002433 475.52 0.46
E 23 62 0.034980 0.005840 494.28 22.74
E 23 63 0.033164 0.003991 483.52 0.19
E 23 64 0.033058 0.004469 444.15 0.21
E 23 65 0.032462 0.006556 468.83 0.21
E 23 66 0.030721 0.002437 443.03 0.34
E 23 68 0.033513 0.004607 477.23 0.22
E 23 70 0.032955 0.004536 464.66 5.23
E 23 71 0.032942 0.006903 476.34 0.18
E 23 72 0.032572 0.004895 450.84 6.75
E 23 73 0.034378 0.006134 436.74 2.56
E 23 74 0.031920 0.003584 465.44 0.05
E 23 76 0.034855 0.005658 470.50 6.93
E 23 77 0.036807 0.005528 495.37 0.97
E 23 78 0.034421 0.005809 468.02 0.25
E 23 79 0.032755 0.004137 476.31 3.49
E 23 80 0.031354 0.004469 517.91 2.32
E 24 25 0.035656 0.002001 453.52 0.63
E 24 26 0.029735 0.002041 428.34 0.53
E 24 27 0.034436 0.002657 365.77 3.30
E 24 30 0.034853 0.003500 497.23 0.48
E 24 31 0.032291 0.002976 433.99 0.58
E 24 33 0.029054 0.003147 408.30 0.17
E 24 35 0.021343 0.001208 347.62 0.49
E 24 36 0.024064 0.001611 382.58 2.12
E 24 37 0.038507 0.009667 564.94 0.58
E 24 38 0.021237 0.001615 331.06 0.15
E 24 39 0.023021 0.003698 368.14 0.21
E 24 40 0.037402 0.001696 504.80 0.58
E 24 41 0.032136 0.001569 409.86 0.59
E 24 42 0.032004 0.001696 534.53 1.02
E 24 43 0.031032 0.005958 465.43 1.50
E 24 46 0.022897 0.001619 358.71 0.58
E 24 48 0.028669 0.002277 409.46 0.96
E 24 49 0.024528 0.003378 365.67 0.58
E 24 50 0.035200 0.002657 460.41 0.56
E 24 51 0.030623 0.003184 435.96 0.58
E 24 52 0.037271 0.005705 438.01 0.58
E 24 53 0.028397 0.002928 453.16 0.41
E 24 54 0.029043 0.001926 426.68 0.58
E 24 56 0.025347 0.001941 383.92 1.30
E 24 57 0.028726 0.002277 512.83 1.47
E 24 59 0.032385 0.005630 465.56 0.58
E 24 61 0.029215 0.002307 425.57 0.58
E 24 63 0.039637 0.005088 572.23 0.58
E 24 64 0.032401 0.002657 420.28 0.58
E 24 65 0.044867 0.010261 626.93 0.32
E 24 66 0.032516 0.002701 478.23 0.58
E 24 67 0.032266 0.004862 465.52 0.50
E 24 68 0.039286 0.006445 455.31 0.58
E 24 69 0.030704 0.002277 460.03 0.59
E 24 72 0.037940 0.004974 445.05 1.21
E 24 74 0.034518 0.003113 489.09 0.19
E 24 75 0.020210 0.000853 307.32 0.64
E 24 77 0.045232 0.008649 516.75 0.26
E 24 79 0.033807 0.004158 495.10 1.80
E 25 26 0.036939 0.003536 537.11 0.70
E 25 27 0.032880 0.004330 443.65 0.40
E 25 29 0.031685 0.003966 464.79 64.09
E 25 30 0.036266 0.003415 494.06 4.16
E 25 31 0.034896 0.003347 486.74 57.23
E 25 32 0.032487 0.002956 467.51 62.53
E 25 33 0.039097 0.008225 529.53 24.52
E 25 34 0.024733 0.002622 373.39 63.99
E 25 35 0.037021 0.003279 474.42 5.87
E 25 36 0.035655 0.004651 493.34 0.07
E 25 37 0.034710 0.005003 481.15 56.02
E 25 38 0.035655 0.002120 484.27 1.60
E 25 39 0.035656 0.002940 451.04 3.78
E 25 40 0.032751 0.002268 473.32 53.24
E 25 41 0.029478 0.001665 400.88 62.14
E 25 42 0.025831 0.001575 379.27 11.99
E 25 43 0.035656 0.006445 517.45 2.39
E 25 44 0.037758 0.006377 496.72 5.61
E 25 47 0.029376 0.003938 429.95 68.12
E 25 48 0.035528 0.002676 465.79 1.69
E 25 50 0.035527 0.002186 490.27 73.66
E 25 51 0.032357 0.002862 479.81 56.77
E 25 52 0.028386 0.002287 418.41 55.62
E 25 53 0.035655 0.005378 467.49 5.24
E 25 54 0.036339 0.003303 501.22 53.53
E 25 55 0.024609 0.002165 357.61 63.77
E 25 56 0.037021 0.002645 554.44 5.90
E 25 57 0.035528 0.002186 493.29 0.06
E 25 58 0.035530 0.005088 536.45 63.09
E 25 59 0.032046 0.004910 466.20 62.85
E 25 60 0.035530 0.002186 530.54 63.14
E 25 61 0.035657 0.002676 521.08 63.01
E 25 62 0.038338 0.007055 477.99 4.45
E 25 63 0.033075 0.003342 488.88 54.84
E 25 64 0.036708 0.007089 491.86 56.36
E 25 65 0.037226 0.008689 428.86 10.26
E 25 66 0.031295 0.002354 478.84 62.71
E 25 67 0.035206 0.005970 445.36 2.94
E 25 68 0.034067 0.003871 485.62 55.27
E 25 69 0.035528 0.002186 459.36 59.80
E 25 70 0.037064 0.005936 536.37 6.93
E 25 71 0.032476 0.005707 450.18 62.90
E 25 72 0.024834 0.001995 392.24 4.13
E 25 73 0.024081 0.004544 366.71 0.35
E 25 74 0.032321 0.002389 476.22 10.00
E 25 76 0.033820 0.005714 467.79 0.96
E 25 77 0.036731 0.005196 496.55 3.37
E 25 79 0.035480 0.003674 569.18 2.98
E 26 27 0.036062 0.004719 475.15 1.41
E 26 29 0.032210 0.004083 458.85 1.74
E 26 30 0.031407 0.002532 462.05 0.24
E 26 31 0.034386 0.003305 475.97 2.15
E 26 32 0.035894 0.004161 477.24 2.22
E 26 33 0.030784 0.002367 468.38 1.04
E 26 34 0.036776 0.003588 514.56 1.70
E 26 35 0.028743 0.001938 411.00 2.57
E 26 36 0.031173 0.002522 439.30 0.80
E 26 37 0.034443 0.005449 462.95 2.10
E 26 38 0.029578 0.002351 420.45 0.55
E 26 39 0.029604 0.002793 434.44 1.07
E 26 40 0.033323 0.002489 457.57 2.02
E 26 41 0.030835 0.002338 462.87 2.21
E 26 42 0.032296 0.002631 458.25 3.84
E 26 43 0.030816 0.006428 443.61 2.49
E 26 44 0.031457 0.004226 465.39 1.58
E 26 46 0.028902 0.002195 441.64 2.32
E 26 47 0.037003 0.003028 465.93 1.66
E 26 48 0.004418 0.000032 436.00 0.75
E 26 49 0.028940 0.004293 409.85 2.31
E 26 50 0.037048 0.002578 505.06 1.72
E 26 51 0.030872 0.003361 446.02 2.13
E 26 52 0.036164 0.003486 505.81 2.11
E 26 53 0.030824 0.003279 459.39 0.44
E 26 54 0.030951 0.002294 438.43 2.01
E 26 55 0.037093 0.003419 485.51 1.70
E 26 56 0.029941 0.002310 434.02 1.20
E 26 57 0.034916 0.003404 478.93 0.69
E 26 59 0.032970 0.006222 491.15 2.17
E 26 61 0.030800 0.002390 454.43 2.19
E 26 63 0.033210 0.003447 482.41 2.06
E 26 64 0.036430 0.006935 475.33 2.10
E 26 65 0.034288 0.007862 468.62 0.40
E 26 66 0.031594 0.002606 461.77 2.16
E 26 67 0.032361 0.004056 453.41 1.96
E 26 68 0.034426 0.004463 490.21 2.10
E 26 69 0.034580 0.003339 550.90 2.28
E 26 70 0.034304 0.003439 461.07 1.19
E 26 71 0.036510 0.006427 501.73 1.71
E 26 72 0.036494 0.005682 512.05 0.61
E 26 73 0.037691 0.003934 555.09 0.47
E 26 74 0.031852 0.002452 449.26 0.62
E 26 75 0.027831 0.002818 421.92 1.18
E 26 77 0.035853 0.004776 491.66 1.28
E 26 79 0.032180 0.004136 449.35 2.44
E 26 80 0.004081 0.000000 452.00 2.22
E 27 29 0.032536 0.005066 470.82 148.90
E 27 30 0.035539 0.004719 474.29 274.22
E 27 31 0.030604 0.003764 443.19 126.65
E 27 32 0.027264 0.004061 434.80 64.05
E 27 33 0.034140 0.003787 479.24 7.65
E 27 34 0.034098 0.007361 416.16 147.06
E 27 35 0.008306 0.000288 864.00 0.63
E 27 36 0.035397 0.004652 555.56 0.21
E 27 37 0.031349 0.004605 447.04 87.33
E 27 38 0.034434 0.002313 414.89 13.42
E 27 39 0.034436 0.000678 438.32 1.26
E 27 40 0.039285 0.004918 549.04 117.13
E 27 41 0.032261 0.003857 473.83 65.44
E 27 43 0.019525 0.003648 2092.00 2.78
E 27 44 0.030122 0.004798 433.69 30.51
E 27 48 0.023310 0.003467 351.45 0.06
E 27 50 0.024417 0.002360 384.28 77.40
E 27 51 0.034583 0.004961 449.47 125.72
E 27 52 0.031710 0.005560 485.90 121.97
E 27 53 0.034720 0.004579 541.57 2.56
E 27 54 0.035129 0.005037 477.84 118.43
E 27 55 0.034030 0.004579 400.56 145.40
E 27 56 0.008402 0.000576 876.00 0.15
E 27 57 0.032263 0.003944 472.93 0.59
E 27 58 0.023185 0.004151 356.70 61.53
E 27 60 0.023257 0.002649 371.02 61.08
E 27 62 0.022381 0.001884 344.83 4.08
E 27 63 0.038093 0.005966 509.10 93.69
E 27 64 0.026449 0.004223 389.18 86.18
E 27 65 0.032767 0.007446 438.01 14.47
E 27 68 0.038133 0.005011 459.80 121.40
E 27 69 0.032390 0.004184 421.38 114.12
E 27 70 0.029301 0.003824 423.76 0.38
E 27 71 0.032178 0.006755 458.09 142.31
E 27 72 0.034097 0.008819 548.10 246.61
E 27 74 0.037044 0.003101 501.10 4.08
E 27 76 0.022462 0.002448 329.79 0.59
E 27 77 0.040022 0.007163 509.97 0.21
E 27 78 0.017492 0.001165 280.33 9.12
E 27 79 0.035453 0.005070 480.18 3.99
E 27 80 0.017510 0.001781 260.30 0.20
E 29 30 0.035188 0.006061 483.90 1.07
E 29 31 0.034436 0.003308 393.71 0.00
E 29 32 0.031138 0.004357 466.40 0.00
E 29 33 0.031032 0.002433 435.43 0.30
E 29 34 0.031799 0.004301 465.76 0.00
E 29 37 0.031688 0.004349 457.86 0.00
E 29 40 0.032470 0.003609 459.85 0.00
E 29 41 0.031224 0.003096 484.44 0.00
E 29 42 0.031878 0.003654 487.04 0.35
E 29 43 0.031032 0.005183 446.60 4.82
E 29 44 0.032023 0.003939 440.55 38.41
E 29 47 0.033531 0.006360 554.62 0.00
E 29 48 0.032739 0.003176 508.04 144.02
E 29 50 0.031735 0.003760 455.51 0.01
E 29 51 0.031031 0.003536 450.26 0.00
E 29 52 0.031177 0.003313 417.58 0.00
E 29 53 0.031033 0.002433 447.91 0.33
E 29 54 0.031875 0.003740 445.74 0.00
E 29 55 0.032227 0.005657 453.58 0.00
E 29 58 0.031752 0.004690 494.93 0.00
E 29 59 0.032908 0.008372 458.69 0.00
E 29 60 0.031752 0.004132 444.59 0.00
E 29 61 0.031031 0.002433 444.67 0.00
E 29 62 0.031751 0.004132 443.85 17.48
E 29 63 0.032883 0.003609 464.36 0.00
E 29 64 0.031751 0.003725 460.23 0.00
E 29 65 0.031742 0.006975 446.75 0.14
E 29 66 0.031031 0.002433 438.68 0.00
E 29 68 0.033733 0.003678 467.87 0.00
E 29 70 0.031838 0.004009 461.97 248.66
E 29 71 0.032944 0.006879 471.03 0.00
E 29 72 0.031870 0.004112 435.56 57.04
E 29 73 0.034127 0.006445 460.72 3.56
E 29 74 0.032010 0.003468 469.40 0.36
E 29 76 0.032358 0.004681 443.00 27.05
E 29 77 0.036731 0.005542 479.20 2.33
E 29 78 0.032163 0.004839 443.32 0.02
E 29 79 0.031872 0.003655 450.28 37.98
E 29 80 0.031655 0.005020 463.30 4.05
E 30 31 0.026224 0.003744 406.00 1.56
E 30 32 0.035363 0.004167 475.61 1.81
E 30 33 0.028154 0.002491 423.52 0.87
E 30 34 0.037554 0.004240 491.14 1.01
E 30 35 0.036008 0.003928 444.80 1.66
E 30 36 0.035083 0.003133 522.36 9.84
E 30 37 0.033162 0.005218 461.92 1.62
E 30 38 0.038821 0.003562 553.97 1.65
E 30 39 0.036008 0.003928 483.98 1.39
E 30 40 0.037669 0.004322 503.79 1.40
E 30 41 0.033449 0.003013 483.97 1.79
E 30 42 0.037176 0.003989 533.03 2.90
E 30 43 0.030826 0.005737 424.14 26.12
E 30 44 0.027790 0.004045 412.73 1.80
E 30 46 0.033811 0.002688 413.27 1.87
E 30 47 0.038821 0.003562 470.28 0.97
E 30 48 0.038199 0.002806 534.16 7.55
E 30 49 0.033917 0.002374 474.23 1.86
E 30 50 0.038821 0.003562 432.28 1.37
E 30 51 0.033639 0.003384 459.40 1.54
E 30 52 0.036426 0.003289 499.64 1.51
E 30 53 0.028051 0.003098 423.39 1.05
E 30 54 0.030308 0.002137 447.32 1.39
E 30 55 0.037827 0.003793 506.22 1.01
E 30 56 0.031360 0.002231 478.47 12.63
E 30 57 0.025907 0.001558 389.49 4.17
E 30 59 0.033417 0.004388 472.62 1.64
E 30 61 0.033304 0.002704 467.89 1.65
E 30 63 0.036389 0.005367 475.41 1.55
E 30 64 0.036186 0.006935 491.67 1.60
E 30 65 0.032934 0.007545 466.78 0.75
E 30 66 0.034211 0.002919 476.42 1.63
E 30 67 0.035662 0.005845 528.06 1.61
E 30 68 0.038600 0.006784 528.04 1.49
E 30 69 0.025224 0.001340 391.68 1.70
E 30 70 0.032881 0.003361 463.41 1.89
E 30 71 0.036481 0.003676 492.44 1.03
E 30 72 0.037552 0.006367 473.54 0.89
E 30 73 0.038133 0.002815 516.50 2.22
E 30 74 0.035383 0.003741 506.12 0.89
E 30 76 0.035116 0.000000 418.65 1.67
E 30 77 0.039580 0.005707 521.57 2.29
E 30 79 0.032272 0.004046 451.04 8.22
E 31 33 0.032490 0.005890 496.83 0.19
E 31 35 0.032291 0.003053 471.06 2.31
E 31 36 0.032165 0.004468 448.65 17.37
E 31 38 0.032501 0.002964 450.70 7.13
E 31 39 0.032945 0.003298 462.91 1.11
E 31 42 0.032140 0.001670 492.13 0.28
E 31 43 0.031170 0.004667 476.07 4.11
E 31 44 0.027027 0.003644 401.27 51.70
E 31 48 0.033033 0.004383 454.77 109.51
E 31 50 0.028505 0.002637 432.80 0.02
E 31 53 0.031606 0.003244 435.70 0.10
E 31 56 0.032119 0.002846 449.13 7.78
E 31 57 0.024199 0.003825 363.62 35.80
E 31 65 0.030280 0.006086 438.96 0.23
E 31 67 0.033786 0.006473 458.32 6.81
E 31 69 0.023920 0.003840 386.53 43.15
E 31 70 0.025959 0.003016 395.44 430.30
E 31 72 0.037940 0.004974 507.89 138.48
E 31 74 0.036743 0.003927 510.47 0.52
E 31 77 0.039204 0.005347 548.58 1.50
E 31 79 0.032842 0.004665 454.06 49.00
E 32 44 0.028018 0.004572 428.92 27.15
E 32 48 0.027065 0.003875 405.13 51.24
E 32 50 0.027001 0.003719 405.07 0.02
E 32 57 0.025822 0.003643 437.83 17.88
E 32 62 0.026780 0.003649 389.55 1.94
E 32 65 0.030328 0.007369 429.74 0.27
E 32 69 0.026739 0.004387 426.64 40.89
E 32 70 0.027524 0.004500 408.26 75.78
E 32 72 0.007330 0.000768 800.00 46.05
E 32 76 0.026860 0.003750 394.76 7.65
E 32 77 0.034966 0.004770 460.73 4.26
E 32 78 0.025956 0.004163 475.70 0.04
E 32 79 0.030082 0.004892 428.13 6.41
E 32 80 0.007282 0.004960 736.00 8.03
E 33 35 0.028678 0.002782 448.16 0.80
E 33 36 0.029945 0.003888 424.70 4.35
E 33 37 0.035566 0.005020 464.59 0.18
E 33 38 0.028295 0.002817 409.52 2.54
E 33 39 0.028950 0.003112 411.13 0.41
E 33 40 0.032189 0.003123 470.09 0.20
E 33 41 0.030697 0.002504 444.05 0.79
E 33 42 0.032004 0.003392 461.70 0.34
E 33 43 0.031326 0.006805 429.98 0.76
E 33 44 0.032350 0.006584 509.59 5.98
E 33 46 0.028463 0.002673 417.18 0.38
E 33 48 0.037148 0.008084 596.91 14.40
E 33 49 0.028564 0.003866 418.22 0.38
E 33 50 0.035566 0.004636 557.12 0.23
E 33 51 0.030725 0.003591 438.13 0.19
E 33 52 0.036188 0.005112 474.36 0.19
E 33 53 0.029393 0.003636 442.21 0.31
E 33 54 0.029579 0.002723 428.91 0.20
E 33 56 0.028670 0.002535 417.67 1.74
E 33 57 0.033945 0.006369 475.78 6.47
E 33 59 0.032803 0.006226 470.54 0.21
E 33 61 0.029201 0.003500 422.43 0.21
E 33 63 0.032784 0.003412 454.55 0.26
E 33 64 0.035566 0.004817 481.62 0.29
E 33 65 0.043061 0.010660 616.52 0.18
E 33 66 0.031332 0.002943 441.21 0.21
E 33 67 0.032382 0.005083 441.68 4.20
E 33 68 0.034284 0.004015 476.87 0.19
E 33 69 0.035888 0.007995 425.62 0.11
E 33 70 0.003953 0.000000 436.00 8.18
E 33 72 0.037940 0.004974 491.17 11.63
E 33 74 0.032178 0.002987 457.92 0.25
E 33 75 0.027986 0.002616 415.99 12.62
E 33 77 0.035539 0.004254 497.71 0.64
E 33 79 0.032292 0.004248 442.01 4.62
E 34 42 0.025800 0.002675 393.61 0.32
E 34 44 0.039057 0.008576 550.11 40.00
E 34 70 0.036658 0.006360 528.97 291.47
E 34 72 0.024847 0.002569 404.03 53.29
E 34 73 0.024659 0.004458 384.67 3.53
E 34 74 0.032139 0.002732 445.73 0.96
E 34 77 0.036478 0.005115 505.36 2.49
E 34 79 0.035492 0.008103 512.84 37.50
E 34 80 0.043257 0.009243 816.10 7.49
E 35 36 0.023947 0.001437 378.66 8.10
E 35 37 0.033080 0.001018 476.78 4.26
E 35 38 0.020618 0.001582 339.20 3.85
E 35 39 0.023007 0.003573 342.39 2.82
E 35 40 0.037403 0.004096 488.01 2.49
E 35 42 0.032157 0.002204 475.44 1.60
E 35 43 0.030840 0.005756 440.94 1.06
E 35 46 0.022890 0.001614 349.85 3.11
E 35 48 0.029348 0.001018 409.90 2.64
E 35 49 0.024493 0.003496 419.35 3.12
E 35 50 0.035200 0.001781 598.33 4.51
E 35 51 0.030650 0.003218 438.56 2.31
E 35 52 0.035826 0.003710 587.29 2.35
E 35 53 0.028209 0.002834 426.51 3.95
E 35 54 0.029004 0.002014 402.57 2.49
E 35 56 0.025360 0.001913 400.72 0.37
E 35 57 0.030026 0.001018 440.93 8.17
E 35 59 0.032357 0.005719 445.88 2.31
E 35 61 0.029306 0.002370 436.15 2.31
E 35 63 0.034776 0.001018 718.22 3.69
E 35 64 0.032402 0.001018 634.35 4.26
E 35 65 0.047496 0.009328 612.97 1.82
E 35 66 0.032184 0.002407 425.87 2.32
E 35 67 0.032451 0.005010 454.06 6.54
E 35 68 0.039288 0.006445 504.64 2.36
E 35 69 0.030366 0.001018 460.83 3.51
E 35 72 0.038844 0.004070 507.57 0.89
E 35 74 0.035398 0.003676 469.58 1.09
E 35 75 0.019393 0.000814 304.39 2.93
E 35 77 0.045233 0.008649 518.15 0.14
E 35 79 0.034343 0.004779 448.42 0.07
E 36 37 0.035241 0.005554 420.53 20.48
E 36 38 0.024251 0.001779 364.90 3.01
E 36 39 0.024005 0.003318 385.93 2.63
E 36 40 0.037680 0.002544 522.79 18.54
E 36 41 0.030519 0.001635 435.50 22.38
E 36 42 0.025823 0.001596 389.13 6.09
E 36 43 0.031182 0.006027 448.85 0.47
E 36 44 0.054789 0.001526 647.15 10.89
E 36 46 0.023664 0.001536 381.20 20.95
E 36 48 0.034208 0.008028 532.25 0.04
E 36 49 0.024478 0.003559 358.39 20.96
E 36 50 0.034209 0.008028 491.28 28.44
E 36 51 0.030706 0.003074 418.86 17.38
E 36 52 0.036189 0.004230 501.70 17.69
E 36 53 0.028029 0.002416 414.65 2.35
E 36 54 0.029808 0.002339 424.17 18.60
E 36 56 0.025342 0.001948 375.78 1.34
E 36 57 0.030898 0.004652 458.56 0.04
E 36 59 0.032328 0.005685 461.29 18.70
E 36 61 0.029098 0.002103 438.57 18.68
E 36 63 0.035740 0.003366 476.96 20.33
E 36 64 0.034504 0.004817 562.69 20.67
E 36 65 0.044499 0.012437 581.55 4.86
E 36 66 0.031257 0.002252 471.03 18.74
E 36 67 0.032361 0.005019 463.58 10.87
E 36 68 0.038843 0.006091 522.87 17.77
E 36 69 0.030898 0.004652 386.88 20.34
E 36 72 0.037940 0.008028 491.85 172.58
E 36 74 0.032055 0.002001 465.38 2.72
E 36 75 0.023145 0.001445 340.00 1.07
E 36 77 0.035486 0.004228 504.36 2.75
E 36 79 0.035177 0.005453 496.03 1.76
E 37 38 0.038505 0.009667 459.63 9.36
E 37 39 0.033080 0.000678 455.71 2.81
E 37 43 0.034494 0.006445 725.52 1.92
E 37 44 0.031120 0.004634 460.79 10.30
E 37 48 0.031123 0.004655 440.62 62.94
E 37 50 0.031162 0.004612 450.66 0.02
E 37 53 0.035241 0.005554 504.44 0.13
E 37 56 0.033081 0.002035 698.80 8.89
E 37 57 0.031177 0.004744 455.96 20.98
E 37 62 0.035745 0.007246 492.86 1.56
E 37 65 0.031183 0.006808 446.40 0.33
E 37 69 0.031276 0.004530 422.39 0.46
E 37 70 0.030965 0.004606 430.26 108.76
E 37 72 0.036302 0.013059 510.37 145.93
E 37 74 0.038887 0.005020 504.88 0.44
E 37 76 0.031312 0.004964 445.70 7.45
E 37 77 0.036247 0.005359 469.83 1.50
E 37 78 0.036182 0.006203 441.75 0.05
E 37 79 0.031684 0.004147 462.70 24.55
E 37 80 0.043256 0.008548 505.03 7.58
E 38 39 0.023037 0.003564 351.94 0.18
E 38 40 0.037402 0.002012 541.37 7.80
E 38 42 0.032004 0.002012 461.89 7.71
E 38 43 0.030543 0.006253 430.80 6.59
E 38 46 0.022776 0.001543 347.66 7.39
E 38 48 0.030025 0.002120 509.24 17.30
E 38 49 0.024170 0.003211 385.51 7.39
E 38 50 0.033854 0.002313 471.28 11.68
E 38 51 0.030540 0.002854 455.61 7.11
E 38 52 0.037270 0.005705 457.35 7.24
E 38 53 0.028018 0.002477 420.31 0.48
E 38 54 0.029097 0.002103 398.52 7.87
E 38 56 0.025328 0.001965 391.71 4.41
E 38 57 0.028725 0.002120 455.91 1.46
E 38 59 0.031236 0.004057 402.65 8.71
E 38 61 0.028929 0.002137 422.79 8.69
E 38 63 0.038336 0.003816 425.28 9.43
E 38 64 0.035113 0.002714 426.72 9.20
E 38 65 0.044865 0.010261 482.15 3.09
E 38 66 0.032015 0.002429 470.22 8.74
E 38 67 0.032779 0.006245 561.99 3.10
E 38 68 0.039286 0.006445 467.28 7.29
E 38 69 0.030703 0.002120 436.82 7.46
E 38 72 0.037940 0.004974 637.48 1.23
E 38 74 0.036292 0.003097 529.03 2.70
E 38 75 0.018663 0.001662 292.58 1.00
E 38 77 0.045232 0.008649 645.56 0.80
E 38 79 0.035354 0.003585 502.62 9.78
E 39 40 0.037403 0.002646 474.04 0.79
E 39 41 0.030109 0.002374 451.30 0.81
E 39 42 0.032004 0.002646 482.84 1.84
E 39 43 0.030839 0.005756 455.48 4.90
E 39 46 0.023969 0.003679 385.20 0.80
E 39 48 0.029263 0.000678 566.47 3.27
E 39 49 0.024493 0.003745 395.79 0.80
E 39 50 0.035200 0.001781 468.91 0.76
E 39 51 0.030649 0.003218 420.79 0.79
E 39 52 0.037260 0.005578 496.98 0.79
E 39 53 0.028208 0.003112 434.25 0.30
E 39 54 0.028941 0.002911 414.33 0.79
E 39 56 0.025347 0.003491 384.26 0.63
E 39 57 0.029263 0.001356 470.19 1.15
E 39 59 0.032325 0.005571 492.10 0.79
E 39 61 0.029173 0.003491 407.30 0.79
E 39 63 0.039637 0.005088 538.65 0.80
E 39 64 0.032401 0.000678 455.80 0.80
E 39 65 0.043143 0.013681 516.52 0.79
E 39 66 0.031316 0.003709 469.21 0.79
E 39 67 0.032439 0.004929 475.27 0.11
E 39 68 0.039287 0.006445 546.95 0.79
E 39 69 0.030874 0.000933 424.94 1.07
E 39 72 0.038844 0.004070 452.01 0.41
E 39 74 0.032205 0.003033 459.99 0.21
E 39 75 0.021881 0.003483 350.30 3.79
E 39 77 0.045233 0.008649 515.69 0.56
E 39 79 0.034479 0.004837 480.71 1.91
E 40 42 0.031449 0.001035 432.27 0.25
E 40 43 0.032111 0.006140 493.81 4.30
E 40 44 0.033554 0.004045 477.10 46.91
E 40 48 0.039503 0.005806 507.77 108.81
E 40 50 0.039297 0.006388 492.17 0.02
E 40 53 0.031878 0.002399 466.22 0.10
E 40 56 0.031020 0.001855 433.94 8.07
E 40 57 0.039399 0.004610 535.00 36.70
E 40 65 0.033767 0.006298 479.94 0.25
E 40 67 0.032365 0.004575 486.16 14.52
E 40 69 0.038825 0.005088 545.82 42.38
E 40 70 0.033767 0.002563 480.30 378.61
E 40 72 0.032067 0.002040 455.56 115.52
E 40 74 0.032767 0.002309 456.41 0.44
E 40 76 0.042013 0.010572 544.81 9.90
E 40 77 0.036845 0.005685 472.61 1.52
E 40 79 0.033303 0.004156 461.07 53.06
E 41 43 0.030697 0.005966 462.13 5.26
E 41 44 0.031525 0.005664 458.93 26.93
E 41 48 0.029684 0.004070 414.59 52.20
E 41 50 0.029651 0.003865 406.40 0.02
E 41 53 0.030327 0.001774 438.64 0.38
E 41 56 0.030233 0.001554 421.42 21.69
E 41 57 0.028511 0.003718 418.02 18.11
E 41 62 0.029398 0.004176 444.18 1.96
E 41 65 0.033799 0.007847 529.54 0.27
E 41 67 0.031661 0.003431 458.17 1.02
E 41 69 0.026739 0.003295 400.88 41.86
E 41 70 0.031330 0.003700 457.46 78.17
E 41 72 0.029681 0.001715 449.17 47.71
E 41 74 0.031018 0.001612 454.65 1.76
E 41 76 0.029553 0.004311 429.99 7.64
E 41 77 0.036107 0.005593 469.42 3.60
E 41 78 0.025074 0.004163 397.78 0.04
E 41 79 0.030987 0.004040 441.53 6.64
E 41 80 0.025730 0.017525 394.58 8.02
E 42 43 0.032666 0.005573 487.41 0.48
E 42 46 0.026196 0.001671 373.50 0.26
E 42 47 0.028020 0.003108 404.30 0.24
E 42 49 0.026213 0.004093 391.21 0.26
E 42 51 0.030617 0.003550 430.82 0.27
E 42 52 0.027321 0.001743 414.45 0.27
E 42 53 0.032004 0.006299 462.00 0.28
E 42 54 0.036244 0.001418 496.56 0.24
E 42 55 0.025792 0.002364 396.95 0.34
E 42 56 0.032157 0.002069 403.99 5.49
E 42 59 0.032628 0.006198 458.91 0.22
E 42 61 0.028992 0.002079 442.55 0.22
E 42 63 0.032122 0.003291 461.03 0.57
E 42 66 0.031472 0.002405 442.68 0.21
E 42 67 0.031941 0.005094 436.48 1.62
E 42 68 0.034032 0.003977 481.10 0.26
E 42 71 0.032447 0.006070 453.02 0.32
E 42 72 0.025810 0.001964 371.74 11.37
E 42 73 0.025976 0.004585 378.34 1.97
E 42 74 0.032152 0.002078 462.87 0.44
E 42 77 0.035869 0.004773 514.81 4.37
E 42 79 0.035418 0.002837 532.85 11.06
E 43 44 0.030010 0.006036 453.45 5.88
E 43 46 0.031076 0.006056 448.82 4.35
E 43 48 0.034493 0.006445 590.86 1.03
E 43 49 0.030867 0.005906 442.70 4.35
E 43 51 0.030765 0.005357 455.16 4.11
E 43 52 0.036092 0.005445 502.46 4.17
E 43 53 0.031476 0.006883 435.78 1.07
E 43 54 0.031058 0.006515 443.41 4.30
E 43 56 0.031501 0.006980 443.88 14.56
E 43 57 0.034493 0.006445 462.51 1.15
E 43 59 0.032803 0.006226 473.68 3.84
E 43 61 0.030829 0.005542 444.76 3.83
E 43 63 0.032468 0.006128 476.90 4.77
E 43 65 0.047497 0.009328 623.53 4.43
E 43 66 0.031334 0.005720 469.31 3.87
E 43 67 0.032427 0.005726 486.73 2.09
E 43 68 0.034035 0.005882 472.76 4.17
E 43 69 0.034493 0.006445 491.47 4.67
E 43 72 0.037941 0.006444 505.14 4.13
E 43 74 0.032143 0.005882 455.02 4.00
E 43 75 0.030242 0.005586 414.60 1.21
E 43 77 0.035397 0.005738 488.18 4.49
E 43 79 0.032280 0.005673 455.19 4.70
E 44 48 0.031773 0.006249 437.60 4.04
E 44 50 0.028101 0.003881 435.90 24.31
E 44 51 0.033135 0.006484 502.68 51.16
E 44 52 0.034418 0.007274 518.94 50.07
E 44 53 0.036472 0.009271 504.24 31.84
E 44 54 0.029657 0.004227 449.46 46.68
E 44 55 0.039335 0.007538 522.95 39.24
E 44 57 0.027631 0.003607 389.00 9.13
E 44 58 0.033434 0.007123 456.36 26.53
E 44 59 0.033269 0.008537 466.23 54.70
E 44 60 0.033434 0.007123 481.95 26.21
E 44 61 0.029960 0.005789 510.39 55.04
E 44 63 0.033490 0.004125 459.62 25.37
E 44 64 0.027979 0.003971 389.14 25.49
E 44 65 0.030140 0.006778 427.93 7.19
E 44 68 0.033864 0.004263 470.26 49.65
E 44 69 0.027573 0.003736 402.70 16.61
E 44 70 0.028269 0.003980 417.45 0.56
E 44 71 0.038336 0.007259 514.06 38.97
E 44 72 0.039039 0.014779 506.30 2.47
E 44 74 0.037759 0.006377 512.83 5.54
E 44 76 0.037968 0.005879 555.24 8.67
E 44 77 0.035539 0.004283 502.22 2.85
E 44 78 0.038691 0.006476 534.38 24.71
E 44 79 0.031815 0.004225 439.28 5.19
E 44 80 0.039805 0.017525 628.77 3.47
E 46 53 0.027815 0.002434 401.14 0.11
E 46 56 0.025339 0.002005 390.40 4.83
E 46 67 0.031989 0.004675 467.28 1.18
E 46 74 0.031939 0.001949 463.12 1.80
E 46 75 0.022934 0.001572 354.36 11.75
E 46 77 0.034507 0.004330 456.76 1.54
E 46 79 0.034883 0.004731 479.79 124.05
E 47 67 0.032712 0.006982 469.13 24.08
E 47 70 0.012037 0.000256 1156.00 378.31
E 47 72 0.027421 0.004529 401.26 40.20
E 47 73 0.020139 0.004394 311.57 3.80
E 47 74 0.035806 0.002601 489.94 1.41
E 47 77 0.039163 0.004876 479.08 4.57
E 47 79 0.035491 0.003467 458.48 128.81
E 48 50 0.021588 0.003613 338.26 88.15
E 48 51 0.032358 0.002862 520.58 109.58
E 48 52 0.034968 0.002431 429.98 107.48
E 48 53 0.031976 0.003816 467.26 3.05
E 48 54 0.036605 0.002431 522.03 110.51
E 48 56 0.029688 0.002035 497.25 0.75
E 48 57 0.026050 0.003712 366.71 0.27
E 48 58 0.021243 0.004150 346.01 47.55
E 48 60 0.021243 0.003344 343.69 46.53
E 48 62 0.020903 0.003018 327.92 2.91
E 48 63 0.037524 0.004070 571.25 97.32
E 48 64 0.026144 0.004003 413.41 61.96
E 48 65 0.030531 0.006791 421.97 7.08
E 48 68 0.039717 0.006033 435.87 107.77
E 48 69 0.025722 0.004409 370.46 85.70
E 48 70 0.026251 0.003334 387.82 2.16
E 48 71 0.033411 0.007454 471.13 140.43
E 48 72 0.038845 0.004070 481.23 22.44
E 48 74 0.039571 0.002714 547.60 6.30
E 48 76 0.020904 0.002983 326.37 0.31
E 48 77 0.045234 0.008649 530.31 1.01
E 48 78 0.019752 0.003251 301.37 30.49
E 48 79 0.034233 0.002917 489.04 2.18
E 48 80 0.019656 0.003364 328.64 0.50
E 49 53 0.027828 0.003907 408.05 0.11
E 49 56 0.025261 0.003488 382.37 4.83
E 49 67 0.032005 0.004618 451.12 1.16
E 49 74 0.031940 0.003731 451.96 1.73
E 49 75 0.024470 0.003448 371.37 11.72
E 49 77 0.034569 0.004679 461.58 1.53
E 49 79 0.034616 0.004330 479.49 122.93
E 50 51 0.032358 0.002862 474.69 0.02
E 50 52 0.035057 0.002318 489.50 0.02
E 50 53 0.032589 0.001696 487.50 0.15
E 50 54 0.036605 0.001809 474.16 0.02
E 50 55 0.032984 0.001938 513.07 0.01
E 50 56 0.013283 0.000672 1428.00 5.19
E 50 57 0.026828 0.003327 446.52 25.97
E 50 58 0.021317 0.003920 331.45 0.02
E 50 60 0.021178 0.001599 362.09 0.02
E 50 62 0.021232 0.001393 350.49 1.78
E 50 63 0.037470 0.003669 478.66 0.03
E 50 64 0.025954 0.004074 397.39 0.03
E 50 65 0.030652 0.006601 478.67 0.21
E 50 68 0.039717 0.006033 508.79 0.02
E 50 69 0.028886 0.002673 401.53 0.02
E 50 70 0.026660 0.002343 406.63 48.69
E 50 71 0.031686 0.004636 551.54 0.01
E 50 72 0.037940 0.004974 640.10 70.04
E 50 74 0.039571 0.002714 521.01 0.57
E 50 76 0.021069 0.001552 349.95 7.22
E 50 77 0.044272 0.008480 592.95 1.42
E 50 78 0.030842 0.002307 461.49 0.02
E 50 79 0.034232 0.001470 611.21 18.76
E 50 80 0.043256 0.002374 444.73 7.24
E 51 53 0.030713 0.003208 443.28 0.10
E 51 56 0.030711 0.003231 441.00 4.96
E 51 57 0.033145 0.003636 462.79 35.95
E 51 65 0.035660 0.009366 517.86 0.67
E 51 67 0.032572 0.004793 449.44 6.60
E 51 69 0.032286 0.002714 472.51 170.45
E 51 70 0.032556 0.003418 472.11 424.31
E 51 72 0.034944 0.006274 498.51 135.80
E 51 74 0.032012 0.003247 458.64 0.51
E 51 77 0.036071 0.004815 476.04 1.50
E 51 79 0.032632 0.004415 464.93 50.52
E 52 53 0.036189 0.004230 529.51 0.10
E 52 56 0.035731 0.003423 475.15 7.86
E 52 57 0.035282 0.002770 517.37 35.58
E 52 65 0.034790 0.008335 486.96 0.24
E 52 67 0.032188 0.004583 427.45 9.10
E 52 69 0.035396 0.002572 540.35 44.75
E 52 70 0.033233 0.003053 478.46 413.14
E 52 72 0.027668 0.002113 397.67 130.91
E 52 73 0.025630 0.003829 398.26 21.62
E 52 74 0.032356 0.002418 462.90 0.49
E 52 77 0.036015 0.004568 500.20 1.50
E 52 79 0.036030 0.005385 491.55 50.38
E 53 54 0.029535 0.003240 438.20 0.10
E 53 56 0.028454 0.003263 413.54 1.18
E 53 57 0.033545 0.004706 466.64 2.78
E 53 59 0.032803 0.006226 466.11 0.10
E 53 61 0.029259 0.002761 446.18 0.10
E 53 63 0.032784 0.003412 474.05 0.12
E 53 64 0.034504 0.004817 392.29 0.13
E 53 65 0.044499 0.012437 538.87 0.19
E 53 66 0.031489 0.002659 462.49 0.10
E 53 67 0.032382 0.005083 470.00 0.04
E 53 68 0.034223 0.004022 477.17 0.09
E 53 69 0.033545 0.004706 529.71 0.09
E 53 72 0.037940 0.004974 656.29 13.96
E 53 74 0.032137 0.002573 441.51 0.08
E 53 75 0.027576 0.002491 412.23 32.27
E 53 77 0.035597 0.004386 470.58 0.59
E 53 79 0.032205 0.004378 434.36 3.91
E 54 56 0.029129 0.001843 413.36 8.07
E 54 57 0.034660 0.002401 500.57 37.23
E 54 65 0.034709 0.008270 474.86 0.24
E 54 67 0.032921 0.004791 470.38 12.87
E 54 69 0.034954 0.001714 477.36 40.66
E 54 70 0.033864 0.003101 484.97 375.45
E 54 72 0.036580 0.006784 476.90 114.53
E 54 74 0.032287 0.002105 447.03 0.44
E 54 75 0.027368 0.002129 384.63 39.76
E 54 76 0.037151 0.008607 474.45 10.18
E 54 77 0.035772 0.004250 505.02 1.53
E 54 79 0.032387 0.004008 479.65 54.68
E 55 62 0.024058 0.000746 485.07 2.21
E 55 65 0.029463 0.002148 420.57 0.20
E 55 70 0.036658 0.005276 494.71 283.18
E 55 72 0.025099 0.002378 385.26 53.63
E 55 73 0.020206 0.004758 336.71 3.53
E 55 74 0.035736 0.002393 494.64 0.96
E 55 76 0.025844 0.001823 379.52 9.41
E 55 77 0.036310 0.005058 485.67 2.49
E 55 78 0.022867 0.003204 312.10 0.05
E 55 79 0.035492 0.003467 489.25 35.82
E 55 80 0.029010 0.014246 415.60 7.58
E 56 57 0.008402 0.000576 876.00 4.16
E 56 59 0.032349 0.005722 464.07 7.68
E 56 61 0.029507 0.002497 438.29 7.68
E 56 63 0.031786 0.002701 446.87 8.75
E 56 64 0.032402 0.000000 550.69 8.88
E 56 65 0.005282 0.000192 544.00 33.95
E 56 66 0.031517 0.002726 427.32 7.70
E 56 67 0.032263 0.004869 441.27 2.16
E 56 68 0.039288 0.006445 596.49 7.87
E 56 69 0.031723 0.002035 441.74 8.95
E 56 72 0.038845 0.004070 419.97 5.89
E 56 74 0.032123 0.002090 460.00 1.61
E 56 75 0.024892 0.001687 385.18 7.79
E 56 77 0.046307 0.009412 536.55 0.09
E 56 79 0.031827 0.004228 452.90 0.14
E 57 58 0.026479 0.004692 422.17 16.88
E 57 60 0.026376 0.002520 390.53 16.59
E 57 62 0.027953 0.006728 420.26 6.44
E 57 63 0.037432 0.003856 531.75 34.65
E 57 64 0.033918 0.006865 468.27 20.70
E 57 65 0.030181 0.006452 488.90 3.44
E 57 68 0.039183 0.005667 514.45 35.77
E 57 69 0.019695 0.001608 304.55 29.26
E 57 70 0.026125 0.002251 396.78 22.71
E 57 72 0.038845 0.004070 533.91 7.71
E 57 74 0.038887 0.002925 524.00 4.87
E 57 76 0.028782 0.007651 376.03 0.72
E 57 77 0.045234 0.008649 550.66 3.71
E 57 79 0.031717 0.004009 436.41 41.71
E 58 62 0.020669 0.003691 315.15 1.89
E 58 65 0.034905 0.009778 462.22 0.26
E 58 69 0.026827 0.004097 364.41 37.24
E 58 70 0.031353 0.005731 474.78 80.75
E 58 72 0.038847 0.004070 670.19 43.83
E 58 76 0.020519 0.003661 333.76 7.75
E 58 77 0.049362 0.005088 729.45 6.08
E 58 78 0.020187 0.003572 315.47 0.04
E 58 80 0.019679 0.003736 304.40 8.35
E 59 67 0.032419 0.004950 456.50 1.69
E 59 72 0.032996 0.007698 473.91 158.58
E 59 74 0.032605 0.005222 471.63 0.64
E 59 75 0.032003 0.004290 443.26 8.26
E 59 77 0.036059 0.006388 501.74 1.50
E 59 79 0.032709 0.005858 473.13 66.08
E 60 62 0.019279 0.001922 319.85 1.90
E 60 65 0.035499 0.010354 489.98 0.26
E 60 69 0.026828 0.001696 441.50 36.24
E 60 70 0.031908 0.004240 432.99 83.96
E 60 72 0.038847 0.004070 486.34 43.69
E 60 76 0.019229 0.001916 300.79 7.79
E 60 77 0.002065 0.000000 200.00 6.26
E 60 78 0.019125 0.002006 292.12 0.04
E 60 80 0.018469 0.002277 304.11 8.49
E 61 67 0.032083 0.004858 469.11 1.69
E 61 72 0.038845 0.004070 495.77 159.54
E 61 74 0.032050 0.002091 461.25 0.65
E 61 75 0.029082 0.001932 445.11 8.28
E 61 77 0.036060 0.004775 495.15 1.50
E 61 79 0.032239 0.004330 462.07 64.33
E 62 63 0.038375 0.004934 516.65 2.92
E 62 64 0.026161 0.004209 392.28 2.61
E 62 65 0.036526 0.010515 477.93 0.12
E 62 69 0.029390 0.006728 393.88 2.18
E 62 70 0.036019 0.005163 551.82 8.54
E 62 71 0.033059 0.006730 487.20 4.06
E 62 76 0.018622 0.001384 303.05 0.64
E 62 78 0.017535 0.002272 266.35 0.90
E 62 80 0.017576 0.001452 284.12 1.18
E 63 65 0.033585 0.006854 466.46 0.31
E 63 69 0.037848 0.004365 594.52 50.97
E 63 70 0.033540 0.003327 451.49 115.01
E 63 72 0.033074 0.003342 455.57 80.93
E 63 74 0.033091 0.003420 473.62 0.62
E 63 76 0.037686 0.005148 533.85 7.45
E 63 77 0.036694 0.005729 492.54 1.79
E 63 78 0.036303 0.002162 489.07 0.05
E 63 79 0.033007 0.004196 475.14 29.61
E 63 80 0.049701 0.000000 692.60 7.57
E 64 65 0.030393 0.006874 434.84 0.32
E 64 69 0.035970 0.006909 463.76 52.58
E 64 70 0.026702 0.003668 402.48 104.84
E 64 72 0.036713 0.013059 514.70 149.25
E 64 74 0.038317 0.005597 560.61 0.70
E 64 76 0.025607 0.004105 415.26 7.43
E 64 77 0.042095 0.007779 529.94 1.50
E 64 78 0.033504 0.002968 455.15 0.05
E 64 79 0.035487 0.007869 531.48 24.31
E 64 80 0.043256 0.002714 610.73 7.61
E 65 68 0.034030 0.007249 466.81 0.24
E 65 69 0.030182 0.006452 454.65 0.29
E 65 70 0.029927 0.006815 430.88 8.11
E 65 71 0.032652 0.007861 466.04 0.20
E 65 72 0.039456 0.011242 600.01 4.48
E 65 74 0.041431 0.009497 536.36 0.25
E 65 76 0.036669 0.011134 518.72 0.83
E 65 77 0.036247 0.007249 500.17 1.25
E 65 78 0.041433 0.009498 521.32 0.26
E 65 79 0.031855 0.006030 454.67 26.04
E 65 80 0.047101 0.007462 625.52 1.62
E 66 67 0.032195 0.004735 457.39 1.69
E 66 72 0.031538 0.002410 456.47 157.72
E 66 74 0.031948 0.002217 453.02 0.63
E 66 75 0.029123 0.001244 438.62 8.25
E 66 77 0.036059 0.004775 522.89 1.50
E 66 79 0.031965 0.004076 463.86 67.82
E 67 68 0.033467 0.004583 455.04 9.08
E 67 71 0.033272 0.007462 474.98 0.83
E 67 72 0.032411 0.004088 429.68 1.88
E 67 73 0.030706 0.005540 389.94 0.77
E 67 74 0.032656 0.004827 476.92 1.87
E 67 75 0.031179 0.005936 441.66 3.81
E 67 77 0.034632 0.004460 496.13 1.04
E 67 79 0.031625 0.004909 469.89 9.13
E 68 69 0.039716 0.006033 488.31 44.32
E 68 70 0.033674 0.003741 459.76 408.41
E 68 72 0.033870 0.003817 472.62 128.77
E 68 74 0.034176 0.003844 474.28 0.48
E 68 77 0.036727 0.005751 490.63 1.50
E 68 79 0.034506 0.004521 468.17 51.34
E 69 70 0.026126 0.002251 385.15 47.23
E 69 72 0.038845 0.004070 472.70 156.73
E 69 74 0.038887 0.002925 508.08 0.32
E 69 76 0.029832 0.007651 459.18 3.48
E 69 77 0.045234 0.008649 572.06 1.51
E 69 79 0.031717 0.004009 462.17 22.72
E 70 71 0.032641 0.006319 446.36 279.92
E 70 72 0.037064 0.009921 562.75 9.86
E 70 74 0.037732 0.006493 519.83 6.71
E 70 76 0.037064 0.005936 584.16 5.38
E 70 77 0.036247 0.005359 468.40 0.24
E 70 78 0.039668 0.005718 480.44 14.02
E 70 79 0.031763 0.004295 445.24 0.11
E 70 80 0.039182 0.011058 417.63 0.59
E 71 72 0.032646 0.006033 471.20 57.38
E 71 73 0.032585 0.006313 431.61 3.54
E 71 74 0.032497 0.006438 475.34 0.87
E 71 76 0.032734 0.006369 481.02 10.96
E 71 77 0.037013 0.005956 476.98 2.30
E 71 78 0.032779 0.006570 479.36 0.05
E 71 79 0.035491 0.003467 553.53 37.51
E 71 80 0.030197 0.014246 491.59 7.61
E 72 73 0.024668 0.004458 377.39 2.54
E 72 74 0.032321 0.002389 493.76 4.64
E 72 76 0.036303 0.013059 436.38 3.84
E 72 77 0.036658 0.005115 504.90 2.38
E 72 79 0.035937 0.011338 586.79 4.33
E 73 74 0.038809 0.003618 603.72 2.17
E 73 77 0.040627 0.005993 500.00 2.96
E 73 79 0.035491 0.003467 503.10 3.45
E 74 77 0.036223 0.004692 494.40 0.55
E 74 79 0.032231 0.003868 460.83 3.82
E 75 79 0.003057 0.000000 324.00 682.14
E 76 77 0.043172 0.006275 600.80 0.23
E 76 78 0.018458 0.002770 290.25 6.80
E 76 80 0.018380 0.001517 296.95 1.86
E 77 79 0.035937 0.004763 491.32 0.14
E 78 80 0.016095 0.002144 257.37 3.86
END

SECTION Terminals
Root 61
Terminals 17
T 29
T 37
T 2
T 10
T 2
T 18
T 59
T 15
T 3
T 56
T 72
T 77
T 57
T 34
T 67
T 27
T 20
END

EOF