SECTION Comment
CREATOR "Carlos Araujo"
REMARK "Instance for QoS Multicast Routing Problem"
QoS METRICS "delay, jitter, bandwidth and estimate of link duration"
END

SECTION Graph
Nodes 80
Edges 1800

E 1 3 0.030204 0.002707 434.80 7.76
E 1 4 0.030182 0.004245 435.20 3.48
E 1 5 0.034736 0.004674 455.52 13.50
E 1 6 0.033706 0.004791 458.47 0.82
E 1 7 0.028484 0.003502 416.88 9.45
E 1 8 0.034307 0.003920 513.69 1.66
E 1 9 0.028900 0.003359 446.43 1.07
E 1 11 0.028299 0.004193 443.84 7.96
E 1 12 0.036409 0.005443 484.80 2.68
E 1 13 0.032101 0.004327 457.05 17.85
E 1 16 0.035688 0.005688 573.91 0.73
E 1 17 0.033675 0.003853 505.12 115.32
E 1 18 0.031909 0.003310 428.48 2.65
E 1 19 0.027596 0.003451 428.43 0.81
E 1 20 0.027870 0.003329 426.73 2.96
E 1 21 0.027870 0.003317 405.97 2.29
E 1 22 0.033431 0.003830 432.16 0.77
E 1 23 0.031974 0.002571 423.07 0.85
E 1 24 0.034323 0.004674 470.35 0.25
E 1 25 0.027870 0.003317 403.50 0.02
E 1 26 0.033881 0.003716 472.46 0.03
E 1 30 0.034499 0.004855 474.86 3.00
E 1 31 0.035595 0.005371 520.41 4.08
E 1 33 0.033895 0.004409 487.11 5.95
E 1 34 0.027869 0.003317 405.30 8.40
E 1 35 0.035008 0.004770 468.26 0.69
E 1 36 0.028218 0.003092 412.41 15.47
E 1 38 0.035696 0.004022 482.51 0.04
E 1 39 0.034675 0.004889 508.00 0.18
E 1 40 0.032518 0.003121 440.23 0.41
E 1 41 0.030809 0.003082 445.57 1.33
E 1 42 0.028227 0.003379 408.46 2.27
E 1 43 0.033316 0.004410 485.72 0.56
E 1 46 0.027890 0.003163 390.52 4.06
E 1 47 0.028573 0.004393 457.61 0.39
E 1 49 0.027945 0.003911 412.36 4.02
E 1 51 0.030674 0.002926 441.46 2.35
E 1 52 0.027873 0.003245 411.35 3.39
E 1 53 0.033256 0.004200 459.42 0.52
E 1 54 0.031648 0.003528 464.24 0.38
E 1 55 0.026406 0.003041 374.16 0.32
E 1 56 0.033257 0.004200 446.08 1.45
E 1 59 0.032956 0.005778 463.28 1.39
E 1 61 0.029556 0.002909 439.09 3.67
E 1 63 0.032818 0.003001 477.22 0.80
E 1 66 0.032122 0.003072 470.72 59.04
E 1 67 0.033263 0.005081 454.93 17.92
E 1 68 0.033022 0.003228 494.56 26.72
E 1 71 0.032936 0.006458 477.48 5.37
E 1 72 0.027870 0.003317 385.73 26.78
E 1 73 0.025745 0.003795 353.22 4.83
E 1 74 0.031626 0.002989 455.67 79.06
E 1 77 0.034643 0.004518 477.27 100.93
E 1 79 0.033510 0.006352 490.36 218.19
E 2 6 0.034377 0.005507 442.86 781.16
E 2 8 0.025651 0.002714 404.17 186.06
E 2 10 0.028265 0.002349 410.29 8.87
E 2 11 0.032854 0.006633 434.09 2.12
E 2 12 0.031321 0.005857 464.00 11.59
E 2 13 0.031027 0.004736 440.04 0.97
E 2 14 0.024541 0.002330 363.24 3.39
E 2 15 0.024416 0.004404 386.85 9.23
E 2 16 0.020328 0.002123 351.89 55.88
E 2 23 0.033312 0.004700 476.97 25.48
E 2 27 0.022804 0.001956 382.99 0.02
E 2 29 0.031092 0.003088 428.98 5.26
E 2 30 0.022294 0.002578 360.63 8.47
E 2 31 0.022681 0.002012 349.36 1155.09
E 2 32 0.027422 0.004075 393.33 1128.59
E 2 37 0.029841 0.003908 455.15 8.47
E 2 40 0.033251 0.003454 487.42 5.21
E 2 41 0.035836 0.006250 500.58 55.53
E 2 44 0.026231 0.003158 413.78 4.96
E 2 48 0.022711 0.003533 380.85 3.33
E 2 50 0.022689 0.001916 345.05 0.00
E 2 52 0.027597 0.001413 645.75 2.90
E 2 57 0.022697 0.001696 360.76 0.29
E 2 58 0.022783 0.004614 350.71 0.86
E 2 60 0.022741 0.002122 368.52 0.84
E 2 62 0.022638 0.001381 374.34 374.13
E 2 63 0.031952 0.002532 457.34 0.81
E 2 64 0.024162 0.003533 385.68 1.19
E 2 65 0.028585 0.005258 410.35 68.52
E 2 68 0.031169 0.003606 424.69 1.42
E 2 69 0.023531 0.002307 327.93 1.30
E 2 70 0.025645 0.002108 390.37 7.82
E 2 71 0.037761 0.004274 527.13 0.18
E 3 4 0.032784 0.001460 456.96 0.08
E 3 5 0.032892 0.002554 467.95 28.21
E 3 6 0.032960 0.003147 454.63 0.08
E 3 7 0.030762 0.004056 473.07 6.96
E 3 8 0.034306 0.002827 457.11 5.79
E 3 9 0.032782 0.001668 424.73 1.92
E 3 11 0.028018 0.002726 425.16 20.84
E 3 12 0.036657 0.005444 488.89 1.96
E 3 13 0.033081 0.000000 655.90 2.73
E 3 16 0.033259 0.005450 473.34 0.19
E 3 17 0.033617 0.003799 477.92 0.42
E 3 18 0.032782 0.001460 450.80 35.66
E 3 19 0.028018 0.002233 406.35 1.29
E 3 20 0.026375 0.003239 378.88 8.36
E 3 21 0.027598 0.002267 420.11 29.87
E 3 22 0.032782 0.002544 468.16 13.54
E 3 24 0.032784 0.001460 439.74 6.93
E 3 25 0.028019 0.002822 425.13 3.83
E 3 26 0.034196 0.003116 464.37 2.11
E 3 30 0.032959 0.002018 502.64 0.19
E 3 31 0.033478 0.001736 494.51 0.47
E 3 33 0.032782 0.004409 457.62 12.79
E 3 34 0.028019 0.002241 402.91 2.08
E 3 35 0.032784 0.001460 459.94 11.49
E 3 36 0.030319 0.003358 456.22 1.90
E 3 38 0.034464 0.002092 478.49 3.88
E 3 39 0.032784 0.003292 444.26 9.97
E 3 40 0.038065 0.004138 480.54 1.07
E 3 41 0.033210 0.001770 493.70 0.31
E 3 42 0.027826 0.002386 405.70 0.34
E 3 43 0.032782 0.004390 512.31 0.29
E 3 46 0.030226 0.001844 436.85 2.42
E 3 47 0.024422 0.002801 398.09 0.14
E 3 49 0.029579 0.003979 430.99 2.48
E 3 51 0.031701 0.003652 468.36 0.51
E 3 52 0.029933 0.002252 426.53 3.58
E 3 53 0.032782 0.002239 442.25 3.25
E 3 54 0.032784 0.002420 443.80 1.63
E 3 55 0.024832 0.003415 379.84 0.50
E 3 56 0.032783 0.002859 407.82 0.32
E 3 59 0.032999 0.003425 489.21 0.53
E 3 61 0.030386 0.002333 439.25 2.95
E 3 63 0.037177 0.007321 505.38 1.65
E 3 66 0.033888 0.002739 457.27 1.40
E 3 67 0.037359 0.007427 508.55 4.61
E 3 68 0.036059 0.003981 498.57 1.23
E 3 71 0.033726 0.006606 434.40 4.37
E 3 72 0.028019 0.002233 437.32 1.21
E 3 73 0.020673 0.007359 356.94 18.32
E 3 74 0.033892 0.003436 453.67 6.17
E 3 77 0.037627 0.006365 477.43 5.11
E 3 79 0.033510 0.006352 445.71 2.31
E 4 5 0.031044 0.003571 476.60 2.71
E 4 6 0.033215 0.003894 432.96 0.21
E 4 7 0.034114 0.004986 472.33 0.68
E 4 8 0.031707 0.003964 432.99 9.08
E 4 9 0.028842 0.003012 411.12 2.12
E 4 11 0.028964 0.005382 454.72 218.08
E 4 12 0.037118 0.006590 466.55 0.39
E 4 13 0.032262 0.004216 443.96 2.24
E 4 17 0.031133 0.002544 442.97 0.24
E 4 18 0.027112 0.001395 447.15 0.62
E 4 22 0.027324 0.001421 406.76 69.83
E 4 23 0.030343 0.002162 422.88 149.92
E 4 24 0.026723 0.001258 401.58 146.46
E 4 26 0.029555 0.002150 421.25 0.92
E 4 29 0.031032 0.002433 437.33 0.16
E 4 30 0.027669 0.001274 434.38 49.77
E 4 31 0.029145 0.001018 446.51 0.77
E 4 33 0.028204 0.002422 407.85 0.65
E 4 34 0.027005 0.004723 407.08 0.00
E 4 35 0.026719 0.001296 402.76 260.44
E 4 36 0.026652 0.001605 395.48 0.86
E 4 38 0.026736 0.001743 406.96 4.86
E 4 39 0.026752 0.003536 404.99 5.82
E 4 40 0.030011 0.001374 433.37 3.76
E 4 42 0.027672 0.001675 398.47 0.06
E 4 43 0.030542 0.005727 447.21 0.54
E 4 46 0.026611 0.001562 381.90 1.20
E 4 49 0.026571 0.003770 404.83 1.18
E 4 51 0.030217 0.003220 438.18 0.99
E 4 52 0.027005 0.002282 459.75 4.42
E 4 53 0.027907 0.002899 408.76 5.11
E 4 54 0.028131 0.001804 426.13 10.10
E 4 56 0.026763 0.002208 414.21 0.39
E 4 59 0.032940 0.005896 513.24 0.64
E 4 61 0.029171 0.002066 404.73 0.95
E 4 63 0.030886 0.002015 436.22 0.21
E 4 66 0.032187 0.002924 430.70 0.78
E 4 67 0.033023 0.004521 459.29 1.94
E 4 68 0.031931 0.003103 470.26 0.91
E 4 71 0.029689 0.008819 416.29 3.91
E 4 74 0.030972 0.001669 453.95 0.43
E 4 75 0.026775 0.001168 410.25 0.55
E 4 77 0.033278 0.003474 464.08 1.81
E 4 79 0.030795 0.004042 426.72 0.15
E 5 6 0.032731 0.003375 480.45 34.40
E 5 7 0.034454 0.004390 486.80 55.48
E 5 8 0.029427 0.003075 425.58 164.89
E 5 9 0.032215 0.004056 460.72 9.78
E 5 10 0.028629 0.002555 429.64 2.30
E 5 11 0.033690 0.002713 451.04 0.40
E 5 12 0.032408 0.005128 481.73 20.29
E 5 13 0.034570 0.005414 474.50 1.49
E 5 14 0.028106 0.002608 415.23 2.90
E 5 16 0.033690 0.006256 460.12 56.99
E 5 17 0.031083 0.002759 435.69 2.10
E 5 18 0.031555 0.003836 468.34 52.34
E 5 19 0.033691 0.002713 440.64 0.00
E 5 20 0.035002 0.000678 559.04 0.08
E 5 21 0.035002 0.000678 433.93 15.55
E 5 22 0.031555 0.003836 474.91 131.38
E 5 23 0.032322 0.003239 447.43 0.00
E 5 24 0.032590 0.003580 443.83 9.52
E 5 25 0.033690 0.005767 401.84 16.72
E 5 26 0.031520 0.003075 459.15 8.53
E 5 27 0.031591 0.003211 460.85 0.10
E 5 29 0.031499 0.002843 454.17 2.43
E 5 30 0.028545 0.002687 397.40 3.74
E 5 31 0.028412 0.002819 425.24 29.70
E 5 33 0.031191 0.003665 453.14 81.56
E 5 34 0.035002 0.001264 513.20 0.00
E 5 35 0.031999 0.002926 481.15 0.00
E 5 36 0.032417 0.003231 461.22 0.01
E 5 37 0.029827 0.004088 450.45 11.00
E 5 38 0.034379 0.002883 523.78 79.05
E 5 39 0.034380 0.002883 522.63 20.34
E 5 40 0.032475 0.002527 457.71 4.85
E 5 41 0.033023 0.003945 490.90 3.23
E 5 42 0.033892 0.001899 534.65 2.54
E 5 43 0.031807 0.006375 468.52 54.03
E 5 44 0.027971 0.003202 416.74 4.04
E 5 46 0.032571 0.003194 424.28 88.27
E 5 47 0.033893 0.001900 419.30 17.75
E 5 49 0.033715 0.003604 482.79 87.49
E 5 51 0.031475 0.003748 454.57 4.13
E 5 52 0.034166 0.002277 492.58 1.53
E 5 53 0.031556 0.003836 454.11 40.08
E 5 54 0.030765 0.003289 445.83 8.16
E 5 55 0.035002 0.000678 501.71 21.63
E 5 56 0.032401 0.004274 444.29 193.78
E 5 57 0.027797 0.002544 410.28 0.23
E 5 59 0.032464 0.003928 478.30 233.39
E 5 61 0.031373 0.003748 466.74 76.22
E 5 63 0.032512 0.003392 435.09 0.99
E 5 64 0.026509 0.003142 433.90 2.71
E 5 65 0.027918 0.005766 438.55 0.00
E 5 66 0.033669 0.003818 495.72 0.32
E 5 67 0.035849 0.005936 439.28 0.25
E 5 68 0.033369 0.003963 481.07 0.43
E 5 69 0.027389 0.002522 441.79 0.56
E 5 70 0.027848 0.002480 418.19 3.63
E 5 71 0.033690 0.003265 486.69 356.39
E 5 72 0.035002 0.000678 427.39 19.96
E 5 74 0.032658 0.003548 474.21 0.00
E 6 7 0.034715 0.003986 489.11 2.30
E 6 8 0.032771 0.003498 455.31 1.40
E 6 9 0.033225 0.004371 463.74 0.66
E 6 10 0.032709 0.003332 463.41 0.83
E 6 11 0.034216 0.005718 471.27 25.19
E 6 12 0.032772 0.004774 454.49 0.52
E 6 13 0.032885 0.004918 471.48 7.35
E 6 14 0.031931 0.002676 458.30 0.34
E 6 15 0.033102 0.003053 477.53 4.89
E 6 17 0.033210 0.003811 458.35 0.89
E 6 18 0.032616 0.003677 435.40 0.89
E 6 19 0.034436 0.005905 517.86 0.12
E 6 20 0.034535 0.005063 476.00 0.15
E 6 21 0.034457 0.004882 506.67 2.77
E 6 22 0.032616 0.003677 476.44 2.62
E 6 23 0.032885 0.003703 459.82 1.00
E 6 24 0.029688 0.000000 321.29 3.87
E 6 25 0.034265 0.004692 479.90 4.42
E 6 26 0.032708 0.003702 468.17 0.62
E 6 27 0.032810 0.003463 456.91 116.46
E 6 29 0.033035 0.003491 482.98 0.36
E 6 30 0.031782 0.002585 447.58 0.14
E 6 31 0.031862 0.003383 449.40 0.10
E 6 32 0.033483 0.004167 472.93 0.03
E 6 33 0.032510 0.003547 488.16 3.23
E 6 34 0.034274 0.004357 479.12 0.67
E 6 35 0.029688 0.000000 324.41 3.20
E 6 36 0.032597 0.004083 462.74 0.36
E 6 37 0.032928 0.004100 454.75 3.76
E 6 38 0.029688 0.000000 535.69 0.89
E 6 39 0.002801 0.000000 292.00 0.24
E 6 40 0.032869 0.003509 479.20 0.24
E 6 41 0.033097 0.003751 451.02 0.06
E 6 42 0.034183 0.004912 505.34 0.45
E 6 43 0.032449 0.005618 454.21 0.09
E 6 44 0.032716 0.003443 458.66 0.19
E 6 46 0.032467 0.004124 439.29 0.03
E 6 48 0.002801 0.000000 292.00 0.43
E 6 49 0.033590 0.004110 451.86 0.03
E 6 50 0.002801 0.000000 292.00 1.93
E 6 51 0.033096 0.004014 450.23 0.23
E 6 52 0.033981 0.003894 478.29 4.29
E 6 53 0.032616 0.003677 443.20 0.51
E 6 54 0.032829 0.003810 467.59 0.61
E 6 55 0.034297 0.006185 490.08 0.01
E 6 56 0.032511 0.002689 438.31 0.04
E 6 57 0.031722 0.002629 497.47 36.95
E 6 59 0.033267 0.006146 470.59 0.01
E 6 61 0.033144 0.003824 440.15 0.06
E 6 63 0.032829 0.003452 450.11 1.34
E 6 64 0.032601 0.006313 453.29 0.97
E 6 65 0.032838 0.005332 456.45 0.81
E 6 66 0.033227 0.003887 489.20 1.27
E 6 67 0.033299 0.004460 474.09 12.71
E 6 68 0.033362 0.003863 476.01 2.91
E 6 69 0.031875 0.002877 494.04 2.94
E 6 70 0.032838 0.003386 492.57 10.87
E 6 71 0.034217 0.006533 485.72 0.38
E 6 72 0.034274 0.004357 470.62 1.08
E 6 73 0.038169 0.005088 617.22 2.62
E 6 74 0.033227 0.003887 459.20 1.79
E 6 77 0.034416 0.003839 483.14 2.22
E 6 79 0.032709 0.004142 451.60 0.46
E 7 8 0.034464 0.005201 491.26 1.08
E 7 9 0.032178 0.004905 443.92 2.22
E 7 11 0.028204 0.004076 456.84 2.31
E 7 12 0.036552 0.005653 513.13 6.83
E 7 13 0.034986 0.005556 454.45 1.90
E 7 16 0.035736 0.006643 471.75 0.13
E 7 17 0.033675 0.004119 453.15 0.09
E 7 18 0.033675 0.004862 487.52 0.87
E 7 19 0.025417 0.004172 399.75 0.06
E 7 20 0.025773 0.003937 392.17 0.04
E 7 21 0.025917 0.003945 402.03 68.84
E 7 22 0.034112 0.004986 448.43 10.18
E 7 24 0.034114 0.004986 473.51 12.63
E 7 25 0.025773 0.003937 389.14 16.32
E 7 26 0.034571 0.004885 476.67 11.42
E 7 30 0.034571 0.004885 454.07 3.93
E 7 31 0.036546 0.003844 454.36 0.79
E 7 33 0.034113 0.004986 462.74 16.07
E 7 34 0.025948 0.004009 413.62 0.16
E 7 35 0.034114 0.004986 478.45 4.53
E 7 36 0.029678 0.004003 405.82 0.07
E 7 38 0.033758 0.002685 466.44 5.38
E 7 39 0.034114 0.004986 473.27 12.49
E 7 40 0.037458 0.003916 515.80 0.47
E 7 41 0.032362 0.003574 429.21 1.18
E 7 42 0.026424 0.003784 408.75 5.13
E 7 43 0.034346 0.005106 466.59 0.72
E 7 46 0.029678 0.004003 429.64 1.73
E 7 47 0.022736 0.003160 326.39 0.28
E 7 49 0.028690 0.003841 420.87 1.71
E 7 51 0.031546 0.003911 440.68 0.26
E 7 52 0.027043 0.003744 398.70 3.09
E 7 53 0.034112 0.004986 515.35 0.60
E 7 54 0.033717 0.004609 454.87 3.17
E 7 55 0.023933 0.003498 382.93 0.64
E 7 56 0.034113 0.004986 483.96 0.18
E 7 59 0.032707 0.004119 465.36 2.04
E 7 61 0.030298 0.004124 471.06 1.60
E 7 63 0.036174 0.006424 536.17 3.13
E 7 66 0.033700 0.003844 463.34 0.76
E 7 67 0.036434 0.006829 486.08 1.31
E 7 68 0.034331 0.003831 484.73 0.50
E 7 71 0.032937 0.006458 435.68 0.21
E 7 72 0.025948 0.004009 409.23 0.67
E 7 73 0.022493 0.003517 355.27 0.08
E 7 74 0.032768 0.004026 454.10 2200.92
E 7 77 0.036435 0.005427 509.35 206.86
E 7 79 0.034571 0.006352 450.65 160.90
E 8 9 0.033342 0.002861 428.50 0.07
E 8 10 0.028480 0.003782 398.86 0.98
E 8 11 0.032853 0.003317 445.30 0.63
E 8 12 0.032497 0.005304 468.18 0.39
E 8 13 0.037965 0.006684 525.36 3.72
E 8 14 0.028811 0.003690 426.60 188.38
E 8 15 0.011459 0.001024 1200.00 1.74
E 8 16 0.034463 0.005880 499.74 0.24
E 8 17 0.031250 0.003530 460.70 1.99
E 8 18 0.031870 0.003969 463.04 1.37
E 8 19 0.034462 0.003131 485.87 0.07
E 8 20 0.034606 0.003423 480.43 0.45
E 8 21 0.034606 0.003279 471.01 0.08
E 8 22 0.031838 0.004036 457.20 9.80
E 8 23 0.032322 0.004112 461.74 0.05
E 8 24 0.033543 0.003017 506.81 0.29
E 8 25 0.033555 0.005631 473.81 4.65
E 8 26 0.030295 0.003509 412.08 6.24
E 8 27 0.034129 0.004286 493.09 0.00
E 8 29 0.031416 0.003688 459.84 165.51
E 8 30 0.029341 0.003365 419.16 23.98
E 8 31 0.029047 0.003498 432.47 0.83
E 8 32 0.028145 0.005062 419.11 2.32
E 8 33 0.030975 0.003626 420.88 0.40
E 8 34 0.034653 0.003022 464.58 0.40
E 8 35 0.034202 0.002756 476.38 0.07
E 8 36 0.033850 0.003867 460.79 0.10
E 8 37 0.029563 0.004051 450.57 3.40
E 8 38 0.033643 0.000989 456.07 2.06
E 8 39 0.034847 0.004466 460.69 2.49
E 8 40 0.032068 0.003628 474.74 0.31
E 8 41 0.032788 0.005766 471.20 1.00
E 8 42 0.034583 0.002641 469.61 618.22
E 8 43 0.030321 0.005738 445.97 0.53
E 8 44 0.028255 0.003757 405.10 32.77
E 8 46 0.033757 0.002357 460.74 1.71
E 8 47 0.033729 0.000989 456.35 0.99
E 8 49 0.034475 0.003496 429.24 1.69
E 8 50 0.024573 0.001018 410.28 0.03
E 8 51 0.031346 0.004007 458.24 0.66
E 8 52 0.033608 0.003222 499.04 4.70
E 8 53 0.031838 0.003897 455.52 0.22
E 8 54 0.029533 0.003474 457.03 0.32
E 8 55 0.033165 0.000735 424.88 0.46
E 8 56 0.032646 0.004681 470.84 0.11
E 8 57 0.027686 0.003468 391.24 2.91
E 8 59 0.033356 0.005028 486.14 3.81
E 8 61 0.031603 0.003816 451.10 1.56
E 8 63 0.032512 0.003811 472.64 19.83
E 8 64 0.027667 0.003613 394.85 4.81
E 8 65 0.028423 0.005495 473.86 0.17
E 8 66 0.033755 0.004243 470.99 1.39
E 8 67 0.035667 0.006354 468.48 1.02
E 8 68 0.033318 0.003726 467.89 0.51
E 8 69 0.027686 0.003468 423.21 0.29
E 8 70 0.028423 0.003872 420.76 0.18
E 8 71 0.033668 0.006299 533.52 2.73
E 8 72 0.034653 0.003022 493.57 70.24
E 8 74 0.032988 0.004211 469.72 21.16
E 8 77 0.033978 0.003755 462.84 18.63
E 8 79 0.031147 0.004112 461.71 65.26
E 9 10 0.027664 0.002447 426.00 0.08
E 9 11 0.030026 0.006373 473.75 2.25
E 9 12 0.035656 0.005142 487.32 0.12
E 9 13 0.031879 0.005267 441.74 6.31
E 9 17 0.031235 0.002709 437.46 1.82
E 9 18 0.028786 0.002981 419.51 2.03
E 9 20 0.027129 0.007395 382.83 2.81
E 9 21 0.028509 0.001470 447.90 0.24
E 9 22 0.028786 0.002981 425.95 0.08
E 9 23 0.029912 0.002219 440.84 0.05
E 9 24 0.028120 0.002461 416.46 0.39
E 9 26 0.030272 0.003197 440.62 3.13
E 9 29 0.030607 0.002100 443.21 6.37
E 9 30 0.031408 0.001818 442.99 2.41
E 9 31 0.028737 0.002103 404.88 0.84
E 9 33 0.028772 0.003185 416.82 0.44
E 9 34 0.028509 0.002312 412.43 2.39
E 9 35 0.028120 0.002461 409.27 0.09
E 9 36 0.028863 0.002943 401.07 2.29
E 9 38 0.028585 0.002921 406.94 4.64
E 9 39 0.028130 0.003382 422.83 2.27
E 9 40 0.031322 0.001638 443.98 0.27
E 9 41 0.030796 0.003477 459.50 0.66
E 9 42 0.029601 0.002600 408.10 6.69
E 9 43 0.030490 0.005562 421.67 0.21
E 9 44 0.028603 0.002578 412.07 2.92
E 9 46 0.028935 0.003095 430.26 0.81
E 9 49 0.028958 0.004011 426.33 0.81
E 9 51 0.030220 0.003194 460.37 0.59
E 9 52 0.028532 0.001674 421.96 5.29
E 9 53 0.028806 0.003012 423.25 0.14
E 9 54 0.028836 0.003103 447.36 0.14
E 9 56 0.028711 0.002999 399.41 0.06
E 9 59 0.032662 0.005728 472.73 1.02
E 9 61 0.029091 0.003053 422.80 0.71
E 9 63 0.032588 0.004214 448.32 4.08
E 9 66 0.032004 0.003107 427.88 22.38
E 9 67 0.032766 0.004441 463.67 2.79
E 9 68 0.032842 0.003348 435.87 1.42
E 9 71 0.033185 0.008506 530.00 0.28
E 9 72 0.027540 0.001608 429.52 70.61
E 9 74 0.031002 0.003103 436.47 1.66
E 9 75 0.028455 0.002782 444.62 0.25
E 9 77 0.033160 0.002690 442.73 2382.62
E 9 79 0.031089 0.004479 450.40 43.09
E 10 11 0.029982 0.006015 562.73 6.45
E 10 12 0.032637 0.005743 473.86 0.80
E 10 13 0.032143 0.004773 459.74 5.93
E 10 14 0.028515 0.002328 432.12 2.80
E 10 15 0.029267 0.003449 424.08 3.54
E 10 17 0.029529 0.001550 472.71 182.31
E 10 18 0.028083 0.001168 449.85 0.95
E 10 22 0.028083 0.001168 409.02 0.14
E 10 23 0.032906 0.003646 460.46 0.05
E 10 26 0.030535 0.002578 434.66 0.17
E 10 27 0.029277 0.003517 440.47 15.18
E 10 29 0.031340 0.002933 436.03 1.70
E 10 30 0.028427 0.002160 411.27 4.77
E 10 31 0.028610 0.002713 421.40 1.67
E 10 32 0.028421 0.004576 428.76 0.97
E 10 33 0.028083 0.002205 437.86 3.42
E 10 37 0.030002 0.004196 413.65 0.05
E 10 40 0.032908 0.002245 473.80 0.18
E 10 41 0.031510 0.002462 473.06 0.69
E 10 43 0.030109 0.005885 416.11 0.42
E 10 44 0.028649 0.002897 427.35 8.73
E 10 48 0.029069 0.004240 459.40 1.94
E 10 50 0.029268 0.003449 434.50 0.64
E 10 51 0.030716 0.004050 432.03 2.16
E 10 52 0.033991 0.004894 484.43 28.30
E 10 53 0.027996 0.001293 433.07 0.16
E 10 54 0.028339 0.002189 429.81 0.04
E 10 56 0.027847 0.001344 408.75 0.01
E 10 57 0.028381 0.002087 431.49 69.26
E 10 58 0.028087 0.006106 414.43 0.48
E 10 59 0.033358 0.007615 508.60 0.70
E 10 60 0.028088 0.003659 416.46 0.32
E 10 61 0.028735 0.001673 425.60 0.82
E 10 63 0.032761 0.003402 448.34 8.05
E 10 64 0.029212 0.005960 423.13 28.52
E 10 65 0.028563 0.005067 417.54 0.05
E 10 66 0.030722 0.002437 463.64 8.39
E 10 67 0.031470 0.003545 458.29 0.07
E 10 68 0.032618 0.003128 471.47 8.97
E 10 69 0.028433 0.002138 426.33 3.42
E 10 70 0.028563 0.002333 415.03 14.08
E 10 74 0.029693 0.001494 435.55 404.25
E 10 77 0.033847 0.003481 460.15 0.00
E 10 79 0.031493 0.004307 463.87 0.00
E 11 12 0.031635 0.006910 473.37 4.38
E 11 13 0.032312 0.005138 458.13 0.54
E 11 14 0.031045 0.002205 624.22 802.16
E 11 16 0.029639 0.005033 422.61 18.25
E 11 17 0.030985 0.004349 452.77 1.12
E 11 19 0.027918 0.003600 391.33 3.73
E 11 20 0.028116 0.003829 414.35 4.64
E 11 21 0.028116 0.003829 429.73 0.59
E 11 23 0.032879 0.004292 482.24 0.62
E 11 25 0.027994 0.003695 428.92 1.50
E 11 26 0.031151 0.005088 430.70 13.97
E 11 27 0.031761 0.004485 480.50 1.19
E 11 29 0.030976 0.004178 432.83 480.31
E 11 30 0.033917 0.002374 455.54 137.34
E 11 32 0.029888 0.006476 413.29 17.64
E 11 34 0.027998 0.003687 422.85 4.04
E 11 37 0.029958 0.004712 427.26 1.47
E 11 40 0.031931 0.004435 442.25 7.90
E 11 41 0.030160 0.005120 437.35 9.23
E 11 42 0.028248 0.004192 421.05 690.07
E 11 47 0.026811 0.001928 436.80 63.62
E 11 51 0.029514 0.005663 420.13 12.30
E 11 52 0.028300 0.004046 421.44 16.45
E 11 54 0.034267 0.002544 480.32 0.31
E 11 55 0.028126 0.003864 418.79 11.55
E 11 59 0.033050 0.007288 456.77 80.78
E 11 61 0.029001 0.005481 430.36 210.40
E 11 63 0.032377 0.004435 463.58 0.19
E 11 65 0.029489 0.006684 406.30 0.81
E 11 66 0.032023 0.004486 437.93 0.20
E 11 67 0.032401 0.004507 442.48 0.09
E 11 68 0.033306 0.004053 471.27 0.17
E 11 70 0.029489 0.006684 469.16 0.61
E 11 71 0.032898 0.006094 458.30 0.98
E 11 72 0.028031 0.003727 446.03 8.52
E 11 73 0.028133 0.004316 437.26 0.15
E 11 74 0.031061 0.004336 444.08 0.69
E 11 77 0.034970 0.004310 475.64 0.48
E 11 79 0.030312 0.006124 459.77 0.86
E 12 13 0.035651 0.005623 452.77 5.42
E 12 14 0.032726 0.005664 497.26 0.66
E 12 15 0.033221 0.006173 449.98 0.70
E 12 16 0.029689 0.002374 352.29 0.63
E 12 17 0.032817 0.005773 449.32 12.49
E 12 18 0.036065 0.005440 480.43 1.43
E 12 19 0.039609 0.005936 422.19 0.30
E 12 20 0.037377 0.003618 538.71 0.52
E 12 22 0.036065 0.005440 503.82 0.24
E 12 23 0.032940 0.005954 459.59 0.35
E 12 24 0.029349 0.000339 404.30 0.26
E 12 25 0.036302 0.007123 608.87 1.33
E 12 26 0.036018 0.004979 473.76 0.31
E 12 27 0.033242 0.006024 478.18 11.08
E 12 29 0.032091 0.005907 474.23 0.68
E 12 30 0.035834 0.004878 459.26 0.45
E 12 31 0.032399 0.005238 478.03 2.83
E 12 32 0.032782 0.006032 494.71 0.90
E 12 33 0.036065 0.005440 471.12 0.25
E 12 34 0.039610 0.005936 565.42 2.57
E 12 35 0.029349 0.000339 300.83 0.64
E 12 36 0.035076 0.004824 514.30 1.66
E 12 37 0.032679 0.005933 460.93 0.28
E 12 38 0.029349 0.000339 534.10 0.27
E 12 40 0.032876 0.005433 469.07 0.20
E 12 41 0.036439 0.005767 548.53 0.17
E 12 42 0.037377 0.003618 415.22 1.81
E 12 43 0.036293 0.005766 517.70 1.56
E 12 44 0.032364 0.005290 461.32 0.76
E 12 48 0.031184 0.006056 445.65 0.84
E 12 50 0.031231 0.005940 443.48 0.38
E 12 51 0.035472 0.004716 453.11 0.46
E 12 52 0.032647 0.005569 469.43 3.62
E 12 53 0.035656 0.005142 499.50 0.14
E 12 54 0.035687 0.004873 497.64 0.39
E 12 56 0.036659 0.006275 465.83 0.11
E 12 57 0.032140 0.005473 483.50 29.29
E 12 58 0.029594 0.005287 453.07 2.07
E 12 59 0.036065 0.005440 484.51 1.74
E 12 60 0.029595 0.005287 428.53 4.24
E 12 61 0.036293 0.005239 513.50 1.60
E 12 62 0.031261 0.006198 436.75 1.13
E 12 63 0.032882 0.005554 498.66 0.61
E 12 64 0.032761 0.005885 458.72 1.89
E 12 65 0.032802 0.005755 459.45 0.34
E 12 66 0.036583 0.005611 510.76 8.61
E 12 67 0.037553 0.006267 520.38 7.20
E 12 68 0.033209 0.005773 483.94 2.88
E 12 69 0.032141 0.005473 460.31 1.40
E 12 70 0.032752 0.005662 456.47 0.65
E 12 71 0.033012 0.006590 476.00 0.54
E 12 72 0.039610 0.005936 460.08 5.16
E 12 74 0.036267 0.006065 476.86 0.56
E 12 76 0.029595 0.005287 420.21 0.69
E 12 77 0.034392 0.005773 518.46 0.06
E 12 79 0.032663 0.005218 466.87 13.78
E 13 14 0.033119 0.005110 443.70 2.30
E 13 15 0.031177 0.004560 437.94 1.43
E 13 16 0.029199 0.005352 449.75 3.36
E 13 17 0.032426 0.004633 479.94 0.77
E 13 18 0.032264 0.004216 468.28 1.80
E 13 19 0.038236 0.005020 453.51 3.67
E 13 20 0.031327 0.004127 503.67 56.70
E 13 21 0.031552 0.004104 470.15 2.09
E 13 22 0.032264 0.004216 470.92 4.69
E 13 23 0.032997 0.004817 478.90 5.27
E 13 25 0.032401 0.004594 436.29 9.41
E 13 26 0.031990 0.004761 465.21 11.21
E 13 27 0.032096 0.004710 457.75 0.96
E 13 29 0.032048 0.005101 461.10 3.28
E 13 30 0.032951 0.005413 479.72 2.00
E 13 31 0.031984 0.004980 468.78 7.28
E 13 32 0.032212 0.005067 438.79 6.70
E 13 33 0.032264 0.004216 467.19 2.29
E 13 34 0.032102 0.004327 401.77 3.88
E 13 36 0.031497 0.005332 488.50 4.66
E 13 37 0.034162 0.005686 460.67 5.63
E 13 39 0.005794 0.000128 608.00 22.03
E 13 40 0.033172 0.004817 484.35 2.26
E 13 41 0.031712 0.005156 463.61 6.20
E 13 42 0.032100 0.004327 450.56 2.27
E 13 43 0.032264 0.006679 480.06 6.40
E 13 44 0.033348 0.005167 505.23 1.95
E 13 46 0.031497 0.005332 419.24 8.36
E 13 48 0.031180 0.004950 441.29 0.83
E 13 49 0.031115 0.005289 462.97 8.36
E 13 50 0.031027 0.004736 414.41 2.83
E 13 51 0.032010 0.005815 447.18 5.15
E 13 52 0.031859 0.005140 442.57 0.90
E 13 53 0.032264 0.004216 476.26 4.84
E 13 54 0.031749 0.004846 434.90 3.84
E 13 56 0.032241 0.004310 443.57 7.07
E 13 57 0.031578 0.005659 447.04 16.36
E 13 58 0.030948 0.005319 431.64 1.90
E 13 59 0.032827 0.006601 464.76 7.73
E 13 60 0.030961 0.005282 433.93 1.02
E 13 61 0.032360 0.005436 427.52 7.79
E 13 62 0.031163 0.005512 499.90 3.70
E 13 63 0.033053 0.004851 451.46 0.55
E 13 64 0.031730 0.005943 477.50 0.69
E 13 65 0.033425 0.005790 481.98 3.59
E 13 66 0.032271 0.005293 454.26 0.42
E 13 67 0.032112 0.005161 500.91 0.01
E 13 68 0.032548 0.005008 484.91 0.32
E 13 69 0.032710 0.008480 422.85 0.44
E 13 70 0.033627 0.005809 443.86 1.09
E 13 71 0.033166 0.006856 470.79 7.00
E 13 72 0.032103 0.004327 429.28 1.39
E 13 74 0.032448 0.005314 472.05 3.06
E 13 76 0.031163 0.005512 488.46 71.37
E 13 77 0.034323 0.005038 480.83 68.50
E 14 15 0.027739 0.002955 399.67 0.16
E 14 16 0.030621 0.006224 443.37 1.11
E 14 17 0.029000 0.001803 402.67 4.43
E 14 19 0.029689 0.001018 434.67 4.01
E 14 20 0.005634 0.000224 588.00 3.15
E 14 21 0.005634 0.000224 588.00 247.92
E 14 23 0.035863 0.006033 459.40 59.46
E 14 25 0.008402 0.000288 876.00 1.60
E 14 26 0.033260 0.003261 449.62 0.40
E 14 27 0.029538 0.003361 400.66 1.73
E 14 29 0.031434 0.003314 451.04 0.51
E 14 30 0.023949 0.001228 361.71 0.02
E 14 31 0.022111 0.003239 357.99 2.65
E 14 32 0.027831 0.003965 418.87 1.50
E 14 34 0.004898 0.000448 496.00 3.65
E 14 37 0.030013 0.003903 445.85 1.00
E 14 40 0.036547 0.004149 482.57 1.52
E 14 41 0.035229 0.004409 499.16 0.52
E 14 44 0.026422 0.003797 438.74 0.03
E 14 48 0.030009 0.003925 464.70 1.96
E 14 50 0.027028 0.002722 375.26 149.63
E 14 51 0.031270 0.002525 426.28 2.83
E 14 52 0.031561 0.002973 439.43 3.48
E 14 54 0.032485 0.002911 509.18 3.81
E 14 55 0.030310 0.002601 477.08 1.13
E 14 57 0.022007 0.001483 343.80 3.73
E 14 58 0.029483 0.006671 446.10 1.78
E 14 60 0.029508 0.003338 459.18 1.38
E 14 62 0.030076 0.002229 440.05 231.02
E 14 63 0.035112 0.004511 507.63 0.83
E 14 64 0.026496 0.004871 411.17 0.74
E 14 65 0.028254 0.005708 410.29 38.67
E 14 68 0.035255 0.003731 508.03 354.51
E 14 69 0.021833 0.001522 333.08 140.70
E 14 70 0.025626 0.002044 383.17 3.89
E 14 71 0.034437 0.006407 451.88 9.95
E 14 72 0.029858 0.001187 331.76 0.25
E 14 74 0.035964 0.001187 567.68 19.98
E 14 76 0.028950 0.003010 396.38 4.34
E 14 77 0.037466 0.006580 553.28 12.58
E 14 79 0.031423 0.004396 450.19 3.28
E 15 16 0.021633 0.005209 340.80 3.12
E 15 23 0.036826 0.006945 523.19 1.11
E 15 26 0.035294 0.003713 473.43 0.76
E 15 27 0.022523 0.004415 349.10 1.91
E 15 29 0.031472 0.003657 456.90 0.14
E 15 30 0.033917 0.002374 468.17 0.21
E 15 31 0.024439 0.003307 385.54 5.15
E 15 32 0.027460 0.004149 411.40 3.91
E 15 37 0.030097 0.004709 426.44 2.11
E 15 40 0.037951 0.006645 498.66 4.78
E 15 41 0.034590 0.006424 443.78 7.97
E 15 44 0.027990 0.003911 393.33 0.30
E 15 48 0.022712 0.004251 352.02 0.21
E 15 50 0.023331 0.004665 384.80 0.43
E 15 52 0.031003 0.003166 441.50 2.44
E 15 54 0.032402 0.001696 494.01 3.06
E 15 57 0.024259 0.002148 474.05 0.66
E 15 58 0.022715 0.004210 350.93 6.10
E 15 60 0.022623 0.004272 354.41 4.02
E 15 62 0.022536 0.004494 358.72 0.56
E 15 63 0.036119 0.005188 501.74 4.27
E 15 64 0.024242 0.004208 382.35 0.45
E 15 65 0.030131 0.006929 446.29 1.65
E 15 68 0.033352 0.001628 481.57 0.21
E 15 69 0.024057 0.000204 495.29 0.34
E 15 70 0.027354 0.003169 406.56 0.70
E 15 71 0.032489 0.007035 429.21 0.42
E 15 76 0.022536 0.004494 367.94 0.88
E 15 78 0.021150 0.006500 343.95 4.50
E 15 79 0.002801 0.000000 292.00 0.95
E 15 80 0.020455 0.006106 302.58 5.43
E 16 17 0.035793 0.005450 457.45 0.26
E 16 19 0.028061 0.004639 430.75 0.78
E 16 20 0.029449 0.004834 429.01 0.68
E 16 21 0.029759 0.004946 429.69 0.46
E 16 23 0.036737 0.006891 492.82 0.76
E 16 25 0.027335 0.004308 437.63 1.41
E 16 26 0.035893 0.005450 463.92 0.63
E 16 27 0.021194 0.002595 330.60 400.27
E 16 29 0.031121 0.005263 461.88 0.84
E 16 30 0.033917 0.005584 497.06 0.39
E 16 32 0.028307 0.002868 393.64 0.50
E 16 34 0.028975 0.004819 448.17 0.55
E 16 37 0.031568 0.005466 468.93 0.63
E 16 40 0.040634 0.008696 542.57 0.39
E 16 41 0.036133 0.005258 527.95 0.20
E 16 42 0.031381 0.005188 448.54 0.67
E 16 47 0.031591 0.005584 508.35 0.07
E 16 48 0.019655 0.003569 298.61 0.24
E 16 50 0.019862 0.001888 312.22 0.77
E 16 52 0.029236 0.003649 428.88 8.92
E 16 54 0.032402 0.006256 448.13 0.81
E 16 55 0.030221 0.005053 459.17 0.24
E 16 58 0.019799 0.003790 313.45 6.79
E 16 59 0.032014 0.002544 469.40 0.26
E 16 60 0.019938 0.002058 324.87 8.51
E 16 62 0.019691 0.001832 321.59 0.23
E 16 63 0.038308 0.007265 476.70 2.67
E 16 64 0.025818 0.003577 381.27 0.98
E 16 65 0.033111 0.007740 490.73 0.29
E 16 66 0.036441 0.003222 468.43 2.68
E 16 67 0.036666 0.004846 479.62 5.10
E 16 68 0.036688 0.005874 495.62 1.36
E 16 70 0.030798 0.008418 450.07 5.60
E 16 71 0.032966 0.006303 476.54 0.48
E 16 72 0.027335 0.004308 408.66 0.19
E 16 73 0.031406 0.006746 432.69 1.84
E 16 74 0.035506 0.005450 449.02 18.64
E 16 76 0.021378 0.002614 357.61 5.01
E 16 77 0.037337 0.005619 543.83 6.21
E 16 78 0.016957 0.001121 263.11 7.62
E 16 80 0.016881 0.001091 271.83 21.41
E 17 18 0.031092 0.002597 463.35 0.07
E 17 19 0.034508 0.003267 520.28 0.38
E 17 20 0.035009 0.003752 528.41 0.29
E 17 21 0.036055 0.004697 482.22 0.93
E 17 22 0.031092 0.002597 455.21 3.48
E 17 23 0.030507 0.002239 424.67 4.09
E 17 24 0.033530 0.003577 476.01 58.19
E 17 25 0.034469 0.003360 482.64 61.55
E 17 26 0.031061 0.002497 447.77 317.80
E 17 29 0.030985 0.002626 444.04 2.97
E 17 30 0.030930 0.002440 438.94 3.70
E 17 31 0.030570 0.002617 439.72 1.31
E 17 32 0.029028 0.005030 422.81 0.59
E 17 33 0.031092 0.002744 438.25 0.13
E 17 34 0.034514 0.003361 503.91 0.70
E 17 35 0.033669 0.003666 457.07 6.52
E 17 36 0.033835 0.003841 464.50 0.34
E 17 37 0.029205 0.003699 431.15 12.03
E 17 38 0.033375 0.003540 467.40 167.04
E 17 39 0.033609 0.003981 477.49 124.87
E 17 40 0.031896 0.002154 463.24 9.67
E 17 41 0.030835 0.001857 451.69 0.93
E 17 42 0.034011 0.003403 427.18 5.47
E 17 43 0.031092 0.005862 449.68 1.79
E 17 44 0.029541 0.002154 429.15 3.24
E 17 46 0.033765 0.003731 439.41 2.99
E 17 47 0.034850 0.004447 532.78 0.39
E 17 49 0.033765 0.005009 438.31 2.97
E 17 51 0.031196 0.003129 457.90 0.37
E 17 52 0.033640 0.003181 482.99 2.00
E 17 53 0.031093 0.002597 449.19 1.51
E 17 54 0.030951 0.002404 449.16 25.85
E 17 55 0.035624 0.004523 426.23 1.81
E 17 56 0.031103 0.002562 446.84 0.59
E 17 57 0.028480 0.001632 433.89 0.91
E 17 59 0.033021 0.005341 486.80 1.46
E 17 61 0.031226 0.002582 452.97 2.68
E 17 63 0.032413 0.003684 438.26 0.96
E 17 65 0.029089 0.003844 440.62 1.69
E 17 66 0.032138 0.002676 457.32 0.23
E 17 67 0.033355 0.004736 473.43 0.56
E 17 68 0.033024 0.003212 451.90 0.25
E 17 69 0.028480 0.001632 439.08 0.19
E 17 70 0.029089 0.001953 412.30 15.52
E 17 71 0.034211 0.006324 498.61 0.48
E 17 72 0.034514 0.003361 443.18 0.15
E 17 74 0.031478 0.002643 445.32 227.03
E 17 77 0.035034 0.004938 475.55 33.29
E 17 79 0.031045 0.003964 440.36 6.65
E 18 22 0.027158 0.001200 411.54 4.32
E 18 23 0.030663 0.002580 455.48 2.93
E 18 24 0.026996 0.000989 400.70 6.58
E 18 26 0.030202 0.002328 442.86 2.57
E 18 29 0.031033 0.002433 461.78 2.48
E 18 30 0.026850 0.001093 402.52 2.93
E 18 31 0.028711 0.001972 433.64 0.67
E 18 33 0.028540 0.002841 449.26 1.60
E 18 35 0.026955 0.001039 433.98 3.64
E 18 36 0.026950 0.002089 389.70 0.19
E 18 38 0.026608 0.001799 410.01 2.89
E 18 39 0.026976 0.003208 411.84 3.75
E 18 40 0.031383 0.001327 458.65 0.49
E 18 41 0.030697 0.001129 420.79 0.91
E 18 42 0.005250 0.000096 540.00 3.02
E 18 43 0.030928 0.006664 452.34 1.01
E 18 44 0.030732 0.007749 443.25 3.27
E 18 46 0.026931 0.001591 406.92 1.11
E 18 49 0.026932 0.004011 411.86 1.11
E 18 51 0.030253 0.003214 428.02 0.32
E 18 52 0.034875 0.002171 487.67 2.56
E 18 53 0.028292 0.003288 432.34 1.33
E 18 54 0.028579 0.002031 429.74 6.98
E 18 56 0.027049 0.001924 410.26 0.57
E 18 59 0.033176 0.006265 438.57 0.66
E 18 61 0.029210 0.002014 437.46 0.97
E 18 63 0.032345 0.003520 443.57 3.05
E 18 66 0.032239 0.003016 459.04 0.84
E 18 67 0.033009 0.004681 473.48 1.78
E 18 68 0.033091 0.003426 442.70 0.50
E 18 74 0.031100 0.001764 465.96 51.52
E 18 75 0.026924 0.001547 398.93 18.94
E 18 77 0.033709 0.003412 487.12 1769.37
E 18 79 0.031426 0.004269 460.26 39.81
E 19 20 0.023629 0.003281 368.06 0.24
E 19 21 0.023561 0.002855 367.14 0.09
E 19 23 0.036385 0.006954 492.61 0.62
E 19 25 0.023551 0.002704 370.02 1.88
E 19 26 0.036359 0.003505 533.26 1.67
E 19 27 0.031762 0.004485 452.90 241.22
E 19 29 0.031349 0.004087 453.47 2.84
E 19 30 0.033917 0.002374 451.58 2.54
E 19 34 0.024401 0.003177 391.22 11.65
E 19 37 0.033194 0.002374 452.52 0.77
E 19 40 0.036811 0.005906 509.09 0.14
E 19 41 0.032449 0.002374 473.27 0.27
E 19 42 0.025329 0.002767 390.69 2.46
E 19 47 0.021991 0.002615 336.14 0.17
E 19 52 0.027395 0.002508 416.70 13.45
E 19 54 0.036811 0.000905 558.82 0.55
E 19 55 0.022588 0.002546 354.17 0.63
E 19 59 0.033008 0.004967 461.55 0.81
E 19 63 0.035412 0.005229 513.51 3.75
E 19 64 0.002961 0.000000 312.00 4.52
E 19 65 0.005698 0.000544 596.00 0.58
E 19 66 0.034889 0.003505 506.58 3.17
E 19 67 0.035206 0.005970 516.06 3.39
E 19 68 0.033069 0.003175 464.62 0.92
E 19 70 0.005474 0.000320 568.00 0.65
E 19 71 0.032825 0.005987 452.59 0.04
E 19 72 0.023647 0.003177 369.28 1.54
E 19 73 0.022721 0.004322 338.25 0.16
E 19 74 0.033149 0.003088 434.01 0.07
E 19 77 0.035119 0.004579 481.65 2.39
E 19 78 0.018156 0.000000 410.11 33.88
E 20 21 0.022856 0.003245 395.47 0.15
E 20 23 0.037428 0.007622 478.35 5.64
E 20 25 0.023176 0.003326 364.85 2.97
E 20 26 0.036359 0.003505 475.06 2.08
E 20 29 0.031022 0.004350 448.51 2.14
E 20 30 0.033917 0.002374 478.94 2.20
E 20 34 0.024422 0.003326 364.23 0.10
E 20 40 0.039610 0.008112 509.72 0.20
E 20 41 0.030188 0.004296 451.73 0.17
E 20 42 0.025323 0.003630 384.26 3.71
E 20 47 0.022313 0.003170 351.25 0.13
E 20 52 0.027434 0.003134 406.01 13.36
E 20 54 0.036811 0.000000 551.65 0.83
E 20 55 0.022690 0.003243 339.11 0.36
E 20 59 0.032470 0.005385 454.41 0.65
E 20 63 0.037129 0.006572 559.98 2.59
E 20 65 0.005698 0.000544 596.00 0.25
E 20 66 0.031668 0.003751 463.40 1.59
E 20 67 0.031362 0.004206 505.75 3.24
E 20 68 0.033131 0.003467 487.97 0.95
E 20 70 0.005474 0.000320 568.00 1.15
E 20 71 0.032825 0.005987 462.51 0.07
E 20 72 0.023631 0.003290 360.69 0.47
E 20 73 0.022520 0.004221 369.06 0.23
E 20 74 0.031148 0.003557 460.90 1385.98
E 20 77 0.035070 0.004486 470.10 1.02
E 21 23 0.032888 0.004286 452.27 0.16
E 21 25 0.023189 0.001297 375.75 5.38
E 21 26 0.036359 0.003505 502.99 5.17
E 21 29 0.030911 0.003351 444.84 114.44
E 21 30 0.033917 0.002374 477.93 6.00
E 21 34 0.024374 0.002053 389.37 0.17
E 21 37 0.005922 0.000320 624.00 9.18
E 21 40 0.032111 0.002551 442.36 0.75
E 21 41 0.030080 0.001553 486.01 1.35
E 21 42 0.025322 0.001292 372.51 151.79
E 21 47 0.022877 0.000759 357.49 0.75
E 21 52 0.027519 0.002113 408.26 3.79
E 21 54 0.036811 0.000339 436.40 1.19
E 21 55 0.022327 0.002175 366.71 1.35
E 21 59 0.033068 0.007614 448.49 17.76
E 21 63 0.032359 0.003420 436.18 4.64
E 21 65 0.008338 0.000608 868.00 0.33
E 21 66 0.031537 0.001954 459.96 0.75
E 21 67 0.032272 0.004350 455.45 2.15
E 21 68 0.033136 0.003284 456.86 0.37
E 21 70 0.005474 0.000320 568.00 0.12
E 21 71 0.032898 0.006094 478.93 0.02
E 21 72 0.023623 0.001138 358.50 15.17
E 21 73 0.022457 0.004437 346.11 0.01
E 21 74 0.031159 0.002410 427.47 2.01
E 21 77 0.034948 0.004396 513.16 0.63
E 22 23 0.030535 0.002449 419.99 0.02
E 22 24 0.027188 0.001357 406.97 0.11
E 22 26 0.030202 0.002328 446.39 1.84
E 22 29 0.031007 0.002613 445.41 249.67
E 22 30 0.026918 0.001495 409.83 62.18
E 22 31 0.028969 0.003129 437.39 3.24
E 22 33 0.028540 0.002841 412.24 1.16
E 22 35 0.027160 0.001325 405.68 0.03
E 22 36 0.027230 0.002777 392.04 0.36
E 22 38 0.026947 0.001799 423.37 1.33
E 22 39 0.027160 0.003208 412.19 1.19
E 22 40 0.031383 0.001327 428.24 0.57
E 22 41 0.030714 0.001173 474.53 2.01
E 22 43 0.030928 0.006664 438.87 0.93
E 22 44 0.030732 0.007749 445.74 92.94
E 22 46 0.027215 0.001626 407.48 3.24
E 22 49 0.027099 0.004011 390.01 3.25
E 22 51 0.030268 0.003255 419.82 1.23
E 22 52 0.034875 0.002782 521.58 4.04
E 22 53 0.028261 0.003213 433.86 0.39
E 22 54 0.028579 0.002031 418.19 0.09
E 22 56 0.027181 0.001924 403.05 0.15
E 22 59 0.033176 0.006265 476.65 4.07
E 22 61 0.029210 0.002014 442.50 2.86
E 22 63 0.032345 0.003520 453.39 60.37
E 22 66 0.032239 0.003016 438.37 3.54
E 22 67 0.033009 0.004681 473.68 1.31
E 22 68 0.033250 0.003719 458.14 0.70
E 22 70 0.002897 0.000000 304.00 0.75
E 22 74 0.031100 0.001764 434.92 210.50
E 22 75 0.027029 0.001547 453.59 0.00
E 22 77 0.033709 0.003412 455.96 0.01
E 22 79 0.031618 0.004243 417.23 0.00
E 23 25 0.032851 0.004277 437.09 0.64
E 23 26 0.033099 0.004590 467.23 1.81
E 23 27 0.037933 0.008033 443.46 442.26
E 23 29 0.032643 0.003586 488.54 45.85
E 23 30 0.037185 0.006641 481.33 49.81
E 23 31 0.039673 0.006708 492.52 1.22
E 23 32 0.032955 0.004603 483.66 0.46
E 23 33 0.030663 0.002580 434.96 0.89
E 23 34 0.032850 0.004277 460.83 0.97
E 23 37 0.033115 0.004198 463.36 0.30
E 23 40 0.032668 0.003753 474.02 0.26
E 23 41 0.032941 0.004879 476.34 0.29
E 23 42 0.030167 0.002035 455.18 115.32
E 23 43 0.030654 0.006679 448.05 0.65
E 23 44 0.032907 0.003646 459.43 55.95
E 23 48 0.040569 0.007434 502.59 0.58
E 23 50 0.037542 0.007605 487.27 0.08
E 23 51 0.030635 0.003705 464.84 1.22
E 23 52 0.033509 0.004054 471.74 6.72
E 23 53 0.030663 0.002580 445.92 1.19
E 23 54 0.030552 0.002678 431.33 0.09
E 23 55 0.033847 0.006321 548.19 0.50
E 23 56 0.030156 0.002105 424.99 0.26
E 23 58 0.037807 0.007383 506.67 0.53
E 23 59 0.033545 0.007731 478.56 1.54
E 23 60 0.037807 0.007383 522.02 0.84
E 23 61 0.030635 0.002433 481.94 1.25
E 23 62 0.037108 0.007283 485.10 0.11
E 23 63 0.032669 0.003753 477.72 3.79
E 23 64 0.033079 0.004311 484.89 5.99
E 23 65 0.033050 0.005385 459.59 0.12
E 23 66 0.030721 0.002437 462.95 4.82
E 23 67 0.031469 0.003545 489.82 2.25
E 23 68 0.032981 0.004288 476.79 0.87
E 23 70 0.033050 0.003804 467.63 0.52
E 23 71 0.033025 0.006412 477.18 0.28
E 23 72 0.032850 0.004277 454.06 323.28
E 23 74 0.031023 0.002500 447.37 49.88
E 23 76 0.037280 0.007048 494.57 0.00
E 23 77 0.035040 0.004707 483.68 0.01
E 23 78 0.035517 0.006191 490.82 26.08
E 23 79 0.032302 0.004200 465.76 22.10
E 23 80 0.034210 0.006303 530.87 0.00
E 24 26 0.028717 0.001904 399.91 0.72
E 24 30 0.027908 0.003460 425.18 26.16
E 24 31 0.030367 0.001696 453.42 4.54
E 24 33 0.028135 0.002530 419.08 5.95
E 24 35 0.020030 0.000600 306.16 0.08
E 24 36 0.023157 0.001352 356.77 117.86
E 24 38 0.019982 0.001592 311.43 2.11
E 24 39 0.021829 0.003691 343.61 0.24
E 24 41 0.032136 0.001569 463.61 3.91
E 24 43 0.030401 0.005567 423.47 0.67
E 24 46 0.022707 0.001476 357.91 3.53
E 24 49 0.024217 0.003432 363.55 3.54
E 24 51 0.030099 0.003229 447.91 2.54
E 24 52 0.036359 0.004184 397.85 16.42
E 24 53 0.027701 0.002518 453.62 0.14
E 24 54 0.027963 0.001978 439.84 0.06
E 24 56 0.025065 0.002040 359.96 0.35
E 24 59 0.032867 0.005950 439.94 3.05
E 24 61 0.029053 0.001801 404.67 3.85
E 24 66 0.034322 0.003279 465.84 35.09
E 24 67 0.033052 0.004484 495.73 1.80
E 24 74 0.033182 0.002858 472.05 262.88
E 24 75 0.020031 0.000903 313.87 0.00
E 24 79 0.032475 0.005064 517.62 0.00
E 25 26 0.036358 0.005960 457.95 0.03
E 25 27 0.032233 0.005710 459.93 7.52
E 25 29 0.030991 0.003294 452.46 1.75
E 25 30 0.033917 0.005710 435.69 1.11
E 25 32 0.029010 0.002035 486.32 5.26
E 25 34 0.024402 0.002104 388.72 12.77
E 25 37 0.012579 0.000960 1340.00 0.84
E 25 40 0.031933 0.002337 461.55 0.84
E 25 41 0.030193 0.001299 452.39 1.91
E 25 42 0.025350 0.001276 397.63 2.79
E 25 47 0.029245 0.005529 495.56 0.89
E 25 52 0.027738 0.002179 417.46 39.64
E 25 54 0.036811 0.007971 510.52 0.15
E 25 55 0.022951 0.002106 353.30 0.46
E 25 59 0.033007 0.004967 423.94 2.04
E 25 63 0.032379 0.003300 447.17 5.24
E 25 64 0.005602 0.000320 584.00 191.32
E 25 65 0.008338 0.000608 868.00 0.26
E 25 66 0.032029 0.002567 442.66 208.22
E 25 67 0.035206 0.005970 495.24 2.57
E 25 68 0.033091 0.003251 480.43 15.34
E 25 70 0.005473 0.000320 568.00 272.88
E 25 71 0.032824 0.005987 462.90 3.83
E 25 72 0.023623 0.001289 384.26 106.84
E 25 73 0.023065 0.004316 346.74 4.56
E 25 74 0.031063 0.002084 441.19 0.00
E 25 77 0.035070 0.004486 480.97 0.00
E 25 79 0.006690 0.000832 720.00 0.00
E 26 27 0.035513 0.004024 493.47 3.17
E 26 29 0.031019 0.003318 462.51 0.59
E 26 30 0.030605 0.002546 450.30 0.68
E 26 31 0.033679 0.003335 499.20 1.72
E 26 32 0.035894 0.004070 513.93 0.93
E 26 33 0.030166 0.002300 440.52 6.65
E 26 34 0.036359 0.003505 448.61 3.53
E 26 35 0.028743 0.001938 421.06 2.59
E 26 36 0.030478 0.002458 457.20 10.67
E 26 37 0.033727 0.005039 485.02 0.03
E 26 38 0.028170 0.002354 425.49 0.03
E 26 39 0.028513 0.001884 445.79 0.04
E 26 40 0.032687 0.002459 465.02 0.37
E 26 41 0.031017 0.002355 435.71 0.28
E 26 42 0.031007 0.002676 457.15 0.50
E 26 43 0.030682 0.006593 452.50 0.41
E 26 44 0.030719 0.003405 427.55 0.61
E 26 46 0.028902 0.002195 404.56 2.12
E 26 47 0.034889 0.001809 431.02 1.00
E 26 49 0.028940 0.004293 387.44 2.11
E 26 50 0.034946 0.001866 660.63 2.20
E 26 51 0.030421 0.003436 429.95 4.53
E 26 52 0.035627 0.003764 452.62 5.47
E 26 53 0.030202 0.002865 438.60 0.92
E 26 54 0.030255 0.002278 462.32 0.49
E 26 55 0.036962 0.004410 519.06 0.25
E 26 56 0.029941 0.002310 415.17 0.45
E 26 57 0.034558 0.003623 476.81 0.12
E 26 59 0.033239 0.006398 468.95 0.70
E 26 61 0.030207 0.002387 464.94 1.84
E 26 63 0.032596 0.003423 448.62 1.29
E 26 64 0.035892 0.007555 523.70 134.76
E 26 65 0.033558 0.006016 476.57 0.36
E 26 66 0.031871 0.002553 444.82 71.43
E 26 67 0.032368 0.004144 472.91 4.00
E 26 68 0.033417 0.004146 471.92 69.72
E 26 69 0.033895 0.003686 488.21 24.17
E 26 70 0.033558 0.003288 471.64 0.22
E 26 71 0.035893 0.006558 512.83 8.36
E 26 72 0.036359 0.003505 486.96 2.76
E 26 74 0.030901 0.002452 437.63 0.00
E 26 77 0.034325 0.004172 452.54 0.00
E 26 79 0.031666 0.004193 477.73 0.00
E 27 29 0.031400 0.004104 456.12 1.54
E 27 30 0.033230 0.003211 508.90 2.90
E 27 31 0.028390 0.002929 439.51 128.55
E 27 32 0.027519 0.004185 410.05 64.05
E 27 37 0.030009 0.003951 447.50 5.40
E 27 40 0.039935 0.006168 519.57 3.00
E 27 41 0.036149 0.005487 467.54 17.62
E 27 44 0.027927 0.004009 399.93 2.40
E 27 48 0.021162 0.003387 353.74 2.29
E 27 50 0.021581 0.001826 324.61 248.63
E 27 51 0.032740 0.003876 535.44 10.62
E 27 52 0.030690 0.004821 426.35 4.28
E 27 54 0.033454 0.003669 507.90 64.96
E 27 55 0.033872 0.004183 539.08 101.27
E 27 57 0.029686 0.003117 433.96 0.59
E 27 58 0.020921 0.004121 342.12 0.78
E 27 60 0.020976 0.002194 329.07 0.83
E 27 62 0.020262 0.001448 305.50 13.33
E 27 63 0.037604 0.006459 544.25 0.42
E 27 64 0.024357 0.003674 378.45 0.86
E 27 65 0.030429 0.005766 411.33 180.09
E 27 68 0.036830 0.004150 451.51 1.12
E 27 69 0.029635 0.003446 443.15 0.79
E 27 70 0.027656 0.002926 407.02 2.52
E 27 71 0.032603 0.007123 453.83 23.84
E 27 72 0.007026 0.000064 704.00 38.45
E 29 30 0.031582 0.005258 442.06 0.03
E 29 31 0.034436 0.003308 401.08 2.48
E 29 32 0.031114 0.004410 434.77 0.97
E 29 33 0.031032 0.002433 443.88 14.71
E 29 34 0.030974 0.003292 458.77 2.58
E 29 37 0.031099 0.004005 471.87 0.82
E 29 40 0.031906 0.002984 492.82 1.92
E 29 41 0.030997 0.002922 442.60 0.49
E 29 42 0.030706 0.002497 451.27 0.34
E 29 43 0.031032 0.005183 452.02 1.49
E 29 44 0.031408 0.002695 467.97 0.04
E 29 47 0.026975 0.000226 494.39 0.59
E 29 48 0.032739 0.003176 460.83 2.14
E 29 50 0.031094 0.003088 430.64 672.01
E 29 51 0.031031 0.003536 433.07 3.34
E 29 52 0.031177 0.003313 451.32 3.57
E 29 53 0.031033 0.002433 431.61 16.52
E 29 54 0.030896 0.002657 436.81 9.22
E 29 55 0.030279 0.003901 462.87 0.81
E 29 58 0.031310 0.004690 454.59 2.64
E 29 59 0.032908 0.008372 490.33 1.96
E 29 60 0.031310 0.003892 450.60 2.02
E 29 61 0.031031 0.002433 478.85 2.63
E 29 62 0.031310 0.003892 493.95 84.11
E 29 63 0.032244 0.003048 456.73 0.52
E 29 64 0.031127 0.003419 429.90 0.46
E 29 65 0.031173 0.005871 435.76 30.99
E 29 66 0.031031 0.002433 466.16 10.90
E 29 67 0.031032 0.003174 461.16 0.01
E 29 68 0.032846 0.003194 467.80 1008.43
E 29 70 0.031173 0.003122 456.40 3.44
E 29 71 0.032934 0.006301 474.31 6.13
E 29 72 0.030999 0.003149 446.23 0.20
E 29 74 0.031077 0.002476 426.52 11.40
E 29 76 0.031310 0.003892 451.90 2.73
E 29 77 0.034902 0.004555 514.19 6.76
E 29 78 0.031025 0.003624 458.26 4.25
E 29 79 0.031225 0.003553 460.60 5.74
E 29 80 0.030853 0.004219 459.99 9.96
E 30 31 0.023753 0.003807 358.15 1.41
E 30 32 0.033917 0.004070 470.86 0.64
E 30 33 0.027803 0.002357 408.71 4.74
E 30 34 0.035421 0.003188 465.00 1.42
E 30 35 0.028128 0.000543 333.58 107.57
E 30 36 0.032468 0.002018 500.51 1.66
E 30 37 0.031735 0.004763 430.09 1.05
E 30 38 0.002001 0.000000 192.00 1.65
E 30 39 0.013268 0.000256 1368.00 3.75
E 30 40 0.037540 0.005305 529.85 1.13
E 30 41 0.034033 0.003492 485.95 0.43
E 30 42 0.035085 0.003053 467.67 0.03
E 30 43 0.030378 0.005586 427.64 0.83
E 30 44 0.026058 0.003259 391.54 26.82
E 30 46 0.033811 0.002688 481.46 1.90
E 30 49 0.033917 0.002374 436.11 1.89
E 30 50 0.001969 0.000000 188.00 58.44
E 30 51 0.031889 0.003392 471.40 0.65
E 30 52 0.034771 0.002827 517.88 1.97
E 30 53 0.027602 0.002637 390.19 9.17
E 30 54 0.029207 0.002250 420.04 6.85
E 30 55 0.035002 0.000848 437.27 0.59
E 30 56 0.029243 0.001537 437.00 0.20
E 30 57 0.023396 0.000942 372.61 3.45
E 30 59 0.033219 0.004113 481.93 0.99
E 30 61 0.030545 0.002686 433.85 1.61
E 30 63 0.035939 0.005997 497.12 0.40
E 30 64 0.033906 0.007555 504.32 0.45
E 30 65 0.030254 0.005964 441.26 54.51
E 30 66 0.034326 0.002537 487.40 4.20
E 30 67 0.036100 0.006691 472.34 3.87
E 30 68 0.037983 0.006784 492.24 2.57
E 30 69 0.022250 0.001244 352.60 87.66
E 30 70 0.030013 0.002459 430.89 0.85
E 30 71 0.033917 0.003543 466.84 3.74
E 30 72 0.035421 0.003188 471.25 0.05
E 30 74 0.033918 0.003702 444.51 1.81
E 30 77 0.037087 0.005396 495.96 0.91
E 30 79 0.031797 0.004076 472.56 0.20
E 31 33 0.031354 0.005568 477.01 1.80
E 31 35 0.030367 0.001696 438.51 3.95
E 31 36 0.030072 0.005529 449.28 0.48
E 31 37 0.029992 0.004087 424.73 4.40
E 31 38 0.030774 0.001899 467.56 0.94
E 31 39 0.032402 0.002035 422.37 3.81
E 31 40 0.039307 0.006266 520.61 0.34
E 31 41 0.036500 0.002497 517.44 0.10
E 31 43 0.029987 0.003599 452.76 0.11
E 31 44 0.026171 0.003093 400.63 1.42
E 31 50 0.024260 0.001760 384.92 1.14
E 31 51 0.032490 0.004315 477.27 1.05
E 31 52 0.034284 0.002120 473.76 4.32
E 31 53 0.029563 0.002052 419.42 0.56
E 31 54 0.033343 0.003838 488.41 0.74
E 31 56 0.030076 0.001454 608.25 0.08
E 31 57 0.022432 0.003899 331.45 35.79
E 31 59 0.033229 0.004014 494.41 0.03
E 31 63 0.037183 0.007177 509.20 1.41
E 31 64 0.028686 0.005614 445.05 1.51
E 31 65 0.028211 0.004899 454.24 0.89
E 31 66 0.035501 0.002762 479.86 3.38
E 31 67 0.036090 0.006615 479.63 11.42
E 31 68 0.036496 0.003705 481.72 3.24
E 31 69 0.022022 0.003920 342.85 3.27
E 31 70 0.025443 0.002768 401.50 16.16
E 31 74 0.035505 0.003862 517.37 3.16
E 31 77 0.035260 0.002714 472.18 5.43
E 31 79 0.032018 0.004573 454.15 1.51
E 32 37 0.029886 0.004595 430.66 3.87
E 32 40 0.032637 0.004585 464.02 1.26
E 32 41 0.034578 0.006784 446.37 0.10
E 32 44 0.027705 0.004732 403.42 0.83
E 32 48 0.027361 0.004075 404.56 0.42
E 32 50 0.027308 0.003934 410.91 1.54
E 32 52 0.027153 0.004615 426.94 15.55
E 32 54 0.036812 0.004943 714.01 0.67
E 32 57 0.025929 0.003914 388.60 17.88
E 32 58 0.027131 0.003864 389.25 2.46
E 32 60 0.027104 0.003846 399.17 1.64
E 32 62 0.027149 0.003940 398.94 2.51
E 32 63 0.032733 0.004680 471.32 1.29
E 32 64 0.027810 0.004467 386.83 1.37
E 32 65 0.028452 0.006232 431.39 0.81
E 32 68 0.032192 0.004492 451.57 2.81
E 32 69 0.026839 0.006580 531.61 1.93
E 32 70 0.027757 0.004645 418.26 8.00
E 32 71 0.032389 0.006749 468.60 0.16
E 32 76 0.027149 0.003940 436.62 1.28
E 32 77 0.034006 0.004331 502.06 5.83
E 32 79 0.030082 0.004892 438.52 0.47
E 33 35 0.028036 0.002572 405.36 1.90
E 33 36 0.028641 0.003185 413.35 0.39
E 33 38 0.026953 0.001958 402.65 4.46
E 33 39 0.028018 0.003282 429.01 12.99
E 33 40 0.031251 0.002527 461.37 0.47
E 33 41 0.030697 0.002504 433.47 4.79
E 33 42 0.005506 0.000416 572.00 17.54
E 33 43 0.030814 0.006475 451.13 1.43
E 33 44 0.032741 0.005173 469.73 4.83
E 33 46 0.028020 0.002649 411.01 3.98
E 33 49 0.028093 0.004011 382.05 3.99
E 33 51 0.030268 0.003255 444.39 0.39
E 33 52 0.034925 0.002850 547.20 2.42
E 33 53 0.028570 0.003324 449.35 0.25
E 33 54 0.028579 0.002225 442.61 0.70
E 33 56 0.028093 0.002314 419.20 0.14
E 33 59 0.033176 0.006265 468.88 5.76
E 33 61 0.029050 0.003398 431.35 3.46
E 33 63 0.032344 0.003520 445.56 2.15
E 33 66 0.032086 0.002819 454.95 1.17
E 33 67 0.033009 0.004681 467.69 1.88
E 33 68 0.033063 0.003369 488.17 0.57
E 33 74 0.031100 0.002657 448.98 5.66
E 33 75 0.027986 0.002616 414.05 0.19
E 33 77 0.033848 0.003481 507.78 1.30
E 33 79 0.031305 0.004052 468.92 1382.50
E 34 40 0.031182 0.002030 463.33 0.11
E 34 41 0.030161 0.002198 440.80 0.26
E 34 42 0.025322 0.002048 391.49 2.12
E 34 47 0.025403 0.002078 382.46 0.17
E 34 52 0.027267 0.002071 393.82 6.40
E 34 54 0.036812 0.002374 460.52 0.55
E 34 55 0.024476 0.002210 387.37 0.76
E 34 59 0.033260 0.007918 477.30 1.93
E 34 63 0.032378 0.003245 474.94 2.44
E 34 66 0.032029 0.002567 477.51 2.57
E 34 67 0.032410 0.004088 450.53 3.98
E 34 68 0.033086 0.003225 486.84 0.98
E 34 70 0.005474 0.000320 568.00 0.68
E 34 71 0.032824 0.005987 478.09 0.04
E 34 72 0.024360 0.002066 379.30 2.44
E 34 73 0.024281 0.004226 368.58 0.13
E 34 74 0.031062 0.002084 441.12 0.02
E 34 77 0.034971 0.004310 475.19 754.84
E 35 36 0.023114 0.001316 379.38 1.53
E 35 38 0.019238 0.001534 327.63 1.20
E 35 39 0.021864 0.003533 339.04 0.90
E 35 43 0.030104 0.005277 459.56 0.77
E 35 46 0.022701 0.001460 365.18 3.05
E 35 49 0.024183 0.003562 351.79 3.06
E 35 51 0.030125 0.003275 419.56 1.86
E 35 52 0.036359 0.004184 502.02 7.28
E 35 53 0.027518 0.002374 413.47 1.54
E 35 54 0.027992 0.002047 414.13 0.06
E 35 56 0.025035 0.002072 388.05 0.21
E 35 59 0.032924 0.006140 457.82 3.55
E 35 61 0.029024 0.001748 412.04 3.32
E 35 66 0.033993 0.002621 466.22 6.57
E 35 67 0.033107 0.004576 472.10 1.36
E 35 68 0.002257 0.000000 224.00 1.04
E 35 74 0.034056 0.003609 455.60 0.00
E 35 75 0.019238 0.000858 308.67 1.06
E 35 79 0.033512 0.006352 534.32 0.00
E 36 38 0.023214 0.001426 375.43 1.24
E 36 39 0.023114 0.003562 348.12 25.94
E 36 40 0.038053 0.002488 507.09 0.11
E 36 41 0.030519 0.001635 432.19 0.23
E 36 42 0.025051 0.001395 372.14 5.71
E 36 43 0.030403 0.005514 426.45 0.26
E 36 46 0.022921 0.001456 365.32 0.50
E 36 49 0.024125 0.003646 359.35 0.50
E 36 51 0.030227 0.003183 436.81 0.51
E 36 52 0.034925 0.002412 491.42 5.14
E 36 53 0.027202 0.002089 400.07 0.15
E 36 54 0.028669 0.002224 424.11 0.43
E 36 56 0.024977 0.002042 367.04 0.08
E 36 59 0.032584 0.005628 476.59 0.71
E 36 61 0.029060 0.002152 419.93 0.44
E 36 63 0.034719 0.002148 525.98 4.68
E 36 66 0.031859 0.002419 445.83 3.29
E 36 67 0.032959 0.004618 464.48 2.99
E 36 68 0.037791 0.005013 496.59 0.73
E 36 74 0.031099 0.001718 455.90 0.03
E 36 75 0.023091 0.001487 356.13 2.55
E 36 77 0.033523 0.003330 414.08 830.59
E 36 79 0.033965 0.007147 459.18 11.15
E 37 40 0.033507 0.004249 454.58 1.17
E 37 41 0.035229 0.004409 487.09 1.75
E 37 44 0.029897 0.004065 409.06 1.51
E 37 48 0.029760 0.004019 407.17 5.33
E 37 50 0.029842 0.003908 437.22 2.78
E 37 51 0.033321 0.004458 473.01 4.47
E 37 52 0.029916 0.004142 440.00 14.67
E 37 54 0.032776 0.004636 480.56 0.13
E 37 55 0.033335 0.002544 404.05 0.98
E 37 57 0.029852 0.004155 424.77 6.82
E 37 58 0.029869 0.004251 428.05 0.76
E 37 60 0.029895 0.004076 395.00 0.94
E 37 62 0.033323 0.004458 422.20 5.13
E 37 63 0.032885 0.004187 492.06 6.43
E 37 64 0.029943 0.004052 436.87 171.52
E 37 65 0.029910 0.005707 436.01 0.30
E 37 68 0.032806 0.004064 464.32 18.80
E 37 69 0.029893 0.003948 406.05 24.58
E 37 70 0.029910 0.004034 440.08 96.68
E 37 71 0.033073 0.006727 478.13 1.48
E 37 76 0.029822 0.004004 428.25 0.00
E 37 77 0.034817 0.004901 483.53 0.00
E 38 39 0.021910 0.003584 330.15 0.04
E 38 43 0.029400 0.005836 430.98 0.73
E 38 46 0.022689 0.001476 358.68 0.78
E 38 49 0.024051 0.003291 351.70 0.78
E 38 51 0.029755 0.003060 454.70 3.41
E 38 52 0.036359 0.004184 570.84 23.81
E 38 53 0.027131 0.001954 408.06 1.01
E 38 54 0.027526 0.002001 391.44 0.35
E 38 56 0.025037 0.002072 385.52 0.42
E 38 59 0.032353 0.004206 482.77 0.54
E 38 61 0.028646 0.001472 436.95 0.84
E 38 66 0.035282 0.003307 489.90 19.69
E 38 67 0.036615 0.005960 475.74 2.10
E 38 74 0.034220 0.002313 505.82 28.65
E 38 75 0.018284 0.001707 283.15 5.30
E 38 79 0.035454 0.004410 407.08 0.00
E 39 41 0.030109 0.002374 420.62 1.94
E 39 43 0.030104 0.005277 459.42 0.67
E 39 46 0.022706 0.003548 360.44 2.93
E 39 49 0.024183 0.003634 370.29 2.95
E 39 51 0.030125 0.003275 455.71 3.60
E 39 52 0.003249 0.000000 348.00 3.56
E 39 53 0.027518 0.003282 432.04 0.70
E 39 54 0.027807 0.002536 422.46 0.40
E 39 56 0.025065 0.003383 401.95 1.23
E 39 59 0.032867 0.005950 452.03 1.53
E 39 61 0.029008 0.003360 410.15 3.30
E 39 66 0.032067 0.003684 478.91 181.61
E 39 67 0.033079 0.004484 446.20 8.57
E 39 74 0.031117 0.003123 457.85 0.13
E 39 75 0.021881 0.003483 332.53 0.00
E 39 79 0.033512 0.006352 446.57 0.00
E 40 41 0.032199 0.002374 464.72 0.33
E 40 42 0.030477 0.000990 454.17 1.92
E 40 43 0.031394 0.006048 446.25 0.98
E 40 44 0.033081 0.003259 461.65 1.53
E 40 48 0.041370 0.008819 491.84 0.84
E 40 50 0.040244 0.008925 487.82 0.69
E 40 51 0.031742 0.003744 458.18 1.82
E 40 52 0.032298 0.002324 452.99 191.55
E 40 53 0.031074 0.001588 455.49 0.28
E 40 54 0.032508 0.002353 468.53 0.51
E 40 55 0.038507 0.003392 571.56 0.59
E 40 56 0.029934 0.001484 419.32 0.42
E 40 57 0.040827 0.006993 485.14 8.88
E 40 58 0.041687 0.010939 506.81 0.50
E 40 59 0.033306 0.006272 457.42 0.46
E 40 60 0.041688 0.010939 516.91 0.99
E 40 61 0.031995 0.002116 455.51 0.69
E 40 63 0.032729 0.003392 473.65 8.66
E 40 64 0.032813 0.003780 460.38 5.53
E 40 65 0.033338 0.005128 456.18 0.54
E 40 66 0.032029 0.002525 471.51 5.94
E 40 67 0.032365 0.004575 456.22 8.25
E 40 68 0.033298 0.003634 476.97 4.76
E 40 69 0.040091 0.008442 571.09 4.46
E 40 70 0.033338 0.002673 466.98 3.39
E 40 71 0.033072 0.006727 500.89 0.21
E 40 72 0.031277 0.001376 435.17 0.35
E 40 74 0.031963 0.002143 442.25 0.49
E 40 76 0.051567 0.015773 601.11 0.43
E 40 77 0.035450 0.005476 480.67 0.65
E 40 79 0.032401 0.004385 484.81 0.10
E 41 42 0.030556 0.001719 451.76 1.21
E 41 43 0.030697 0.005966 476.67 0.06
E 41 44 0.034346 0.004681 459.07 0.50
E 41 46 0.030470 0.001662 446.21 0.01
E 41 48 0.035660 0.006575 595.29 0.49
E 41 49 0.030471 0.004300 440.21 0.01
E 41 50 0.035836 0.006251 461.01 0.69
E 41 51 0.031065 0.003456 425.25 2.41
E 41 52 0.030651 0.002119 452.93 10.60
E 41 53 0.030327 0.001774 439.15 0.48
E 41 54 0.031042 0.002023 465.37 0.50
E 41 57 0.033858 0.006004 451.24 20.94
E 41 58 0.035674 0.006841 495.77 1.46
E 41 59 0.032735 0.005731 490.71 0.87
E 41 60 0.035675 0.006841 529.23 1.11
E 41 61 0.031065 0.002261 449.83 1.20
E 41 62 0.035679 0.006841 462.54 1.27
E 41 63 0.033067 0.003673 491.04 1.76
E 41 64 0.035658 0.006575 449.83 1.54
E 41 65 0.035193 0.005352 443.25 0.63
E 41 68 0.032877 0.003614 452.52 2.54
E 41 69 0.029417 0.006513 462.34 1.64
E 41 70 0.035194 0.004559 487.11 2.41
E 41 71 0.033393 0.007276 454.87 0.13
E 41 72 0.030193 0.001299 428.43 0.55
E 41 74 0.030988 0.001443 449.85 0.80
E 41 76 0.035679 0.006841 506.18 0.16
E 41 77 0.035112 0.004848 453.68 0.42
E 41 79 0.030987 0.004040 446.92 0.11
E 42 43 0.002801 0.000000 292.00 1.77
E 42 46 0.025044 0.001564 381.63 4.59
E 42 47 0.026647 0.003279 376.35 0.52
E 42 49 0.025161 0.004183 399.89 4.54
E 42 51 0.029944 0.003599 449.54 3.41
E 42 52 0.026603 0.001543 401.66 5.37
E 42 53 0.005026 0.000000 512.00 22.92
E 42 54 0.036812 0.001018 636.91 7.52
E 42 55 0.025282 0.002273 393.89 0.73
E 42 59 0.032977 0.006365 470.03 2.40
E 42 61 0.028930 0.001716 432.17 4.41
E 42 63 0.032122 0.003291 442.91 1.26
E 42 66 0.032173 0.002606 460.92 6.84
E 42 67 0.032878 0.004830 474.02 0.00
E 42 68 0.033117 0.003282 484.07 93.23
E 42 71 0.032817 0.006301 469.49 14.79
E 42 72 0.025328 0.001308 388.91 0.37
E 42 73 0.025419 0.004382 392.55 297.23
E 42 74 0.031198 0.001803 440.17 32.38
E 42 77 0.034562 0.004342 518.06 13.88
E 43 44 0.030010 0.006036 446.28 1.23
E 43 46 0.030249 0.005492 437.63 0.15
E 43 49 0.029872 0.005225 431.14 0.15
E 43 51 0.030270 0.005134 454.95 0.75
E 43 52 0.034875 0.004443 474.88 2.76
E 43 53 0.030928 0.006664 458.95 1.04
E 43 54 0.030742 0.006509 418.79 0.90
E 43 56 0.031051 0.006876 409.36 0.27
E 43 59 0.033176 0.006265 433.43 0.03
E 43 61 0.030087 0.004977 440.29 0.21
E 43 63 0.032344 0.006036 488.38 2.56
E 43 66 0.032116 0.005743 463.64 3.08
E 43 67 0.033091 0.005646 462.37 11.87
E 43 68 0.032878 0.005743 450.72 2.95
E 43 74 0.031091 0.005743 449.75 7.43
E 43 75 0.030242 0.005586 439.74 0.78
E 43 77 0.033848 0.005385 458.39 5.66
E 43 79 0.031275 0.005475 466.26 2.12
E 44 48 0.029415 0.005563 419.59 0.56
E 44 50 0.026233 0.003158 375.73 45.22
E 44 51 0.033566 0.005277 462.50 0.67
E 44 52 0.034023 0.005733 442.79 1.90
E 44 53 0.028897 0.001244 486.43 11.06
E 44 54 0.028658 0.003405 452.27 5.77
E 44 57 0.026226 0.002992 395.23 2.85
E 44 58 0.029929 0.007026 464.08 2.74
E 44 59 0.033269 0.008537 463.77 1.10
E 44 60 0.029930 0.007026 437.46 2.46
E 44 61 0.029960 0.005789 438.10 1.72
E 44 63 0.032733 0.003443 459.87 0.37
E 44 64 0.026176 0.003646 389.76 0.46
E 44 65 0.028371 0.005899 430.80 108.72
E 44 68 0.032658 0.003473 474.06 3.10
E 44 69 0.026190 0.003093 383.82 75.43
E 44 70 0.026184 0.003259 399.84 0.65
E 44 77 0.033848 0.003481 483.42 0.96
E 44 79 0.031630 0.004474 458.22 0.16
E 46 51 0.030118 0.003199 447.62 1.86
E 46 52 0.010290 0.001184 1112.00 4.33
E 46 53 0.027202 0.001827 422.22 0.55
E 46 54 0.028223 0.001946 403.45 0.90
E 46 56 0.025108 0.002263 378.55 0.33
E 46 59 0.032594 0.005523 441.02 0.06
E 46 66 0.031859 0.002419 433.66 3.41
E 46 67 0.032913 0.004454 451.26 21.52
E 46 74 0.031132 0.001760 431.18 3.27
E 46 75 0.022690 0.001476 347.20 1.08
E 46 77 0.034507 0.004330 493.39 6.04
E 46 79 0.034362 0.006219 532.82 2.63
E 47 52 0.033758 0.001244 497.13 40.56
E 47 55 0.019348 0.002016 309.29 0.10
E 47 66 0.038356 0.003430 457.54 4.49
E 47 67 0.035927 0.007869 520.30 7.36
E 47 68 0.038620 0.004523 527.87 1.73
E 47 71 0.031690 0.003269 405.69 0.49
E 47 72 0.024802 0.002008 382.84 0.38
E 47 73 0.019470 0.004309 308.77 2.42
E 47 74 0.034174 0.002009 522.07 2.09
E 47 77 0.034639 0.001221 432.60 2.25
E 48 50 0.020572 0.003551 329.51 0.15
E 48 52 0.003249 0.000000 348.00 1.06
E 48 57 0.023095 0.003295 419.34 0.67
E 48 58 0.020259 0.004121 345.82 2.34
E 48 60 0.020259 0.003240 329.15 6.40
E 48 62 0.019846 0.003106 318.37 0.24
E 48 63 0.037150 0.004172 536.97 0.53
E 48 64 0.024041 0.003551 382.17 0.33
E 48 65 0.028287 0.005662 393.38 0.66
E 48 69 0.022093 0.006241 384.31 0.07
E 48 70 0.025591 0.003480 387.92 0.14
E 48 71 0.033411 0.007454 452.85 0.07
E 48 76 0.019845 0.003106 334.71 15.95
E 48 80 0.019656 0.003364 319.52 3.78
E 49 51 0.030125 0.004232 439.51 1.82
E 49 52 0.010290 0.001184 1112.00 4.33
E 49 53 0.027206 0.004051 414.09 0.55
E 49 54 0.028372 0.004282 432.73 0.89
E 49 56 0.024976 0.003538 398.93 0.33
E 49 59 0.032527 0.005449 484.47 0.06
E 49 66 0.031859 0.004091 446.05 3.41
E 49 67 0.032916 0.004379 482.28 22.14
E 49 74 0.031144 0.003911 450.55 3.25
E 49 75 0.024185 0.003562 355.34 1.07
E 49 77 0.034569 0.004679 457.46 6.02
E 49 79 0.033565 0.005669 460.87 2.63
E 50 52 0.034437 0.000000 377.81 2.84
E 50 54 0.001969 0.000000 188.00 3.17
E 50 57 0.023097 0.003888 386.69 1.30
E 50 58 0.019660 0.003640 307.56 0.97
E 50 60 0.019558 0.001691 296.73 1.90
E 50 62 0.019476 0.000859 307.30 0.01
E 50 63 0.037412 0.003969 511.14 5.17
E 50 64 0.024148 0.003533 375.94 1.40
E 50 65 0.028498 0.005477 439.35 0.17
E 50 68 0.001969 0.000000 188.00 0.24
E 50 69 0.023921 0.002374 340.25 0.15
E 50 70 0.025593 0.002018 376.39 0.06
E 50 76 0.019438 0.000880 304.81 108.71
E 51 52 0.030647 0.004070 418.80 0.56
E 51 53 0.030268 0.003255 434.83 1.00
E 51 54 0.030419 0.003350 449.60 1.55
E 51 56 0.030257 0.003286 439.74 1.52
E 51 57 0.034547 0.004937 496.95 3.15
E 51 59 0.032930 0.005389 475.67 1.29
E 51 61 0.030412 0.003058 441.56 1.41
E 51 63 0.032690 0.003752 459.95 0.84
E 51 64 0.032484 0.009370 442.02 0.49
E 51 65 0.032434 0.006973 449.00 2.08
E 51 66 0.032035 0.003239 470.63 1.51
E 51 67 0.032844 0.004681 503.21 3.84
E 51 68 0.033100 0.003565 479.69 1.10
E 51 69 0.032062 0.002171 490.17 2.00
E 51 70 0.032434 0.003629 462.95 1.16
E 51 74 0.031004 0.003271 454.29 1.10
E 51 75 0.029941 0.003558 444.68 0.07
E 51 77 0.034634 0.004236 506.26 1.49
E 51 79 0.031744 0.004262 450.78 0.39
E 52 53 0.034925 0.002412 526.79 4.37
E 52 54 0.034183 0.002125 502.01 2.62
E 52 55 0.027450 0.002450 413.23 20.64
E 52 56 0.035964 0.003307 732.88 10.66
E 52 57 0.034977 0.002925 483.51 1.32
E 52 58 0.033137 0.001979 671.51 19.17
E 52 59 0.033187 0.006799 471.50 4.22
E 52 60 0.030367 0.000000 438.77 31.06
E 52 61 0.028887 0.001784 441.81 4.24
E 52 63 0.032449 0.003140 456.89 0.47
E 52 64 0.034774 0.009370 503.79 1.12
E 52 65 0.032442 0.005767 433.94 7.16
E 52 66 0.032012 0.002479 451.82 3.34
E 52 67 0.032401 0.004460 440.71 6.49
E 52 68 0.033303 0.003280 456.64 30.99
E 52 69 0.035657 0.002646 461.52 2.54
E 52 70 0.032442 0.002397 450.85 3.16
E 52 71 0.032854 0.006332 453.51 2.63
E 52 72 0.027267 0.002071 393.03 6.07
E 52 73 0.025630 0.003829 363.65 2.99
E 52 74 0.031073 0.002059 436.30 1.53
E 52 77 0.034701 0.004126 507.40 2.66
E 52 79 0.035762 0.005794 490.99 2.84
E 53 54 0.028499 0.002791 414.33 0.14
E 53 56 0.027895 0.002888 404.87 0.15
E 53 59 0.033176 0.006265 486.30 0.69
E 53 61 0.029249 0.002288 434.69 0.49
E 53 63 0.032345 0.003520 452.85 22.63
E 53 66 0.032236 0.002969 475.55 4.21
E 53 67 0.033009 0.004681 464.12 1.74
E 53 68 0.032898 0.003331 441.13 0.54
E 53 74 0.031113 0.001928 443.38 0.35
E 53 75 0.027576 0.002491 424.42 0.07
E 53 77 0.033667 0.003536 464.35 0.28
E 53 79 0.031102 0.004290 426.31 0.41
E 54 55 0.036811 0.000490 438.95 0.42
E 54 56 0.028270 0.001850 404.40 0.47
E 54 57 0.032230 0.002192 526.73 5.60
E 54 59 0.033398 0.006264 446.80 0.74
E 54 61 0.029122 0.002148 420.72 0.79
E 54 63 0.032627 0.003466 462.97 7.75
E 54 64 0.032691 0.009370 415.51 2.98
E 54 65 0.032485 0.005654 477.76 0.04
E 54 66 0.031920 0.002435 440.97 3.28
E 54 67 0.032921 0.004791 493.18 1.46
E 54 68 0.033101 0.003481 467.62 1.04
E 54 69 0.032595 0.001470 434.06 1.48
E 54 70 0.032484 0.002911 452.21 5.40
E 54 71 0.034267 0.003265 526.46 2.19
E 54 72 0.036811 0.000339 442.24 4.32
E 54 74 0.031026 0.001955 428.95 101.48
E 54 77 0.033941 0.003583 493.34 566.48
E 54 79 0.031834 0.004180 445.99 0.05
E 55 62 0.024058 0.000746 433.88 0.82
E 55 63 0.037421 0.002714 460.28 5.96
E 55 64 0.029689 0.001696 348.61 1.29
E 55 65 0.029463 0.002148 494.73 0.17
E 55 66 0.040260 0.003392 556.04 4.87
E 55 67 0.039073 0.006219 466.22 6.15
E 55 68 0.037070 0.004070 493.83 2.19
E 55 70 0.029010 0.001696 402.71 8.84
E 55 71 0.033164 0.006340 471.09 0.27
E 55 72 0.023642 0.002175 343.59 0.65
E 55 73 0.019671 0.004620 337.42 1.50
E 55 74 0.034361 0.002789 477.82 0.98
E 55 76 0.025279 0.003731 465.73 2.50
E 55 77 0.034557 0.004131 482.01 3.91
E 55 78 0.018241 0.000254 335.49 19.73
E 56 59 0.032863 0.006106 459.98 0.07
E 56 61 0.029283 0.001969 436.10 0.22
E 56 66 0.032260 0.003048 488.02 3.08
E 56 67 0.032999 0.004520 468.28 33.52
E 56 74 0.031067 0.002044 435.47 0.17
E 56 75 0.024883 0.001793 395.91 0.27
E 56 79 0.031093 0.004403 434.21 0.07
E 57 58 0.028075 0.006106 392.91 1.87
E 57 60 0.024176 0.002925 374.57 0.53
E 57 63 0.036953 0.002374 468.97 0.15
E 57 64 0.030412 0.006226 420.45 0.28
E 57 65 0.027906 0.005266 409.45 6.93
E 57 68 0.036697 0.003844 437.38 0.07
E 57 69 0.017479 0.001255 268.96 0.18
E 57 70 0.025506 0.002121 402.38 0.83
E 58 60 0.019857 0.003586 314.84 0.10
E 58 62 0.019872 0.003731 302.27 4.86
E 58 63 0.037623 0.006106 557.29 13.34
E 58 64 0.024079 0.003759 368.19 133.46
E 58 65 0.031127 0.007152 497.74 0.48
E 58 68 0.013603 0.000512 1468.00 16.89
E 58 69 0.002257 0.000000 224.00 6.96
E 58 70 0.028139 0.008819 460.26 2.00
E 58 71 0.033370 0.007390 476.16 2.69
E 58 76 0.019790 0.003633 304.84 6.62
E 58 78 0.019361 0.003438 297.09 4.86
E 58 80 0.019330 0.003464 330.87 0.97
E 59 61 0.032782 0.005401 460.85 0.06
E 59 63 0.033296 0.006113 468.38 2.22
E 59 66 0.032694 0.005124 474.99 3.38
E 59 67 0.032782 0.005052 445.54 25.62
E 59 68 0.033060 0.006318 473.36 4.39
E 59 71 0.033332 0.007933 473.21 0.78
E 59 72 0.033261 0.007918 496.12 2.29
E 59 74 0.032827 0.005223 450.60 13.00
E 59 75 0.032741 0.003788 485.71 3.51
E 59 77 0.034652 0.006592 469.73 23.78
E 59 79 0.033158 0.006078 472.71 2.40
E 60 62 0.018632 0.002068 302.65 4.18
E 60 63 0.037868 0.003010 437.82 3.87
E 60 64 0.024065 0.003510 373.02 9.70
E 60 65 0.031619 0.007836 425.92 0.41
E 60 68 0.036699 0.003844 463.83 3.91
E 60 69 0.002257 0.000000 224.00 5.47
E 60 70 0.028251 0.003288 438.44 4.05
E 60 76 0.018624 0.002019 284.82 0.00
E 61 63 0.032464 0.003759 463.31 2.81
E 61 66 0.032111 0.002988 468.49 3.84
E 61 67 0.032968 0.004589 496.82 18.26
E 61 68 0.033061 0.003369 451.16 3.49
E 61 74 0.031162 0.001859 431.22 2.91
E 61 75 0.029048 0.001804 432.81 0.65
E 61 77 0.034653 0.004200 497.97 5.57
E 61 79 0.031247 0.004263 422.30 2.12
E 62 63 0.039694 0.001866 609.70 2.13
E 62 64 0.023982 0.003453 387.80 0.75
E 62 65 0.032345 0.008367 496.35 0.39
E 62 70 0.028105 0.001469 494.36 0.05
E 62 71 0.033059 0.006730 442.48 0.01
E 62 76 0.017443 0.000899 266.18 21.92
E 62 78 0.016772 0.001904 262.96 8.51
E 62 80 0.016802 0.000548 272.15 8.65
E 63 64 0.032766 0.003326 446.55 0.05
E 63 65 0.032886 0.005452 466.63 10.90
E 63 66 0.032204 0.003386 503.94 0.13
E 63 67 0.032204 0.003740 439.96 0.02
E 63 68 0.032905 0.003429 478.92 0.13
E 63 69 0.038394 0.001922 512.11 0.18
E 63 70 0.032886 0.003392 465.24 1.21
E 63 71 0.033072 0.006727 472.41 3.15
E 63 72 0.032378 0.003300 461.23 1.24
E 63 74 0.032442 0.003392 445.69 1.91
E 63 76 0.039694 0.003731 557.37 1.96
E 63 77 0.035497 0.005396 470.23 2.29
E 63 79 0.032634 0.004385 452.29 3.55
E 64 65 0.028496 0.005773 411.66 23.63
E 64 68 0.036641 0.009370 496.67 0.17
E 64 69 0.032656 0.005851 498.33 0.15
E 64 70 0.025702 0.003482 389.33 1.70
E 64 71 0.032275 0.009370 469.02 1.31
E 64 76 0.023921 0.003537 350.32 0.59
E 64 77 0.042746 0.009370 525.28 0.99
E 64 79 0.036742 0.009370 443.61 0.65
E 65 68 0.032657 0.006056 448.24 1.39
E 65 69 0.027906 0.005266 413.02 0.79
E 65 70 0.028573 0.006160 418.19 1.70
E 65 71 0.033074 0.006729 458.84 0.20
E 65 72 0.033081 0.000000 560.24 111.75
E 65 76 0.032345 0.008367 504.08 0.06
E 65 77 0.034817 0.006056 451.31 0.01
E 65 79 0.031631 0.005198 457.94 0.01
E 66 67 0.032986 0.004473 476.24 0.04
E 66 68 0.033045 0.003252 462.43 0.08
E 66 71 0.033182 0.007420 462.63 0.78
E 66 72 0.032042 0.002429 488.54 0.54
E 66 74 0.031873 0.002353 442.34 0.30
E 66 75 0.011939 0.000608 1260.00 0.75
E 66 77 0.034652 0.004200 485.74 1.13
E 66 79 0.032029 0.004304 442.57 0.85
E 67 68 0.033083 0.004460 467.72 0.02
E 67 71 0.033272 0.007462 468.55 0.77
E 67 72 0.032411 0.004088 453.28 2.33
E 67 74 0.033122 0.004539 450.42 0.58
E 67 75 0.036585 0.006106 550.05 1.02
E 67 77 0.034652 0.004460 457.76 2.24
E 67 79 0.032399 0.004460 434.86 6.89
E 68 69 0.002257 0.000000 224.00 0.02
E 68 70 0.032657 0.003158 451.39 0.10
E 68 71 0.033071 0.006327 462.12 0.18
E 68 72 0.033091 0.003251 469.07 0.53
E 68 74 0.033008 0.003201 458.85 0.07
E 68 77 0.035680 0.005591 492.94 0.11
E 68 79 0.033326 0.004285 462.80 0.58
E 69 70 0.025507 0.002121 399.18 0.07
E 69 79 0.031466 0.004321 459.47 0.07
E 70 71 0.033074 0.006727 472.13 0.17
E 70 72 0.029010 0.001696 359.96 20.23
E 70 74 0.035964 0.001696 463.45 9.98
E 70 76 0.029010 0.001696 525.71 200.01
E 70 77 0.034817 0.004901 511.90 8.29
E 70 79 0.031631 0.004474 467.74 25.80
E 71 72 0.032824 0.005987 467.46 5.35
E 71 73 0.032819 0.006301 464.89 0.05
E 71 74 0.032903 0.006727 453.05 34.89
E 71 76 0.033059 0.006730 498.02 3.72
E 71 77 0.035658 0.006285 503.71 9.37
E 71 78 0.033229 0.006996 452.30 0.99
E 72 73 0.023593 0.004226 353.24 1.17
E 72 74 0.031062 0.002084 438.61 223.85
E 72 77 0.035009 0.004396 492.00 68.43
E 73 77 0.036812 0.000000 493.47 2.58
E 74 77 0.034651 0.004200 460.40 0.33
E 74 79 0.031026 0.004265 451.68 0.87
E 76 78 0.017465 0.002090 293.05 167.88
E 76 80 0.017412 0.000812 256.17 0.00
E 77 79 0.034391 0.004358 469.79 0.41
E 78 80 0.015034 0.001577 236.72 0.00
END

SECTION Terminals
Root 27
Terminals 19
T 58
T 29
T 33
T 35
T 44
T 79
T 76
T 16
T 48
T 55
T 37
T 46
T 3
T 43
T 24
T 47
T 9
T 50
T 39
END

EOF