SECTION Comment
CREATOR "Carlos Araujo"
REMARK "Instance for QoS Multicast Routing Problem"
QoS METRICS "delay, jitter, bandwidth and estimate of link duration"
END

SECTION Graph
Nodes 50
Edges 438

E 1 2 0.026871 0.005529 374.54 0.05
E 1 5 0.029873 0.005390 471.87 0.48
E 1 6 0.029299 0.006526 482.61 2.60
E 1 7 0.026047 0.005691 391.27 19.24
E 1 8 0.028991 0.006348 426.50 13.97
E 1 9 0.029883 0.005643 435.70 2.57
E 1 10 0.028507 0.006283 414.83 4.19
E 1 13 0.030523 0.005970 471.59 0.99
E 1 17 0.026149 0.006897 397.24 4.40
E 1 18 0.031006 0.006746 454.56 2.26
E 1 19 0.030153 0.005597 411.12 2.65
E 1 20 0.026747 0.005671 393.86 0.52
E 1 22 0.027106 0.006138 408.95 1.79
E 1 23 0.029736 0.005258 416.45 2.45
E 1 24 0.026428 0.005552 370.11 3.12
E 1 29 0.010386 0.001664 1124.00 0.30
E 1 30 0.026746 0.005671 428.69 2.52
E 1 33 0.036699 0.005879 537.43 3.96
E 1 34 0.025844 0.005156 407.66 217.13
E 1 36 0.027623 0.007823 408.97 0.31
E 1 37 0.026251 0.005409 351.78 1.90
E 1 39 0.026135 0.005559 398.43 1.43
E 1 41 0.026853 0.005695 387.61 0.77
E 1 44 0.027328 0.005736 407.15 1.25
E 1 45 0.031778 0.010006 408.85 0.70
E 1 47 0.024613 0.004198 362.76 88.46
E 1 48 0.027014 0.005609 417.83 4.51
E 1 50 0.026418 0.005345 390.35 11.94
E 2 5 0.027314 0.005427 395.38 0.98
E 2 6 0.022677 0.001986 346.22 2.05
E 2 7 0.024176 0.003151 384.92 3.74
E 2 18 0.026191 0.005189 481.95 1.98
E 2 19 0.022725 0.002076 343.38 1.38
E 2 20 0.022705 0.001904 355.81 0.85
E 2 22 0.025157 0.003060 371.51 2.23
E 2 23 0.022738 0.001962 334.29 1.82
E 2 24 0.022359 0.002216 348.52 0.22
E 2 30 0.022705 0.001904 344.80 2.06
E 2 35 0.032742 0.003392 505.70 3.07
E 2 39 0.022705 0.001904 354.23 2.31
E 2 41 0.024863 0.003590 403.87 5.22
E 2 42 0.022748 0.001993 367.18 36.80
E 2 46 0.022747 0.001993 369.90 0.85
E 2 48 0.023533 0.002617 348.51 0.67
E 3 4 0.016071 0.001640 247.73 2.64
E 3 5 0.016860 0.001187 257.05 0.97
E 3 11 0.017170 0.004132 256.62 0.52
E 3 13 0.019397 0.004989 296.87 0.04
E 3 15 0.024299 0.007354 363.16 1.81
E 3 16 0.020457 0.002275 359.67 1.11
E 3 25 0.022496 0.003053 343.38 4.99
E 3 26 0.021546 0.002991 332.13 0.39
E 3 28 0.021280 0.002762 348.70 1.66
E 3 31 0.018489 0.005292 295.87 0.07
E 4 11 0.018272 0.004519 271.49 13.14
E 4 15 0.024486 0.007834 349.50 105.53
E 4 16 0.020641 0.002552 350.62 28.54
E 4 25 0.022015 0.003000 399.70 0.39
E 4 26 0.020980 0.002940 344.86 1.57
E 4 28 0.021485 0.003292 321.83 9.26
E 4 29 0.020821 0.003489 335.23 0.76
E 4 31 0.019902 0.005777 270.51 0.74
E 4 33 0.020530 0.001696 445.60 553.94
E 4 49 0.017758 0.000339 279.13 2.64
E 5 6 0.023130 0.000791 528.22 0.00
E 5 8 0.020824 0.002629 374.05 5.61
E 5 9 0.027418 0.005745 391.17 16.27
E 5 10 0.021775 0.004943 342.98 0.02
E 5 13 0.021284 0.003566 348.70 0.43
E 5 15 0.023073 0.004342 378.21 0.65
E 5 16 0.007186 0.002560 724.00 112.97
E 5 17 0.025052 0.008616 398.26 0.09
E 5 18 0.022960 0.001527 357.85 0.03
E 5 19 0.023752 0.000170 404.49 0.00
E 5 20 0.024487 0.001244 453.02 9.79
E 5 22 0.026760 0.004000 393.31 0.14
E 5 23 0.004482 0.000032 444.00 0.88
E 5 26 0.013029 0.002592 1280.00 2.14
E 5 28 0.022880 0.003707 354.34 35.04
E 5 29 0.022650 0.000763 508.80 0.74
E 5 30 0.022904 0.000763 670.15 0.00
E 5 31 0.018733 0.002295 375.30 0.85
E 5 33 0.021917 0.001357 428.06 0.46
E 5 36 0.024466 0.006452 371.45 10.41
E 5 41 0.028436 0.004091 385.94 1.29
E 5 44 0.022960 0.004360 365.59 39.03
E 5 45 0.021535 0.004864 374.68 7.36
E 5 48 0.024562 0.001545 357.28 1.32
E 5 50 0.021379 0.003971 326.29 4.29
E 6 7 0.025017 0.003603 370.10 3.03
E 6 9 0.028483 0.005631 435.76 3.38
E 6 19 0.020356 0.000516 312.63 0.76
E 6 20 0.022070 0.001040 339.89 4.40
E 6 23 0.020321 0.000522 325.49 0.03
E 6 24 0.022267 0.002078 363.18 0.09
E 6 34 0.022734 0.003505 345.11 1.38
E 6 37 0.022972 0.001221 423.99 2.84
E 6 39 0.021408 0.000634 358.81 43.79
E 6 41 0.029329 0.004485 439.94 4.54
E 6 42 0.020223 0.000444 322.82 52.99
E 6 46 0.020222 0.001138 342.87 7.14
E 6 48 0.023536 0.002547 363.74 2.01
E 7 8 0.026584 0.004958 392.13 0.31
E 7 9 0.027975 0.005766 456.83 2.13
E 7 10 0.026365 0.006739 408.63 4.01
E 7 17 0.024829 0.007659 389.07 4.25
E 7 18 0.025108 0.003087 420.99 5.07
E 7 19 0.025205 0.003761 395.23 3.00
E 7 22 0.025002 0.003282 376.92 10.99
E 7 23 0.025295 0.003834 425.58 1.24
E 7 24 0.024543 0.003190 359.31 1.72
E 7 30 0.024171 0.003007 376.10 3.03
E 7 32 0.024177 0.004410 398.39 1.14
E 7 34 0.026188 0.006535 407.40 0.23
E 7 36 0.024006 0.006805 435.54 0.26
E 7 37 0.024445 0.004564 354.53 1.72
E 7 39 0.024341 0.003124 357.04 1.45
E 7 41 0.025975 0.004183 399.28 6.32
E 7 42 0.025330 0.003883 392.77 4.24
E 7 44 0.021887 0.004494 423.27 0.52
E 7 46 0.025088 0.003364 361.57 10.47
E 7 47 0.023854 0.005173 318.49 61.72
E 7 48 0.024127 0.003000 380.64 35.01
E 8 9 0.028042 0.005101 408.98 0.88
E 8 10 0.022584 0.004330 349.76 4.03
E 8 12 0.024317 0.003804 391.02 0.98
E 8 13 0.022676 0.003230 353.41 2.48
E 8 14 0.020928 0.004705 359.50 4.68
E 8 17 0.025784 0.006991 391.02 4.02
E 8 21 0.027766 0.005201 322.75 1.47
E 8 22 0.026762 0.004474 391.28 5.15
E 8 24 0.031113 0.007680 463.19 1.63
E 8 30 0.002705 0.000000 280.00 6.67
E 8 32 0.027765 0.006445 327.49 1.71
E 8 36 0.024072 0.006224 352.56 1.52
E 8 37 0.025278 0.004506 423.83 0.65
E 8 40 0.029519 0.006954 404.90 0.63
E 8 41 0.027220 0.004364 395.27 2.38
E 8 44 0.022862 0.004305 384.29 2.60
E 8 47 0.025278 0.004506 442.64 3.61
E 8 48 0.024346 0.003653 392.46 15.72
E 8 50 0.021706 0.004150 350.54 35.88
E 9 10 0.028219 0.006267 452.83 1.22
E 9 13 0.024888 0.004938 369.55 2.06
E 9 15 0.022478 0.004790 335.49 0.77
E 9 17 0.028649 0.005397 422.62 1.24
E 9 18 0.021377 0.004965 376.67 2.78
E 9 19 0.029209 0.004629 488.91 3.34
E 9 20 0.028120 0.005427 408.61 4.35
E 9 22 0.028226 0.005224 458.17 4.71
E 9 23 0.029959 0.005699 406.94 3.25
E 9 24 0.031916 0.008141 480.64 0.93
E 9 25 0.019594 0.003074 326.68 1.36
E 9 26 0.021907 0.004603 323.82 0.01
E 9 27 0.019596 0.003074 341.89 0.79
E 9 29 0.019596 0.003074 359.25 16.97
E 9 30 0.028120 0.005427 383.86 2.92
E 9 32 0.029262 0.006445 400.57 4.25
E 9 33 0.019592 0.003074 302.79 1.12
E 9 34 0.029881 0.006049 358.55 1.11
E 9 35 0.019595 0.003074 332.60 0.77
E 9 36 0.025761 0.007572 402.31 1.83
E 9 37 0.029127 0.004555 403.69 0.24
E 9 40 0.029801 0.004636 399.00 2.25
E 9 41 0.028390 0.004993 428.56 0.93
E 9 44 0.027096 0.005859 427.91 42.76
E 9 45 0.020588 0.004979 379.03 4.42
E 9 47 0.029129 0.004555 394.51 2.07
E 9 48 0.028120 0.005427 391.32 1.94
E 9 50 0.028268 0.007168 431.84 3.71
E 10 12 0.022565 0.004371 344.12 2.13
E 10 13 0.026209 0.006636 392.95 251.32
E 10 14 0.022662 0.006164 340.17 6.65
E 10 20 0.023922 0.003731 282.44 6.03
E 10 21 0.024808 0.004618 385.49 10.89
E 10 24 0.029480 0.006411 418.90 0.06
E 10 32 0.021110 0.003307 344.96 32.50
E 10 36 0.024332 0.006591 347.88 8.77
E 10 37 0.025854 0.006046 390.85 1.88
E 10 38 0.024939 0.004664 520.97 172.88
E 10 40 0.021107 0.004958 321.70 96.13
E 10 41 0.027838 0.005509 441.42 4.09
E 10 44 0.023273 0.005215 381.15 0.44
E 10 47 0.025212 0.005944 379.61 1.17
E 10 48 0.026006 0.006542 390.81 1.67
E 10 50 0.022749 0.004787 367.39 1.44
E 11 13 0.019231 0.005487 320.26 0.30
E 11 15 0.024274 0.007828 361.62 0.34
E 11 16 0.020254 0.006736 321.15 0.15
E 11 25 0.022496 0.003053 300.11 12.43
E 11 26 0.021586 0.005965 349.03 6.92
E 11 28 0.021574 0.003138 354.11 2.38
E 11 31 0.018566 0.005390 274.79 2.03
E 11 45 0.020869 0.004790 317.72 0.74
E 12 13 0.024853 0.005851 461.39 1.41
E 12 14 0.021373 0.005124 360.04 0.23
E 12 17 0.027070 0.005686 381.20 2.08
E 12 21 0.017164 0.002510 283.95 1.04
E 12 24 0.033274 0.007268 538.81 1.80
E 12 32 0.016821 0.002593 270.47 6.32
E 12 36 0.024148 0.003957 325.62 0.24
E 12 38 0.017166 0.004022 281.15 2.79
E 12 40 0.017401 0.005258 284.64 1.96
E 12 44 0.023540 0.003773 306.49 5.04
E 12 47 0.018610 0.006362 313.29 0.92
E 12 50 0.023512 0.005800 381.28 0.33
E 13 14 0.024853 0.005851 466.25 2.20
E 13 17 0.028162 0.004342 378.10 249.36
E 13 21 0.024854 0.005851 383.50 0.05
E 13 22 0.027222 0.004713 459.64 503.33
E 13 24 0.028895 0.006106 408.24 34.16
E 13 28 0.020439 0.003761 358.74 0.00
E 13 33 0.019173 0.004025 269.81 704.32
E 13 36 0.024539 0.006929 381.62 0.45
E 13 37 0.025786 0.005851 422.50 1.17
E 13 41 0.028773 0.005558 432.68 0.30
E 13 44 0.022706 0.003849 359.35 2.63
E 13 45 0.021293 0.004673 367.58 0.31
E 13 48 0.026296 0.003844 464.79 2.09
E 13 50 0.023853 0.006275 354.38 2.95
E 14 17 0.026788 0.006214 468.19 17.18
E 14 21 0.021377 0.005124 341.27 1.44
E 14 24 0.033274 0.007268 481.32 8.19
E 14 32 0.020918 0.005156 320.09 5.38
E 14 36 0.024148 0.003957 448.24 0.55
E 14 38 0.021354 0.005125 344.91 4.05
E 14 40 0.021017 0.005242 298.82 3.10
E 14 44 0.026125 0.003121 341.61 5.17
E 14 50 0.023331 0.005627 368.62 0.26
E 15 16 0.024146 0.006724 374.23 0.04
E 15 25 0.023209 0.006033 393.18 62.33
E 15 26 0.023447 0.006057 366.99 0.66
E 15 28 0.023314 0.005628 374.67 31.83
E 15 29 0.024047 0.006307 375.65 3.26
E 15 31 0.024298 0.007354 364.96 1.49
E 15 33 0.023521 0.005951 349.35 0.00
E 15 36 0.024648 0.007293 390.30 37.86
E 15 41 0.023508 0.004824 382.36 5.45
E 15 44 0.024632 0.006461 418.84 1.37
E 15 45 0.024097 0.006097 364.68 6.18
E 15 49 0.022735 0.003562 301.99 7.83
E 16 18 0.020327 0.002205 317.79 0.06
E 16 25 0.019754 0.002338 299.47 28.06
E 16 26 0.021903 0.003608 315.41 0.52
E 16 27 0.018197 0.001272 274.46 0.06
E 16 28 0.020807 0.002843 328.41 47.76
E 16 29 0.018120 0.001286 296.21 2.71
E 16 31 0.020629 0.006241 369.57 1.13
E 16 33 0.020090 0.001944 309.05 0.04
E 16 35 0.018626 0.000848 293.89 0.05
E 16 44 0.022678 0.002578 510.75 1.27
E 16 45 0.022547 0.006290 354.43 4.58
E 16 49 0.017173 0.000592 284.20 2.68
E 17 21 0.026881 0.004471 481.23 10.55
E 17 24 0.028607 0.005811 424.61 0.06
E 17 32 0.026456 0.005624 392.51 32.23
E 17 36 0.025292 0.007365 381.23 8.83
E 17 37 0.026742 0.006065 398.91 1.89
E 17 38 0.001297 0.000000 104.00 171.13
E 17 40 0.026457 0.005624 386.57 95.58
E 17 41 0.025832 0.007590 385.02 4.11
E 17 44 0.025157 0.007921 388.56 0.44
E 17 47 0.025443 0.006602 416.22 1.17
E 17 48 0.023489 0.006727 365.55 1.69
E 17 50 0.026018 0.007528 402.29 1.44
E 18 19 0.024476 0.002496 425.67 0.48
E 18 20 0.024476 0.002496 418.16 5.13
E 18 23 0.024047 0.002862 387.14 0.02
E 18 25 0.019091 0.002873 315.26 287.90
E 18 26 0.022350 0.004124 363.63 10.89
E 18 28 0.020189 0.002940 324.67 31.39
E 18 29 0.019073 0.002660 299.12 1.44
E 18 33 0.019322 0.002960 297.95 0.00
E 18 39 0.024477 0.002495 334.12 48.16
E 18 41 0.027483 0.002544 398.67 19.70
E 18 42 0.025233 0.002872 421.24 61.72
E 18 46 0.025232 0.003867 429.11 8.22
E 18 48 0.025064 0.003307 367.18 2.18
E 18 49 0.018881 0.002471 344.10 4.83
E 19 20 0.022080 0.001057 356.72 1.61
E 19 22 0.027803 0.004617 420.10 0.32
E 19 23 0.019495 0.000538 313.65 0.02
E 19 24 0.022169 0.001997 350.11 0.03
E 19 30 0.021533 0.000585 340.48 0.74
E 19 34 0.022766 0.003505 448.16 1.37
E 19 37 0.022565 0.000678 336.24 2.95
E 19 39 0.021409 0.000634 341.87 43.22
E 19 41 0.029602 0.003872 450.93 4.59
E 19 42 0.019315 0.000377 313.18 47.94
E 19 46 0.019315 0.000915 335.03 7.19
E 19 48 0.023524 0.002539 368.12 1.94
E 20 22 0.025161 0.003125 383.78 5.48
E 20 23 0.022080 0.001057 356.49 0.82
E 20 24 0.022410 0.002292 368.94 5.95
E 20 30 0.022124 0.001168 360.85 4.38
E 20 37 0.024487 0.001244 415.51 3.38
E 20 41 0.025765 0.003979 404.61 62.21
E 20 42 0.022063 0.001064 333.42 0.00
E 20 46 0.022062 0.001348 350.55 0.78
E 20 48 0.023554 0.002547 381.65 4.12
E 21 24 0.034832 0.005710 472.63 7.73
E 21 32 0.015484 0.003219 262.22 1.03
E 21 36 0.011139 0.001056 1044.00 1.26
E 21 38 0.014702 0.003658 236.14 0.26
E 21 40 0.017306 0.005248 272.93 0.29
E 21 44 0.024115 0.003925 363.28 8.39
E 21 47 0.021920 0.006072 366.20 0.02
E 21 50 0.024805 0.007306 362.26 3.06
E 22 23 0.026687 0.002714 378.07 0.02
E 22 24 0.023736 0.002097 388.09 0.07
E 22 29 0.022231 0.001536 2256.00 3.99
E 22 33 0.026183 0.001809 391.15 0.00
E 22 36 0.025225 0.006968 416.94 29.10
E 22 39 0.024920 0.003205 394.88 57.35
E 22 41 0.025280 0.003924 386.47 4.60
E 22 44 0.025195 0.004229 401.44 0.49
E 22 45 0.027778 0.006626 408.05 10.46
E 22 48 0.025160 0.003125 377.65 2.14
E 22 50 0.024890 0.003680 353.25 2.77
E 23 24 0.022190 0.001928 337.74 0.05
E 23 30 0.021524 0.000602 336.50 0.03
E 23 34 0.022378 0.005233 384.85 1.02
E 23 37 0.022090 0.000678 331.12 2.56
E 23 39 0.021410 0.000634 353.94 22.51
E 23 41 0.030119 0.004194 570.88 3.85
E 23 42 0.019277 0.000322 305.10 38.21
E 23 46 0.019277 0.000854 298.62 5.84
E 23 48 0.023474 0.002580 373.61 1.26
E 24 30 0.022410 0.002292 359.40 0.11
E 24 32 0.031193 0.005653 445.42 32.28
E 24 34 0.023150 0.005389 339.22 2.03
E 24 36 0.034831 0.005710 440.35 67.77
E 24 37 0.024293 0.004888 366.08 1.02
E 24 40 0.032982 0.004894 485.27 14.22
E 24 41 0.026078 0.004263 401.21 2.30
E 24 42 0.021340 0.001178 358.50 2.90
E 24 46 0.021334 0.001211 350.81 333.55
E 24 47 0.027772 0.007222 421.01 0.71
E 24 48 0.023131 0.002899 368.50 1.17
E 24 50 0.033884 0.008140 439.55 1.07
E 25 26 0.021565 0.003716 312.41 16.32
E 25 27 0.019381 0.002474 299.55 274.47
E 25 28 0.020717 0.002767 333.09 4.39
E 25 29 0.019681 0.002423 292.50 2.10
E 25 31 0.022496 0.004241 317.51 2.55
E 25 33 0.020037 0.002559 325.96 219.00
E 25 35 0.019551 0.002743 321.83 263.39
E 25 43 0.020091 0.005099 327.94 8.56
E 25 45 0.022529 0.007090 345.90 1.12
E 25 49 0.019523 0.002529 304.17 3.22
E 26 27 0.022208 0.004630 359.78 0.99
E 26 28 0.021832 0.003764 326.86 54.55
E 26 29 0.021770 0.003769 342.02 0.60
E 26 31 0.021237 0.005136 312.45 0.43
E 26 33 0.021629 0.003787 351.45 0.67
E 26 35 0.022208 0.004630 352.93 1.10
E 26 43 0.022478 0.004264 348.69 5.99
E 26 44 0.021446 0.001255 340.99 0.42
E 26 45 0.021520 0.005452 344.22 33.16
E 26 49 0.022026 0.003917 324.51 22.26
E 27 28 0.020251 0.002627 294.02 84.63
E 27 29 0.018153 0.001156 296.88 4.01
E 27 33 0.020170 0.002135 316.04 0.00
E 27 43 0.018895 0.003513 317.64 163.44
E 27 49 0.017279 0.000752 272.56 3.90
E 28 29 0.020807 0.002856 305.88 3.11
E 28 31 0.021370 0.004018 357.87 1.15
E 28 33 0.020716 0.002767 324.87 39.82
E 28 35 0.020349 0.002567 316.15 21.75
E 28 36 0.021839 0.002762 364.47 0.01
E 28 43 0.020386 0.006493 347.43 0.65
E 28 44 0.022122 0.001774 403.36 8.11
E 28 45 0.021820 0.006080 347.86 0.06
E 28 49 0.020517 0.002739 335.82 0.63
E 29 33 0.020169 0.002141 322.72 0.95
E 29 35 0.017952 0.001056 290.44 2.72
E 29 43 0.019246 0.004114 299.40 5.99
E 29 45 0.023976 0.008706 462.76 2.52
E 29 49 0.017805 0.000758 307.51 1.13
E 30 34 0.022903 0.003052 350.08 1.36
E 30 37 0.022972 0.001221 337.80 2.64
E 30 39 0.021432 0.000667 341.85 44.52
E 30 41 0.025890 0.003933 363.09 4.50
E 30 42 0.021411 0.000565 327.21 54.11
E 30 46 0.021410 0.001348 323.86 7.24
E 30 48 0.023524 0.002508 345.04 1.99
E 31 36 0.024777 0.007418 390.21 0.52
E 31 44 0.022914 0.004505 342.78 25.82
E 31 45 0.020984 0.004853 335.25 22.30
E 32 34 0.025550 0.007191 434.22 0.74
E 32 37 0.023988 0.005306 337.26 1.15
E 32 38 0.016416 0.003841 293.35 0.12
E 32 40 0.017297 0.005069 285.24 0.04
E 32 41 0.032255 0.008044 469.51 0.53
E 32 47 0.018607 0.005939 291.31 1.86
E 33 35 0.020135 0.002029 288.20 0.00
E 33 43 0.020042 0.004344 303.00 51.68
E 33 45 0.021638 0.005936 345.11 10.01
E 33 49 0.020035 0.001883 307.01 1.75
E 34 37 0.018371 0.006153 277.47 1.34
E 34 39 0.023130 0.006497 415.01 0.86
E 34 41 0.032255 0.008311 473.69 3.62
E 34 42 0.025193 0.008311 359.11 12.38
E 34 46 0.025193 0.008311 406.23 5.37
E 34 47 0.018584 0.005939 295.55 44.72
E 34 48 0.024530 0.003052 446.96 38.68
E 35 43 0.019086 0.003986 331.56 89.27
E 35 49 0.018088 0.001172 290.97 4.08
E 36 37 0.004865 0.000800 492.00 0.60
E 36 41 0.025502 0.006968 406.44 0.16
E 36 44 0.024466 0.006452 360.46 10.81
E 36 45 0.024249 0.006864 376.77 0.60
E 36 48 0.018566 0.001312 1856.00 0.64
E 36 50 0.024265 0.006377 383.14 0.95
E 37 40 0.026041 0.004579 488.63 0.45
E 37 41 0.031134 0.006198 473.88 0.19
E 37 47 0.018642 0.005760 301.18 0.29
E 37 48 0.024531 0.002657 381.11 0.88
E 37 50 0.028264 0.010922 448.92 1.80
E 38 40 0.017277 0.005107 283.06 0.04
E 38 47 0.004562 0.000672 396.00 1.17
E 39 41 0.024995 0.003514 395.99 6.26
E 39 42 0.021490 0.000978 324.94 0.91
E 39 46 0.021509 0.001128 326.32 0.13
E 39 48 0.023705 0.002617 362.57 1.50
E 40 41 0.032486 0.009498 463.04 0.16
E 40 47 0.018608 0.005939 288.27 0.38
E 41 44 0.024504 0.004228 343.90 13.01
E 41 47 0.032255 0.008044 492.17 0.16
E 41 48 0.025890 0.003933 399.92 0.19
E 41 50 0.025692 0.004559 361.78 0.49
E 42 46 0.018697 0.000924 301.09 0.72
E 42 48 0.023705 0.002612 392.56 1.22
E 43 49 0.019172 0.003910 285.93 0.12
E 44 45 0.022800 0.004410 357.31 1.66
E 44 50 0.022995 0.004922 341.19 0.24
E 45 50 0.020219 0.003650 317.72 0.08
E 46 48 0.023705 0.002612 357.78 0.04
END

SECTION Terminals
Root 27
Terminals 14
T 48
T 36
T 5
T 8
T 3
T 26
T 10
T 46
T 20
T 6
T 32
T 50
T 4
T 15
END

EOF