SECTION Comment
CREATOR "Carlos Araujo"
REMARK "Instance for QoS Multicast Routing Problem"
QoS METRICS "delay, jitter, bandwidth and estimate of link duration"
END

SECTION Graph
Nodes 60
Edges 628

E 1 2 0.026689 0.005372 398.99 0.02
E 1 5 0.029212 0.005678 408.16 3.98
E 1 6 0.028669 0.006120 414.04 0.02
E 1 7 0.026047 0.005691 418.28 0.01
E 1 8 0.028400 0.005964 397.35 0.28
E 1 9 0.029040 0.005943 429.52 0.01
E 1 10 0.028507 0.006283 431.09 0.53
E 1 13 0.029479 0.005521 402.36 56.93
E 1 17 0.026149 0.006897 427.81 0.36
E 1 18 0.029319 0.005879 435.78 0.02
E 1 19 0.029223 0.005231 389.87 0.02
E 1 20 0.026569 0.005500 416.16 595.48
E 1 22 0.027009 0.005875 404.11 0.04
E 1 23 0.028770 0.004908 429.37 0.02
E 1 24 0.026428 0.005552 429.46 0.01
E 1 29 0.030480 0.004579 435.49 0.01
E 1 30 0.026569 0.005500 436.88 0.02
E 1 33 0.030480 0.006241 462.07 0.01
E 1 34 0.025844 0.005156 389.94 0.00
E 1 36 0.027623 0.008084 429.22 16.65
E 1 37 0.026251 0.005409 406.19 0.01
E 1 39 0.026135 0.005559 370.61 12.39
E 1 41 0.026663 0.005518 400.89 0.47
E 1 42 0.024261 0.000339 459.97 13.66
E 1 44 0.026936 0.005314 389.96 0.02
E 1 45 0.029459 0.007361 371.59 64.73
E 1 46 0.024260 0.000622 360.10 5.79
E 1 48 0.026729 0.005265 384.18 3.85
E 1 50 0.026418 0.005345 397.80 3.24
E 1 51 0.028492 0.006279 398.25 68.16
E 1 52 0.027230 0.005561 419.88 13.01
E 1 54 0.027050 0.005985 400.62 11.25
E 1 57 0.027111 0.005798 389.02 3.80
E 1 59 0.026564 0.005832 419.08 1.33
E 1 60 0.026568 0.005500 419.14 3.10
E 2 5 0.025787 0.005088 328.26 5.99
E 2 6 0.022714 0.002031 357.04 3.43
E 2 7 0.024112 0.002994 352.30 0.59
E 2 9 0.026901 0.005984 425.14 0.70
E 2 18 0.025068 0.004132 381.33 4.61
E 2 19 0.022762 0.002119 349.79 3.44
E 2 20 0.022759 0.001981 373.63 0.85
E 2 22 0.025107 0.003033 378.90 2.63
E 2 23 0.022775 0.002010 366.52 3.42
E 2 24 0.022359 0.002216 346.32 0.10
E 2 30 0.022759 0.001981 369.15 3.36
E 2 35 0.027088 0.003604 368.11 1.60
E 2 39 0.022760 0.001981 334.42 11.78
E 2 41 0.024509 0.003342 364.40 1.33
E 2 42 0.022785 0.002040 378.15 18.66
E 2 45 0.010131 0.001696 976.00 65.47
E 2 46 0.022785 0.002040 367.17 5.50
E 2 48 0.023951 0.003099 366.20 4.00
E 2 51 0.026481 0.005865 427.17 98.91
E 2 52 0.025375 0.003639 397.50 18.90
E 2 54 0.023099 0.002586 359.62 8.56
E 2 57 0.023405 0.003961 360.51 1.34
E 2 59 0.026375 0.005560 400.57 0.70
E 2 60 0.024206 0.003378 399.36 0.99
E 3 4 0.016057 0.001592 244.62 30.37
E 3 5 0.016860 0.001187 282.76 3.91
E 3 11 0.016924 0.003703 255.20 2334.93
E 3 13 0.019397 0.004989 333.90 0.41
E 3 15 0.024237 0.007261 381.13 2899.35
E 3 16 0.019425 0.001649 341.83 2834.82
E 3 25 0.022975 0.004095 362.83 36.87
E 3 26 0.020961 0.002603 342.52 144.55
E 3 28 0.021254 0.002819 406.53 48.15
E 3 31 0.017928 0.004471 266.98 0.04
E 4 11 0.018128 0.004289 280.94 24.64
E 4 15 0.024738 0.007925 379.89 24.40
E 4 16 0.020232 0.002261 325.11 24.32
E 4 25 0.022523 0.003871 357.26 0.24
E 4 26 0.020426 0.002533 320.03 0.78
E 4 27 0.020246 0.000452 309.16 23.35
E 4 28 0.021829 0.003094 333.45 2.58
E 4 29 0.020383 0.001841 343.76 22.32
E 4 31 0.019539 0.005379 288.96 23.03
E 4 33 0.021659 0.004551 327.13 22.43
E 4 35 0.022000 0.003279 572.08 23.85
E 4 43 0.020529 0.002629 374.97 2.94
E 4 49 0.019024 0.001554 275.40 0.71
E 4 55 0.020916 0.001648 331.53 0.74
E 4 56 0.019572 0.000925 349.10 7.83
E 5 6 0.023130 0.000791 422.86 5.29
E 5 8 0.020824 0.002629 344.86 4.86
E 5 9 0.027266 0.006128 433.66 2.20
E 5 10 0.021775 0.004943 360.92 2.73
E 5 13 0.021284 0.003566 355.75 15.14
E 5 15 0.022721 0.004201 387.60 7.86
E 5 16 0.007186 0.002560 724.00 8.24
E 5 17 0.025052 0.008616 377.72 10.37
E 5 18 0.024401 0.004551 412.39 5.26
E 5 19 0.023752 0.000170 694.90 4.28
E 5 20 0.024487 0.001244 440.76 1.75
E 5 22 0.026302 0.003663 373.12 4.04
E 5 23 0.004482 0.000032 444.00 2.98
E 5 25 0.023243 0.001745 334.24 1.84
E 5 26 0.023139 0.003157 360.56 0.76
E 5 28 0.023001 0.003117 342.47 1.52
E 5 29 0.023025 0.001511 338.79 4.07
E 5 30 0.022904 0.000763 700.60 5.79
E 5 33 0.022432 0.004965 403.55 4.06
E 5 35 0.023581 0.004749 551.78 5.64
E 5 36 0.024403 0.006703 385.64 0.41
E 5 41 0.028088 0.004095 408.89 9.93
E 5 44 0.022999 0.004479 345.04 5.49
E 5 45 0.021800 0.004595 346.15 0.93
E 5 48 0.024562 0.001545 429.53 0.12
E 5 49 0.023413 0.001979 445.24 6.03
E 5 50 0.021492 0.004157 372.67 16.89
E 5 51 0.029686 0.006962 425.38 3.52
E 5 52 0.026040 0.003914 399.10 3.25
E 5 54 0.022606 0.001187 380.26 1.34
E 5 57 0.025362 0.005088 350.17 2.10
E 5 58 0.016994 0.000848 259.19 2.02
E 5 59 0.027522 0.005782 361.16 2.88
E 5 60 0.029235 0.007236 359.18 3.20
E 6 7 0.025166 0.003947 404.17 0.00
E 6 20 0.022166 0.001057 360.78 4.40
E 6 34 0.022923 0.005960 337.34 237.69
E 6 39 0.021316 0.000735 327.40 10.95
E 6 41 0.028783 0.004108 450.10 0.55
E 6 42 0.020511 0.000495 324.54 15.37
E 6 46 0.020511 0.001177 335.77 5.72
E 6 48 0.023942 0.003018 347.24 3.91
E 6 51 0.029043 0.007038 481.23 18.17
E 6 52 0.026295 0.003458 419.61 22.08
E 6 54 0.021997 0.000893 332.48 7.85
E 6 57 0.023146 0.003620 369.32 2.41
E 6 59 0.027233 0.004828 417.80 1.95
E 6 60 0.024610 0.003661 393.85 1.77
E 7 8 0.026057 0.004878 411.41 0.61
E 7 9 0.027579 0.005459 437.78 0.00
E 7 10 0.025788 0.005970 364.93 0.27
E 7 13 0.025618 0.002714 399.40 2.61
E 7 17 0.024829 0.007659 415.20 0.92
E 7 18 0.025108 0.003087 414.57 0.00
E 7 19 0.025332 0.004104 379.60 0.00
E 7 20 0.024432 0.003453 352.13 5.16
E 7 22 0.025002 0.003282 361.24 0.00
E 7 23 0.025411 0.004172 356.23 0.00
E 7 24 0.024808 0.004030 389.01 0.00
E 7 30 0.024416 0.003385 390.18 0.00
E 7 32 0.025561 0.004626 341.69 1.07
E 7 34 0.026003 0.006666 381.33 6.05
E 7 37 0.024797 0.004558 390.02 28.05
E 7 39 0.024584 0.003327 368.85 6.89
E 7 41 0.025866 0.003868 374.09 0.16
E 7 42 0.025427 0.004086 407.21 10.99
E 7 46 0.025229 0.003660 369.16 2.24
E 7 47 0.025330 0.003470 389.69 1.21
E 7 48 0.024373 0.003372 386.46 3.98
E 7 50 0.022016 0.002035 359.21 0.12
E 7 51 0.026748 0.006254 418.52 115.53
E 7 52 0.025349 0.004070 381.19 26.76
E 7 54 0.024208 0.003299 379.10 8.94
E 7 57 0.023888 0.003450 346.39 2.72
E 7 59 0.026299 0.005540 411.53 1.96
E 7 60 0.024741 0.003993 388.92 1.16
E 8 9 0.027670 0.005340 427.72 21.55
E 8 10 0.022692 0.004439 344.72 2.05
E 8 12 0.025292 0.004664 384.02 0.38
E 8 13 0.024198 0.003930 384.73 2.70
E 8 14 0.021919 0.006478 337.33 0.20
E 8 17 0.024994 0.006275 378.89 2.70
E 8 20 0.023583 0.003004 377.64 0.54
E 8 21 0.026567 0.005518 418.85 0.16
E 8 22 0.026762 0.004474 384.06 26.40
E 8 24 0.029598 0.007937 392.63 20.08
E 8 30 0.002705 0.000000 280.00 26.97
E 8 32 0.026174 0.006393 392.23 2.15
E 8 36 0.024294 0.005816 379.49 5.42
E 8 37 0.025869 0.004927 383.38 0.65
E 8 38 0.025834 0.006869 375.88 0.00
E 8 40 0.026293 0.005364 429.81 0.03
E 8 41 0.026982 0.003869 418.31 0.24
E 8 44 0.022862 0.004305 336.02 26.36
E 8 47 0.025649 0.004926 425.17 0.94
E 8 48 0.025999 0.004749 372.01 2.71
E 8 50 0.021723 0.004155 365.81 1.18
E 8 51 0.028167 0.007107 416.62 19.45
E 8 52 0.025744 0.002671 386.52 9.54
E 8 58 0.018831 0.002211 283.56 2.56
E 8 59 0.026787 0.004652 369.22 0.25
E 8 60 0.027339 0.004537 411.13 0.93
E 9 10 0.027813 0.005553 437.63 3.66
E 9 13 0.025073 0.005147 386.12 5.32
E 9 17 0.028042 0.004857 411.14 0.75
E 9 20 0.027677 0.005628 416.81 0.90
E 9 32 0.028035 0.006393 501.74 1.64
E 9 34 0.028257 0.005714 463.39 1120.35
E 9 36 0.025853 0.006966 402.98 0.08
E 9 38 0.026635 0.004876 384.58 0.00
E 9 39 0.027498 0.004934 428.03 29.75
E 9 40 0.027497 0.004996 420.88 0.22
E 9 41 0.028000 0.005252 414.42 0.21
E 9 45 0.020588 0.004979 356.65 0.84
E 9 46 0.026025 0.003663 478.55 9.13
E 9 47 0.028227 0.005088 441.49 1.96
E 9 48 0.027676 0.005628 438.78 3.83
E 9 50 0.028201 0.007493 414.31 3.59
E 9 51 0.030245 0.008298 477.87 24.10
E 9 52 0.025276 0.004695 384.15 8.26
E 9 54 0.026489 0.006057 392.15 3.58
E 9 57 0.025337 0.005248 398.76 1.18
E 9 59 0.027917 0.005591 452.29 0.60
E 9 60 0.027676 0.005628 425.04 1.14
E 10 12 0.022565 0.004299 341.17 0.02
E 10 13 0.025151 0.005659 370.19 3.60
E 10 14 0.022689 0.007334 373.40 0.78
E 10 17 0.024927 0.006057 384.93 1.97
E 10 20 0.023922 0.003731 349.36 12.94
E 10 21 0.024185 0.004353 392.94 0.16
E 10 22 0.027132 0.007003 398.19 5.19
E 10 24 0.028691 0.006901 395.97 3.19
E 10 30 0.022905 0.002487 417.04 5.33
E 10 32 0.021327 0.003731 309.32 1.47
E 10 36 0.024523 0.006189 389.16 33.83
E 10 37 0.024936 0.005265 416.47 3.40
E 10 38 0.024025 0.004918 347.55 0.00
E 10 40 0.021330 0.004308 334.38 0.08
E 10 41 0.027533 0.005132 415.69 0.21
E 10 44 0.023273 0.005215 351.61 0.88
E 10 47 0.024573 0.005302 373.91 3.56
E 10 48 0.026437 0.006425 440.53 3.06
E 10 50 0.022801 0.004855 369.78 1.59
E 10 51 0.027874 0.006751 412.83 78.86
E 10 52 0.026537 0.003604 401.75 28.98
E 10 58 0.020678 0.003848 340.85 1.98
E 10 59 0.026994 0.005679 405.42 1.00
E 10 60 0.027340 0.005196 416.11 0.53
E 11 13 0.019231 0.005487 281.65 0.49
E 11 25 0.022976 0.004095 403.55 35.23
E 11 26 0.021112 0.005688 351.42 147.77
E 11 28 0.021434 0.003138 328.74 50.89
E 11 31 0.017984 0.004540 294.38 0.04
E 12 13 0.023539 0.003210 363.18 12.03
E 12 14 0.021746 0.005828 340.48 0.23
E 12 17 0.025956 0.005282 388.71 0.05
E 12 21 0.017843 0.002661 293.52 0.17
E 12 24 0.030564 0.008508 492.42 0.17
E 12 32 0.016821 0.002593 282.73 56.74
E 12 36 0.025105 0.004608 408.57 213.04
E 12 38 0.017287 0.004140 274.39 4.11
E 12 40 0.017401 0.005258 292.09 20.55
E 12 44 0.023859 0.005180 370.93 0.16
E 12 47 0.018130 0.005911 298.47 173.93
E 12 50 0.023383 0.005646 380.08 2.50
E 12 51 0.031214 0.008039 399.44 132.10
E 12 53 0.017520 0.002479 312.27 15.91
E 12 58 0.020565 0.004344 334.68 0.92
E 13 14 0.024507 0.009189 357.45 3.07
E 13 15 0.022510 0.003528 317.89 2.61
E 13 17 0.023717 0.004207 375.67 4.07
E 13 20 0.002865 0.000000 300.00 5.66
E 13 21 0.023539 0.003392 374.76 0.56
E 13 22 0.027053 0.004491 412.12 2.60
E 13 24 0.027007 0.007726 417.91 2.72
E 13 28 0.020439 0.003761 327.79 0.07
E 13 31 0.019565 0.004410 296.97 1.36
E 13 32 0.023101 0.005343 418.17 10.73
E 13 33 0.019173 0.004025 317.00 2.61
E 13 36 0.024677 0.006791 375.80 4.30
E 13 37 0.028836 0.003815 393.35 2.66
E 13 38 0.023656 0.004410 341.09 5.54
E 13 40 0.023099 0.003053 416.68 1.22
E 13 41 0.028183 0.005234 523.04 2.62
E 13 44 0.022821 0.004142 350.16 2.60
E 13 47 0.023101 0.001809 387.78 13.57
E 13 48 0.026973 0.004070 372.39 5.44
E 13 50 0.023693 0.006080 346.04 8.03
E 13 51 0.030953 0.007801 486.20 2.52
E 13 52 0.025793 0.002714 397.77 7.06
E 13 58 0.022671 0.003392 344.98 3.31
E 13 59 0.027311 0.004620 400.31 7.37
E 13 60 0.029009 0.006671 425.73 4.25
E 14 17 0.025780 0.006527 394.96 0.06
E 14 21 0.021748 0.005828 332.53 0.17
E 14 24 0.030564 0.008508 394.93 0.12
E 14 32 0.020918 0.005156 319.23 10.57
E 14 36 0.025105 0.007984 354.65 11.68
E 14 38 0.021718 0.005289 334.71 1.64
E 14 40 0.021017 0.005242 353.68 0.57
E 14 44 0.025918 0.010251 400.04 0.11
E 14 47 0.020951 0.005879 346.36 16.93
E 14 50 0.023221 0.006881 371.69 1.60
E 14 51 0.031214 0.010251 476.67 24.19
E 14 53 0.020749 0.005040 343.10 126.19
E 14 58 0.021844 0.006863 368.08 2.69
E 15 25 0.023228 0.006038 358.74 62.33
E 15 26 0.023518 0.006166 368.90 40.56
E 15 28 0.023319 0.005884 352.73 2.02
E 15 31 0.024237 0.007261 358.54 0.04
E 15 36 0.024648 0.007293 361.36 17.64
E 15 41 0.023508 0.004824 396.49 0.21
E 15 45 0.023919 0.005948 350.48 4.37
E 15 49 0.022735 0.003562 273.18 15.91
E 15 51 0.023508 0.004824 351.13 98.71
E 15 52 0.025041 0.004188 362.07 6.29
E 16 25 0.019882 0.002286 321.21 62.62
E 16 26 0.021364 0.003182 324.39 40.48
E 16 28 0.020887 0.002815 328.49 2.02
E 16 31 0.019403 0.004698 298.77 0.04
E 16 45 0.021997 0.005628 344.99 3.20
E 16 49 0.017173 0.000592 264.79 15.92
E 16 55 0.016290 0.000531 286.72 0.67
E 16 56 0.016646 0.000458 280.86 1.87
E 17 21 0.025221 0.004315 369.28 0.17
E 17 22 0.025157 0.007979 363.07 2.62
E 17 24 0.028081 0.006375 433.42 1.98
E 17 32 0.025264 0.005038 379.65 1.09
E 17 36 0.024622 0.006760 409.24 1.21
E 17 37 0.025546 0.005338 439.65 0.49
E 17 38 0.022478 0.004918 326.51 0.00
E 17 40 0.024973 0.004749 416.30 3.80
E 17 41 0.025628 0.006801 372.98 0.11
E 17 44 0.025157 0.007921 374.13 2.61
E 17 47 0.024952 0.006119 367.27 1.77
E 17 48 0.023470 0.006049 386.04 3.56
E 17 50 0.025391 0.007052 397.80 1.86
E 17 51 0.027727 0.007284 412.42 17.62
E 17 58 0.024552 0.007656 369.44 3.72
E 17 59 0.026064 0.007284 402.18 1.72
E 17 60 0.024949 0.007670 372.48 1.15
E 18 20 0.024535 0.003654 361.45 5.13
E 18 25 0.019091 0.002873 302.26 287.90
E 18 28 0.020224 0.002940 324.60 3.82
E 18 39 0.024537 0.003654 398.49 12.12
E 18 41 0.027483 0.002544 417.64 4.66
E 18 42 0.025027 0.003849 361.77 19.25
E 18 43 0.018945 0.004730 308.87 156.67
E 18 45 0.023496 0.006445 358.90 63.94
E 18 46 0.025026 0.003849 350.44 5.54
E 18 48 0.026276 0.004874 392.97 4.16
E 18 49 0.018881 0.002471 304.27 107.18
E 18 51 0.029971 0.006671 439.78 98.63
E 18 52 0.026293 0.003840 453.71 18.83
E 18 54 0.023639 0.003402 369.59 8.81
E 18 55 0.019069 0.002549 317.26 9.78
E 18 56 0.018880 0.002471 335.01 0.00
E 18 57 0.024288 0.004468 393.33 2.36
E 18 59 0.027334 0.005190 457.33 2.05
E 18 60 0.026833 0.003654 402.60 1.99
E 19 20 0.022176 0.001072 356.02 4.45
E 19 34 0.022733 0.005960 417.28 237.04
E 19 39 0.021317 0.000735 339.15 10.83
E 19 41 0.029094 0.003901 432.39 0.59
E 19 42 0.019644 0.000356 308.72 15.21
E 19 46 0.019684 0.000961 323.47 5.72
E 19 48 0.023949 0.003032 381.51 3.92
E 19 51 0.029595 0.007617 437.82 17.90
E 19 52 0.026413 0.003480 372.16 22.16
E 19 54 0.021995 0.000869 375.97 7.89
E 19 57 0.023408 0.004033 358.00 2.41
E 19 59 0.027974 0.005363 388.69 1.97
E 19 60 0.024744 0.003554 370.01 1.79
E 20 22 0.025172 0.003094 380.00 5.48
E 20 23 0.022176 0.001072 356.89 4.49
E 20 24 0.022410 0.002292 385.18 5.95
E 20 30 0.022444 0.001487 363.79 4.38
E 20 34 0.023637 0.005960 383.60 5.34
E 20 37 0.026560 0.003392 448.98 5.69
E 20 39 0.022098 0.001058 341.50 0.03
E 20 41 0.025525 0.003640 406.76 1.56
E 20 42 0.022138 0.001108 378.01 0.01
E 20 48 0.023959 0.003018 368.69 0.15
E 20 54 0.022150 0.001122 347.95 0.49
E 20 57 0.023079 0.003645 361.92 6.50
E 20 59 0.026375 0.005560 376.32 30.21
E 20 60 0.024492 0.003528 360.49 0.33
E 21 24 0.031168 0.007771 413.14 0.32
E 21 32 0.015484 0.003219 258.25 4.72
E 21 36 0.025424 0.004296 405.81 5.96
E 21 38 0.014702 0.003720 230.15 19.44
E 21 40 0.017306 0.005248 284.33 5.83
E 21 44 0.024294 0.005427 370.64 0.26
E 21 47 0.020153 0.004711 367.26 1.20
E 21 50 0.024121 0.006399 454.97 0.35
E 21 51 0.031383 0.007802 380.01 3.10
E 21 53 0.014758 0.001667 225.97 3.45
E 21 58 0.020331 0.004804 317.84 0.43
E 22 36 0.025225 0.007123 392.44 16.19
E 22 39 0.024920 0.003205 394.81 13.98
E 22 41 0.025107 0.003660 379.15 0.68
E 22 42 0.023583 0.000000 638.88 21.51
E 22 45 0.026718 0.005945 386.04 56.11
E 22 46 0.025447 0.001866 622.37 6.18
E 22 48 0.025172 0.003168 380.55 3.82
E 22 50 0.024890 0.003856 378.20 7.56
E 22 51 0.028259 0.005411 390.26 74.92
E 22 52 0.025411 0.003719 378.72 13.07
E 22 54 0.025305 0.003226 383.12 9.37
E 22 57 0.025235 0.003219 419.16 2.60
E 22 59 0.026188 0.005278 390.28 1.84
E 22 60 0.025248 0.003580 378.39 1.93
E 23 34 0.023213 0.006603 413.04 237.08
E 23 39 0.021317 0.000765 336.85 10.72
E 23 41 0.029564 0.004224 437.36 0.63
E 23 42 0.019445 0.000448 307.68 15.10
E 23 46 0.019445 0.000901 314.28 5.72
E 23 48 0.023908 0.003079 388.21 3.94
E 23 51 0.029397 0.005815 443.68 17.87
E 23 52 0.025795 0.003446 349.88 22.27
E 23 54 0.022162 0.000935 356.61 7.94
E 23 57 0.023368 0.003873 352.15 2.41
E 23 59 0.027552 0.004370 355.26 1.98
E 23 60 0.024745 0.003554 383.70 1.81
E 24 32 0.029613 0.007293 469.17 1.66
E 24 34 0.023447 0.004940 385.72 1191.78
E 24 36 0.031167 0.007771 439.99 0.80
E 24 38 0.026768 0.007462 451.60 0.00
E 24 40 0.030392 0.007123 428.18 0.18
E 24 41 0.025962 0.003938 390.78 0.23
E 24 42 0.021340 0.001178 375.02 8.64
E 24 46 0.021334 0.001211 372.42 9.48
E 24 47 0.027620 0.006095 399.31 1.99
E 24 48 0.023653 0.003865 374.13 3.89
E 24 50 0.031149 0.008950 433.83 1.92
E 24 51 0.027774 0.006367 410.32 25.53
E 24 54 0.021586 0.002742 328.26 4.00
E 24 59 0.026169 0.005457 396.04 0.56
E 24 60 0.024818 0.004096 387.46 1.06
E 25 26 0.021046 0.003249 346.74 0.16
E 25 27 0.019218 0.002148 289.61 274.47
E 25 28 0.020796 0.002743 336.59 5.18
E 25 29 0.019804 0.002370 319.20 218.21
E 25 31 0.022975 0.004095 338.66 954.53
E 25 33 0.020298 0.002541 352.58 217.30
E 25 35 0.019388 0.002477 320.86 263.39
E 25 43 0.019913 0.005263 330.85 1.40
E 25 45 0.022606 0.005279 351.84 0.56
E 25 49 0.019660 0.002453 314.59 11.60
E 25 55 0.019183 0.002075 289.05 1.77
E 25 56 0.019403 0.002279 321.80 19.70
E 26 27 0.022208 0.004630 365.59 135.91
E 26 28 0.021250 0.003270 325.94 22.70
E 26 29 0.021344 0.003405 325.32 68.31
E 26 31 0.020504 0.004250 305.36 132.04
E 26 33 0.021203 0.003406 343.26 69.69
E 26 35 0.021793 0.004317 357.48 42.96
E 26 43 0.022478 0.004264 325.89 0.56
E 26 45 0.021114 0.005066 329.05 0.29
E 26 49 0.021408 0.003429 346.70 8.27
E 26 55 0.021582 0.003426 296.87 0.62
E 26 56 0.021773 0.003819 345.29 6.54
E 27 28 0.020729 0.002737 308.83 32.53
E 27 43 0.018639 0.003371 300.69 105.43
E 27 49 0.017268 0.000763 279.10 91.73
E 27 55 0.017041 0.000626 266.80 7.27
E 27 56 0.017038 0.000633 278.03 0.60
E 28 29 0.020918 0.002806 334.50 10.12
E 28 31 0.021254 0.004018 327.44 24.92
E 28 33 0.020829 0.002724 331.97 10.61
E 28 35 0.020516 0.002529 318.16 9.41
E 28 43 0.020839 0.005552 350.93 29.13
E 28 45 0.021682 0.005820 340.86 1.50
E 28 49 0.020817 0.002776 354.77 2.03
E 28 52 0.024736 0.003477 397.78 3.92
E 28 55 0.023525 0.002770 373.39 7.93
E 28 56 0.022563 0.002417 334.23 113.47
E 29 43 0.019003 0.004131 301.64 8.98
E 29 45 0.022241 0.006249 353.11 10.92
E 29 49 0.018016 0.000702 276.06 30.25
E 29 52 0.025053 0.002120 392.82 9.69
E 29 55 0.017939 0.001024 261.65 3.19
E 29 56 0.018161 0.000827 282.81 0.85
E 30 34 0.023026 0.005585 361.82 242.86
E 30 39 0.021560 0.000770 352.95 11.11
E 30 41 0.025656 0.003602 431.23 0.49
E 30 42 0.021545 0.000678 339.19 15.61
E 30 46 0.021590 0.001341 351.63 5.69
E 30 48 0.023924 0.002974 354.76 3.88
E 30 51 0.026932 0.005828 443.95 18.83
E 30 52 0.025387 0.003798 374.40 22.15
E 30 54 0.021985 0.000889 413.60 7.89
E 30 57 0.023079 0.003645 362.02 2.42
E 30 59 0.026474 0.005644 408.16 1.93
E 30 60 0.024492 0.003528 372.49 1.74
E 31 36 0.024777 0.007418 402.42 36.70
E 31 44 0.022914 0.004505 349.10 0.05
E 32 34 0.022070 0.005767 370.26 1.01
E 32 37 0.025248 0.005481 387.85 1.63
E 32 38 0.016681 0.003784 285.22 46.82
E 32 40 0.017419 0.004839 256.54 1.16
E 32 41 0.030395 0.006938 502.87 0.48
E 32 47 0.018090 0.005156 268.84 0.10
E 32 53 0.015480 0.003277 251.81 0.15
E 33 43 0.020374 0.004366 327.22 9.03
E 33 45 0.021357 0.005473 326.22 11.01
E 33 49 0.020331 0.002422 323.07 29.78
E 33 52 0.025678 0.005578 408.41 9.60
E 33 55 0.019887 0.001667 299.15 3.21
E 33 56 0.020328 0.002421 313.31 1.60
E 34 37 0.019383 0.006264 323.66 81.15
E 34 39 0.022169 0.006629 367.55 6.76
E 34 41 0.030396 0.006476 465.82 0.09
E 34 42 0.024316 0.007971 319.72 10.13
E 34 46 0.024315 0.007971 398.67 1.87
E 34 47 0.018196 0.005420 284.95 1.16
E 34 48 0.026425 0.004566 379.03 4.43
E 34 54 0.024656 0.005823 437.17 9.12
E 34 59 0.028143 0.006219 432.23 1.91
E 34 60 0.027312 0.005960 409.57 1.10
E 35 43 0.018954 0.004044 310.61 125.30
E 35 45 0.028331 0.001696 558.60 67.53
E 35 49 0.018485 0.001696 299.90 91.14
E 35 52 0.028331 0.000339 758.04 26.03
E 35 54 0.022190 0.001727 357.34 10.61
E 35 55 0.018538 0.001600 312.73 8.19
E 35 56 0.018563 0.001637 306.20 0.42
E 35 57 0.023886 0.003910 354.87 2.86
E 36 37 0.025786 0.004240 405.13 0.01
E 36 41 0.025228 0.006477 399.29 13.11
E 36 44 0.024528 0.006791 377.89 12.32
E 36 45 0.024249 0.006864 343.52 7.61
E 36 48 0.025788 0.003788 422.37 0.44
E 36 50 0.024413 0.005895 370.54 1.34
E 36 51 0.027787 0.007123 412.40 3.15
E 36 52 0.025157 0.007068 396.31 5.30
E 36 58 0.024645 0.006385 382.85 2.10
E 36 59 0.026515 0.006602 396.58 110.65
E 36 60 0.030536 0.005936 656.39 2.87
E 37 38 0.027905 0.003925 558.75 0.00
E 37 40 0.027282 0.004523 367.66 0.23
E 37 41 0.029974 0.005476 447.27 0.22
E 37 42 0.001937 0.000000 184.00 8.15
E 37 46 0.031045 0.003222 380.47 9.22
E 37 47 0.019921 0.005031 319.89 1.91
E 37 48 0.026572 0.003828 435.56 3.90
E 37 50 0.028264 0.010922 461.51 11.48
E 37 51 0.030559 0.007777 479.26 20.60
E 37 54 0.029689 0.002714 543.15 3.60
E 37 59 0.027312 0.003940 391.21 0.57
E 37 60 0.028059 0.004613 464.23 1.12
E 38 40 0.017397 0.004880 284.46 2.00
E 38 41 0.025276 0.004410 479.64 342.32
E 38 47 0.019246 0.003091 343.30 180.03
E 38 53 0.014620 0.003384 222.08 0.00
E 38 58 0.020385 0.003004 293.49 483.20
E 39 41 0.024649 0.003262 358.49 3.92
E 39 42 0.021381 0.001054 334.68 22.38
E 39 46 0.021418 0.001131 339.97 2.56
E 39 48 0.023705 0.002617 356.27 1.67
E 39 51 0.025943 0.005616 403.25 2.80
E 39 52 0.025462 0.004177 380.42 0.20
E 39 54 0.021977 0.000903 369.09 0.71
E 39 57 0.023147 0.003712 350.23 0.57
E 39 59 0.025909 0.005675 399.85 1.41
E 39 60 0.024234 0.003466 386.97 2.09
E 40 41 0.030309 0.006615 433.61 12.81
E 40 47 0.018119 0.005191 275.17 1.91
E 40 48 0.002417 0.000000 244.00 0.23
E 40 53 0.017283 0.004858 272.66 4.56
E 40 59 0.005089 0.000064 520.00 70.76
E 41 42 0.002385 0.000000 240.00 5.03
E 41 44 0.024079 0.004228 402.83 1.75
E 41 46 0.025278 0.000622 418.78 2.04
E 41 47 0.030395 0.005951 420.81 1.13
E 41 48 0.025765 0.003692 397.86 0.79
E 41 50 0.025419 0.004735 382.34 5.69
E 41 51 0.027691 0.006548 434.82 4.59
E 41 52 0.025239 0.003924 407.04 3.88
E 41 54 0.024292 0.003307 370.81 7.71
E 41 57 0.024578 0.003530 386.71 2.45
E 41 59 0.026490 0.005779 388.60 0.24
E 41 60 0.025655 0.003602 403.20 1.96
E 42 46 0.018863 0.000927 301.79 5.59
E 42 48 0.024135 0.003117 363.53 2.23
E 42 52 0.025209 0.002238 382.24 16.44
E 42 54 0.022104 0.001035 356.41 3.53
E 42 57 0.023369 0.003873 385.40 23.02
E 42 59 0.028128 0.003324 435.02 103.43
E 42 60 0.024746 0.003554 385.97 0.00
E 43 49 0.018951 0.003688 307.31 0.57
E 43 55 0.018782 0.003772 288.86 41.64
E 43 56 0.018949 0.003747 298.30 52.38
E 44 45 0.022851 0.004262 385.92 10.57
E 44 48 0.006994 0.001280 700.00 4.02
E 44 50 0.023093 0.004929 373.21 1.84
E 44 51 0.028379 0.006365 416.51 67.04
E 44 52 0.025060 0.004417 396.06 8.83
E 44 58 0.023054 0.004442 369.94 2.86
E 44 59 0.026387 0.006436 369.23 0.44
E 45 48 0.007459 0.000768 700.00 0.40
E 45 49 0.009236 0.000800 864.00 5.25
E 45 50 0.020235 0.003650 320.57 236.66
E 45 51 0.034193 0.006784 409.69 0.83
E 45 52 0.025156 0.005355 366.47 0.36
E 45 57 0.021886 0.003901 449.90 1.24
E 45 59 0.027879 0.004523 438.32 121.58
E 45 60 0.025279 0.000000 418.77 1.24
E 46 48 0.024135 0.003117 407.88 0.23
E 46 52 0.026004 0.004167 339.11 0.22
E 46 54 0.022101 0.001439 368.51 0.65
E 46 57 0.023129 0.003428 343.49 2.23
E 46 59 0.027022 0.003198 460.40 1.61
E 46 60 0.024746 0.003554 340.89 11.05
E 48 51 0.028097 0.007313 424.28 0.24
E 48 52 0.025435 0.003867 390.74 0.31
E 48 54 0.023978 0.003119 348.23 0.25
E 48 57 0.023979 0.003782 394.64 0.81
E 48 59 0.026473 0.005644 394.42 0.95
E 48 60 0.024487 0.003929 374.84 0.88
E 49 55 0.017283 0.000602 284.77 0.17
E 49 56 0.017310 0.000619 274.73 49.25
E 50 51 0.028140 0.006313 416.70 0.50
E 50 52 0.025036 0.003707 397.39 0.32
E 50 58 0.021767 0.004205 339.90 0.12
E 50 59 0.026260 0.006366 392.63 0.48
E 51 52 0.028064 0.005993 415.12 0.04
E 51 54 0.027006 0.005332 418.60 0.42
E 51 57 0.026809 0.005449 399.56 1.18
E 51 58 0.030899 0.008674 488.08 0.65
E 51 59 0.028091 0.007191 405.60 3.52
E 51 60 0.028181 0.006662 424.14 0.98
E 52 54 0.025408 0.003638 384.69 0.08
E 52 57 0.025408 0.004343 374.99 0.18
E 52 59 0.026577 0.005916 409.91 2.38
E 52 60 0.025355 0.003717 400.91 0.30
E 53 58 0.003202 0.000032 284.00 0.19
E 54 57 0.023250 0.003601 372.94 0.10
E 54 59 0.026376 0.005560 408.48 1.43
E 54 60 0.024626 0.003271 400.18 0.05
E 55 56 0.016096 0.000336 261.51 0.95
E 57 59 0.026453 0.005683 421.20 3.41
E 57 60 0.024312 0.003842 380.50 6.48
E 59 60 0.026473 0.005644 399.80 1.85
END

SECTION Terminals
Root 44
Terminals 12
T 38
T 35
T 31
T 58
T 30
T 9
T 12
T 29
T 43
T 13
T 26
T 7
END

EOF