SECTION Comment
CREATOR "Carlos Araujo"
REMARK "Instance for QoS Multicast Routing Problem"
QoS METRICS "delay, jitter, bandwidth and estimate of link duration"
END

SECTION Graph
Nodes 70
Edges 1267

E 1 5 0.034119 0.004749 432.31 47.85
E 1 8 0.034865 0.003872 545.08 1.49
E 1 11 0.028389 0.004331 406.05 174.44
E 1 13 0.032101 0.004327 449.19 7.79
E 1 16 0.035312 0.005625 498.36 0.27
E 1 23 0.031974 0.002571 452.99 2.78
E 1 26 0.032594 0.003592 501.27 0.07
E 1 30 0.034119 0.004749 479.70 0.44
E 1 31 0.035176 0.005273 467.81 0.71
E 1 36 0.027960 0.002993 411.59 2.65
E 1 38 0.035183 0.003052 445.36 7.64
E 1 40 0.032257 0.003053 435.40 7.02
E 1 41 0.030809 0.003082 442.66 47.19
E 1 46 0.027615 0.003063 412.36 0.07
E 1 47 0.027384 0.004481 376.00 4.47
E 1 49 0.027676 0.004048 437.65 2.02
E 1 51 0.030493 0.002862 443.84 16.55
E 1 52 0.027686 0.003197 436.00 60.69
E 1 53 0.032864 0.003963 477.78 0.75
E 1 54 0.031043 0.003406 450.30 265.88
E 1 55 0.026164 0.003095 379.50 3.56
E 1 56 0.032865 0.003963 467.87 0.04
E 1 59 0.033057 0.005939 443.40 17.58
E 1 61 0.029708 0.002785 429.63 63.08
E 1 63 0.032818 0.002933 469.48 1.30
E 1 66 0.032133 0.002975 432.57 1.28
E 1 67 0.032774 0.004623 481.17 1.84
E 1 68 0.032460 0.003177 434.93 1.38
E 2 5 0.025939 0.002689 410.02 1.37
E 2 6 0.034377 0.005507 517.37 825.21
E 2 8 0.025651 0.002714 382.20 1.38
E 2 10 0.028639 0.002470 422.72 639.43
E 2 11 0.032854 0.006633 504.24 2.12
E 2 12 0.031321 0.005857 455.98 569.78
E 2 13 0.030380 0.002450 446.80 0.97
E 2 14 0.023397 0.001954 375.68 575.29
E 2 15 0.024484 0.005226 403.55 9.23
E 2 16 0.020423 0.002078 319.27 1707.51
E 2 17 0.028131 0.002940 444.33 1523.66
E 2 23 0.033866 0.004180 453.28 3.21
E 2 27 0.023050 0.001595 347.03 0.02
E 2 29 0.031291 0.003121 440.12 711.29
E 2 30 0.022294 0.002578 413.51 455.17
E 2 31 0.022681 0.002012 361.48 5.21
E 2 32 0.027542 0.003946 412.08 1128.59
E 2 37 0.029547 0.003791 410.27 471.86
E 2 40 0.033100 0.003385 430.38 0.38
E 2 41 0.039858 0.005511 472.45 16.24
E 2 44 0.025758 0.002427 405.36 1370.49
E 2 48 0.022963 0.003300 369.40 0.26
E 2 50 0.022667 0.001579 349.34 643.41
E 2 52 0.027597 0.001413 392.57 4.34
E 2 57 0.023258 0.002143 349.22 0.29
E 2 58 0.023122 0.003842 363.81 0.05
E 2 60 0.023079 0.002249 365.87 0.22
E 2 62 0.022925 0.001494 348.66 503.21
E 2 63 0.030633 0.003053 440.73 1.64
E 2 64 0.023082 0.002738 352.02 2.29
E 2 65 0.028273 0.004440 423.56 423.23
E 2 68 0.031169 0.003606 470.95 0.00
E 3 4 0.031111 0.001031 414.98 80.48
E 3 5 0.031121 0.002306 464.50 39.52
E 3 6 0.033006 0.003198 457.86 0.00
E 3 8 0.034865 0.003411 483.51 1.61
E 3 11 0.026973 0.002909 403.48 150.34
E 3 13 0.033081 0.000000 799.80 7.22
E 3 16 0.031451 0.003222 447.65 1.87
E 3 17 0.033187 0.003317 450.01 0.03
E 3 18 0.031110 0.001048 520.28 855.93
E 3 19 0.026130 0.002114 400.72 36.34
E 3 24 0.031111 0.001125 426.20 74.05
E 3 26 0.032852 0.002469 478.90 0.43
E 3 30 0.032230 0.002205 473.09 0.44
E 3 31 0.031451 0.000611 405.05 0.33
E 3 33 0.031467 0.004438 474.74 44.48
E 3 35 0.031111 0.000918 450.06 27.99
E 3 36 0.028283 0.003691 436.64 1.41
E 3 38 0.031554 0.000490 421.18 3.76
E 3 40 0.039137 0.005039 459.14 6.69
E 3 41 0.033210 0.001770 490.50 8.09
E 3 46 0.028329 0.001484 416.31 0.08
E 3 47 0.020586 0.002787 297.30 4.40
E 3 49 0.027700 0.004054 404.47 0.69
E 3 51 0.031459 0.003940 469.66 16.77
E 3 52 0.028227 0.001988 426.05 71.08
E 3 53 0.031110 0.002924 465.80 0.79
E 3 54 0.031110 0.002601 494.18 219.69
E 3 55 0.021750 0.004630 386.61 3.79
E 3 56 0.031111 0.001018 483.35 0.29
E 3 59 0.033205 0.003288 466.19 14.73
E 3 61 0.030566 0.002272 433.97 46.13
E 3 63 0.037177 0.007321 517.84 1.23
E 3 66 0.034222 0.002634 477.11 1.21
E 3 67 0.036720 0.006551 505.01 1.75
E 3 68 0.034547 0.003053 463.73 1.81
E 4 5 0.030418 0.003487 436.46 50.83
E 4 6 0.033255 0.003816 475.90 898.72
E 4 8 0.031476 0.004673 489.78 2.02
E 4 10 0.028003 0.001340 457.57 0.00
E 4 11 0.028964 0.005382 434.23 208.63
E 4 12 0.037507 0.006343 493.64 102.27
E 4 13 0.032262 0.004216 472.44 8.14
E 4 17 0.030713 0.002162 430.65 1221.33
E 4 18 0.027488 0.001559 410.11 0.00
E 4 22 0.027351 0.001307 417.62 104.00
E 4 23 0.030343 0.002162 454.41 95.91
E 4 24 0.027091 0.001378 381.38 672.48
E 4 26 0.029325 0.002059 441.48 0.82
E 4 29 0.031032 0.002433 458.53 0.41
E 4 30 0.027669 0.001274 418.72 0.41
E 4 31 0.028557 0.001018 469.92 0.96
E 4 33 0.028243 0.002281 428.20 0.00
E 4 35 0.027106 0.001396 427.38 0.00
E 4 36 0.027003 0.001510 398.74 2.68
E 4 38 0.027182 0.001946 391.87 4.15
E 4 40 0.030011 0.001374 437.25 8.28
E 4 41 0.030153 0.001232 449.03 7.77
E 4 42 0.027672 0.001675 419.19 77.06
E 4 43 0.030454 0.005486 415.00 1949.94
E 4 46 0.027008 0.001543 429.04 0.05
E 4 49 0.027007 0.003872 400.33 1.04
E 4 51 0.030057 0.003255 451.24 65.02
E 4 52 0.027005 0.002282 456.56 207.95
E 4 53 0.027926 0.003188 414.82 0.73
E 4 54 0.028033 0.001855 433.91 266.64
E 4 56 0.027124 0.001891 393.64 0.17
E 4 59 0.033097 0.006002 462.07 5.43
E 4 61 0.029295 0.002079 448.88 49.72
E 4 63 0.030886 0.002015 450.78 3.06
E 4 66 0.032259 0.002886 458.90 1.66
E 4 67 0.032585 0.004222 494.78 2.48
E 4 68 0.031931 0.003103 455.80 1.92
E 5 6 0.032772 0.003404 484.40 33.09
E 5 7 0.035944 0.006784 471.40 48.31
E 5 8 0.028783 0.003314 422.73 1.48
E 5 9 0.031322 0.004270 479.01 49.38
E 5 10 0.028629 0.002535 441.64 20.67
E 5 11 0.031724 0.002374 460.20 0.20
E 5 12 0.032501 0.005366 439.50 27.43
E 5 13 0.034570 0.005414 475.26 0.62
E 5 14 0.027730 0.002590 431.15 18.51
E 5 15 0.009746 0.001632 1044.00 0.39
E 5 16 0.031724 0.002374 453.63 16.69
E 5 17 0.030524 0.002780 432.08 35.98
E 5 18 0.030937 0.003901 450.21 55.14
E 5 19 0.031724 0.002374 460.93 18.58
E 5 20 0.002289 0.000000 228.00 16.97
E 5 22 0.030937 0.003901 472.59 48.83
E 5 23 0.032754 0.003690 491.97 10.43
E 5 24 0.031696 0.003364 492.89 60.73
E 5 25 0.032334 0.005767 399.36 17.57
E 5 26 0.030383 0.003253 453.45 32.41
E 5 27 0.030568 0.002617 413.34 0.20
E 5 29 0.031499 0.002843 475.67 12.82
E 5 30 0.027846 0.002761 410.66 3.65
E 5 31 0.027687 0.002677 393.04 10.92
E 5 32 0.028145 0.005062 397.61 11.15
E 5 33 0.030534 0.003691 447.14 50.79
E 5 34 0.016278 0.000352 1628.00 16.30
E 5 35 0.030571 0.002273 431.07 57.93
E 5 36 0.031270 0.003053 416.42 4.84
E 5 37 0.029562 0.004051 440.60 21.18
E 5 39 0.001969 0.000000 188.00 59.36
E 5 40 0.032179 0.002586 441.79 0.38
E 5 41 0.033023 0.003945 454.90 6.30
E 5 42 0.002385 0.000000 240.00 48.57
E 5 43 0.031885 0.006164 442.81 42.29
E 5 44 0.027503 0.002529 412.33 20.97
E 5 46 0.030763 0.002374 519.82 25.10
E 5 47 0.005746 0.000096 544.00 60.90
E 5 49 0.031723 0.002374 444.46 10.48
E 5 50 0.023011 0.000812 354.65 10.04
E 5 51 0.031086 0.003793 466.79 95.98
E 5 52 0.032455 0.002374 467.42 5.99
E 5 53 0.030937 0.003901 438.52 2.84
E 5 54 0.030090 0.003524 443.31 0.28
E 5 55 0.002161 0.000000 212.00 0.31
E 5 56 0.031907 0.004339 445.13 37.48
E 5 57 0.027389 0.002522 430.88 0.05
E 5 59 0.032569 0.004016 446.67 0.10
E 5 61 0.030734 0.003793 482.55 0.18
E 5 63 0.032295 0.003387 449.87 0.09
E 5 64 0.025839 0.001785 416.03 0.07
E 5 65 0.027777 0.004767 450.28 1.24
E 5 66 0.034056 0.003889 471.10 0.08
E 5 67 0.035146 0.005056 490.79 0.11
E 5 68 0.032757 0.003614 453.00 0.39
E 5 69 0.027389 0.002522 420.65 3.40
E 5 70 0.027478 0.002456 409.52 2.98
E 6 8 0.032816 0.003737 478.06 1.87
E 6 10 0.032912 0.003307 480.84 1157.64
E 6 11 0.034222 0.005718 505.92 24.29
E 6 12 0.032883 0.005273 488.08 0.00
E 6 13 0.032972 0.003969 476.88 7.33
E 6 14 0.032016 0.002462 432.77 0.00
E 6 15 0.032764 0.003030 466.82 4.60
E 6 18 0.032663 0.003748 440.01 27.38
E 6 22 0.032663 0.003748 452.17 0.00
E 6 23 0.032916 0.003627 457.99 22.33
E 6 25 0.034423 0.004726 512.28 0.02
E 6 26 0.032825 0.003593 512.08 0.47
E 6 27 0.033417 0.003183 443.72 119.27
E 6 29 0.033068 0.003408 423.36 5.30
E 6 30 0.031838 0.002418 458.71 0.27
E 6 31 0.031771 0.003259 421.48 0.28
E 6 33 0.032589 0.003597 439.87 323.49
E 6 36 0.032755 0.004218 455.75 2.42
E 6 37 0.033033 0.004064 471.85 0.00
E 6 40 0.033045 0.003453 474.28 6.16
E 6 41 0.033202 0.003738 457.02 166.99
E 6 42 0.034192 0.004737 491.34 0.02
E 6 43 0.032520 0.005506 467.94 0.00
E 6 46 0.032647 0.004070 421.76 0.07
E 6 49 0.033877 0.004129 485.08 3.66
E 6 51 0.033254 0.003816 462.71 46.94
E 6 52 0.034248 0.004070 501.02 206.48
E 6 53 0.032663 0.003748 451.06 0.71
E 6 54 0.033018 0.003778 465.73 204.45
E 6 55 0.034297 0.006185 553.61 12.11
E 6 56 0.032571 0.002643 478.95 0.28
E 6 57 0.031831 0.002510 484.50 36.74
E 6 59 0.033344 0.006231 476.15 25.09
E 6 61 0.033254 0.003816 464.15 10.34
E 6 63 0.032997 0.003397 475.80 2.31
E 6 64 0.032753 0.003515 495.25 2.26
E 6 65 0.033034 0.004489 469.59 0.56
E 6 66 0.033345 0.003883 468.78 1.47
E 6 67 0.033345 0.003883 448.06 1.03
E 6 68 0.033488 0.003750 443.20 0.84
E 6 69 0.031893 0.002615 444.53 2.37
E 6 70 0.033034 0.003430 482.68 1.53
E 7 8 0.035235 0.007154 456.70 1.50
E 7 11 0.028292 0.004250 445.96 172.77
E 7 13 0.034986 0.005556 457.28 7.80
E 7 16 0.038958 0.011250 475.87 0.28
E 7 26 0.035943 0.006784 506.00 0.07
E 7 30 0.035944 0.006784 502.71 0.44
E 7 31 0.044612 0.007463 548.01 0.74
E 7 36 0.028702 0.004574 426.16 2.66
E 7 38 0.035907 0.004636 540.16 7.95
E 7 40 0.038168 0.004621 560.05 7.05
E 7 41 0.032362 0.003574 448.82 49.84
E 7 46 0.028701 0.004574 415.07 0.07
E 7 47 0.020176 0.003465 372.02 4.49
E 7 49 0.027659 0.004204 389.92 2.11
E 7 51 0.031383 0.004313 437.71 16.20
E 7 52 0.026124 0.003957 398.68 59.88
E 7 53 0.034990 0.007401 522.96 0.76
E 7 54 0.034374 0.006013 501.88 268.29
E 7 55 0.022789 0.003694 350.91 3.48
E 7 56 0.034991 0.007401 577.76 0.04
E 7 59 0.032842 0.004687 465.41 17.72
E 7 61 0.030716 0.004772 474.49 63.62
E 7 63 0.036174 0.006424 504.03 1.30
E 7 66 0.033814 0.004296 478.82 1.26
E 7 67 0.035953 0.006244 495.27 1.83
E 7 68 0.033485 0.004216 468.35 1.38
E 8 9 0.033564 0.003880 474.80 1.67
E 8 10 0.028480 0.003782 431.79 3.17
E 8 11 0.032967 0.004523 515.74 7.60
E 8 12 0.032548 0.005465 471.68 1.37
E 8 13 0.037965 0.006684 553.74 7.46
E 8 14 0.028729 0.003737 409.04 4.31
E 8 16 0.036036 0.005039 595.87 2.72
E 8 17 0.030765 0.003611 452.83 1.41
E 8 18 0.031713 0.004528 463.84 1.64
E 8 19 0.036035 0.005040 526.27 2.68
E 8 20 0.036036 0.005040 562.58 2.88
E 8 21 0.036036 0.005040 501.35 2.95
E 8 22 0.031673 0.004628 468.53 1.16
E 8 23 0.032754 0.004112 465.47 0.17
E 8 24 0.033956 0.004495 520.66 1.51
E 8 25 0.034173 0.005631 433.41 2.03
E 8 26 0.029291 0.003793 445.98 0.46
E 8 27 0.034199 0.004613 509.58 1.05
E 8 29 0.031416 0.003688 460.40 11.23
E 8 30 0.029001 0.003620 422.48 2.24
E 8 31 0.028729 0.003737 424.00 1.29
E 8 32 0.028145 0.005062 412.31 1.59
E 8 33 0.030703 0.004085 439.00 1.68
E 8 34 0.036359 0.004862 448.61 3.07
E 8 35 0.035265 0.004523 459.66 1.50
E 8 36 0.034496 0.004466 435.59 0.45
E 8 37 0.029563 0.004051 414.78 2.99
E 8 38 0.034774 0.001696 447.23 0.99
E 8 39 0.036858 0.004876 420.16 2.18
E 8 40 0.031868 0.003936 443.10 1.20
E 8 41 0.032788 0.005766 515.08 1.49
E 8 42 0.036567 0.004652 425.86 2.10
E 8 43 0.030156 0.005381 455.56 1.83
E 8 44 0.028255 0.003757 424.35 4.31
E 8 46 0.034405 0.003731 448.94 0.85
E 8 47 0.035029 0.001102 451.18 15.52
E 8 49 0.035905 0.004108 516.62 0.26
E 8 51 0.031200 0.004394 469.10 3.78
E 8 52 0.034198 0.004613 426.80 2.51
E 8 53 0.031673 0.004458 428.04 0.66
E 8 54 0.029201 0.003749 436.90 0.53
E 8 55 0.034097 0.000791 436.82 0.34
E 8 56 0.032592 0.005745 472.00 0.64
E 8 57 0.027686 0.003468 411.59 1.33
E 8 59 0.033603 0.005182 486.83 9.77
E 8 61 0.031412 0.004327 465.43 11.64
E 8 63 0.032294 0.003863 434.71 10.37
E 8 64 0.027667 0.003613 451.36 39.08
E 8 65 0.028423 0.005495 446.28 1.37
E 8 66 0.034039 0.004517 474.57 13.69
E 8 67 0.035100 0.005716 453.24 9.57
E 8 68 0.032767 0.004012 460.20 5.50
E 8 69 0.027686 0.003468 440.38 8.21
E 8 70 0.028423 0.003872 441.06 0.00
E 9 11 0.030026 0.006373 407.90 214.29
E 9 13 0.031879 0.005267 450.69 7.87
E 9 23 0.029912 0.002219 460.81 4.35
E 9 26 0.029257 0.003079 438.07 0.33
E 9 30 0.031131 0.001947 431.12 0.40
E 9 31 0.027917 0.002004 440.74 0.51
E 9 36 0.028734 0.002929 441.78 2.06
E 9 38 0.028359 0.002898 437.33 5.03
E 9 40 0.030935 0.001514 447.06 7.11
E 9 41 0.030796 0.003477 417.58 76.45
E 9 46 0.028801 0.003087 417.19 0.03
E 9 49 0.028802 0.003962 431.77 1.34
E 9 51 0.030040 0.003263 461.55 60.04
E 9 52 0.028161 0.001302 417.33 159.98
E 9 53 0.028670 0.002929 419.72 0.41
E 9 54 0.028677 0.002986 435.21 258.93
E 9 56 0.028572 0.002916 429.53 0.16
E 9 59 0.032788 0.005814 450.08 8.54
E 9 61 0.029205 0.002970 417.54 26.79
E 9 63 0.032588 0.004214 484.64 3.00
E 9 66 0.032052 0.002986 426.71 1.61
E 9 67 0.032305 0.003999 458.41 1.52
E 9 68 0.031996 0.002956 490.47 1.57
E 10 11 0.029982 0.006015 460.12 21.81
E 10 12 0.032964 0.006092 458.26 229.73
E 10 13 0.031946 0.003824 475.68 6.70
E 10 14 0.028770 0.002374 425.21 269.41
E 10 15 0.030320 0.004026 474.51 4.32
E 10 17 0.029529 0.001550 434.81 823.98
E 10 18 0.028083 0.001168 394.90 0.00
E 10 22 0.028083 0.001168 399.03 339.38
E 10 23 0.033286 0.004048 474.51 10.03
E 10 26 0.029619 0.002230 436.46 0.90
E 10 27 0.030318 0.004026 467.52 93.44
E 10 29 0.031340 0.002933 436.60 0.00
E 10 30 0.028590 0.002159 419.17 0.27
E 10 31 0.028793 0.002698 429.65 0.51
E 10 33 0.028083 0.002156 401.79 0.00
E 10 37 0.029690 0.004149 429.78 269.78
E 10 40 0.032670 0.002250 463.63 4.47
E 10 41 0.031623 0.002565 438.24 46.96
E 10 43 0.029961 0.005474 456.54 465.67
E 10 48 0.030590 0.005495 463.39 7.96
E 10 50 0.030320 0.004026 422.87 67.82
E 10 51 0.029932 0.003600 458.22 59.59
E 10 52 0.032457 0.006407 488.93 126.09
E 10 53 0.027996 0.001171 427.48 0.94
E 10 54 0.028453 0.002190 412.75 106.89
E 10 56 0.027847 0.001344 392.02 0.46
E 10 57 0.028650 0.002166 396.33 29.05
E 10 58 0.020053 0.003808 2100.00 111.26
E 10 59 0.033358 0.007615 452.74 20.15
E 10 60 0.030367 0.005766 445.13 21.97
E 10 61 0.028735 0.001673 446.94 88.07
E 10 63 0.032343 0.003451 458.32 2.75
E 10 64 0.030127 0.003810 462.17 2.44
E 10 65 0.028863 0.004200 429.10 0.49
E 10 66 0.030722 0.002437 480.60 2.06
E 10 67 0.031470 0.003545 445.31 1.72
E 10 68 0.032429 0.003035 461.04 1.51
E 10 69 0.028650 0.002166 427.83 4.76
E 10 70 0.028863 0.002354 426.37 3.95
E 11 12 0.031635 0.006910 463.07 27.69
E 11 13 0.032312 0.005138 439.32 0.54
E 11 16 0.028734 0.004288 426.56 96.37
E 11 17 0.030438 0.004516 445.93 137.52
E 11 19 0.028107 0.003814 417.74 93.59
E 11 20 0.028326 0.004065 424.33 110.96
E 11 21 0.028325 0.004065 413.09 110.46
E 11 23 0.033318 0.004507 479.64 6.84
E 11 25 0.028186 0.003913 404.60 112.46
E 11 26 0.029337 0.005440 459.83 43.93
E 11 27 0.030494 0.003604 411.54 1.19
E 11 29 0.031176 0.004461 468.38 70.08
E 11 30 0.033811 0.002688 462.06 2.44
E 11 32 0.029888 0.006476 456.85 17.64
E 11 34 0.028191 0.003903 412.12 108.57
E 11 37 0.029747 0.004712 439.78 37.26
E 11 40 0.031721 0.004596 481.45 1.07
E 11 41 0.030160 0.005120 433.91 15.80
E 11 42 0.028388 0.004365 424.85 139.00
E 11 47 0.027359 0.002399 386.26 32.07
E 11 51 0.029514 0.005663 433.93 14.58
E 11 52 0.028300 0.004046 423.76 1.48
E 11 54 0.031724 0.001187 562.68 0.19
E 11 55 0.028349 0.004118 413.81 0.33
E 11 59 0.033050 0.007288 451.06 0.25
E 11 61 0.029001 0.005481 455.37 0.31
E 11 63 0.032120 0.004596 452.82 0.08
E 11 65 0.029982 0.006015 442.72 1.63
E 11 66 0.032009 0.004486 481.47 0.17
E 11 67 0.031919 0.004507 432.92 0.16
E 11 68 0.032986 0.004186 461.11 0.35
E 11 70 0.029982 0.006015 428.74 0.63
E 12 13 0.036378 0.005728 525.67 6.79
E 12 15 0.033445 0.006288 482.11 5.48
E 12 16 0.029689 0.002374 412.30 2.08
E 12 17 0.032901 0.005993 460.82 0.00
E 12 18 0.037504 0.006343 522.36 1236.80
E 12 19 0.039609 0.005936 441.02 45.56
E 12 23 0.032940 0.005954 465.89 8.09
E 12 26 0.037376 0.005767 531.14 0.39
E 12 27 0.033507 0.006173 446.53 97.55
E 12 29 0.032091 0.005907 458.93 3404.49
E 12 30 0.037375 0.005767 510.53 0.34
E 12 31 0.032739 0.005912 468.11 0.35
E 12 33 0.037504 0.006343 494.02 51.71
E 12 36 0.036980 0.006021 531.51 1.49
E 12 40 0.033049 0.005753 506.17 5.50
E 12 41 0.037503 0.006004 533.24 115.62
E 12 43 0.037729 0.006041 466.83 0.06
E 12 48 0.031298 0.005565 471.59 4.54
E 12 50 0.031323 0.005857 438.03 21.46
E 12 51 0.037729 0.006041 490.89 57.25
E 12 52 0.032984 0.006253 467.63 120.72
E 12 53 0.037042 0.005998 531.93 0.90
E 12 54 0.037362 0.005797 522.51 134.49
E 12 56 0.037043 0.005999 569.14 0.40
E 12 57 0.032438 0.005825 453.69 31.83
E 12 58 0.029594 0.005287 427.45 114.41
E 12 59 0.037504 0.006343 486.34 16.40
E 12 60 0.029595 0.005287 440.02 22.93
E 12 61 0.037729 0.006041 479.38 63.16
E 12 62 0.031261 0.006198 453.87 0.82
E 12 63 0.032989 0.005773 465.48 2.61
E 12 64 0.032962 0.006009 437.06 2.63
E 12 65 0.033003 0.005868 457.74 0.97
E 12 66 0.037898 0.006320 490.47 1.86
E 12 67 0.037899 0.006320 511.31 1.32
E 12 68 0.032901 0.005993 444.56 1.39
E 12 69 0.032439 0.005825 449.08 5.18
E 12 70 0.033003 0.005868 488.40 4.77
E 13 14 0.033103 0.003307 472.96 6.37
E 13 15 0.030629 0.002515 439.53 1.43
E 13 16 0.029199 0.004884 458.62 7.51
E 13 17 0.032426 0.004633 470.37 7.97
E 13 18 0.032264 0.004216 456.03 8.00
E 13 19 0.038236 0.005020 437.59 7.67
E 13 20 0.031327 0.004127 441.42 7.61
E 13 21 0.031552 0.004104 461.43 7.60
E 13 22 0.032264 0.004216 462.22 7.88
E 13 23 0.033408 0.003926 469.58 0.94
E 13 25 0.032412 0.004512 471.59 7.18
E 13 26 0.031763 0.003752 430.14 6.95
E 13 27 0.031700 0.002285 469.12 0.96
E 13 29 0.031827 0.004134 446.48 6.88
E 13 30 0.032664 0.002940 493.20 5.53
E 13 31 0.031297 0.002035 434.10 3.14
E 13 32 0.032126 0.003528 471.32 6.70
E 13 33 0.032264 0.004216 451.40 7.90
E 13 34 0.032102 0.004327 462.84 7.63
E 13 36 0.031497 0.005332 497.80 4.54
E 13 37 0.034420 0.004233 483.27 6.49
E 13 39 0.005794 0.000128 608.00 8.45
E 13 40 0.032943 0.003926 475.94 1.04
E 13 41 0.031593 0.004429 465.10 2.89
E 13 42 0.032100 0.004327 436.09 7.36
E 13 43 0.032264 0.006053 464.93 7.33
E 13 44 0.033232 0.003250 455.03 6.89
E 13 46 0.031497 0.005332 432.16 6.03
E 13 48 0.030193 0.001993 451.92 4.88
E 13 49 0.031115 0.005289 497.77 1.03
E 13 50 0.030381 0.002450 427.53 6.76
E 13 51 0.031759 0.004835 451.51 12.92
E 13 52 0.031604 0.004137 451.21 9.62
E 13 53 0.032264 0.004216 482.73 4.71
E 13 54 0.031461 0.003731 462.34 6.70
E 13 56 0.032241 0.004310 438.97 6.36
E 13 57 0.030547 0.002348 439.90 16.36
E 13 58 0.029911 0.002929 460.79 0.48
E 13 59 0.032827 0.006601 485.98 0.51
E 13 60 0.029855 0.004409 510.50 1.12
E 13 61 0.032360 0.005436 467.43 0.99
E 13 62 0.030079 0.002401 486.87 6.77
E 13 63 0.032499 0.004000 475.26 0.60
E 13 64 0.031226 0.004143 458.42 0.80
E 13 65 0.033493 0.004366 447.25 2.36
E 13 66 0.032271 0.005293 448.78 0.89
E 13 67 0.032112 0.005161 462.77 1.38
E 13 68 0.032364 0.004050 456.56 6.00
E 13 69 0.031385 0.003256 549.44 61.08
E 14 15 0.026918 0.003599 380.44 1.76
E 14 16 0.029303 0.005043 449.77 2.11
E 14 17 0.029000 0.001803 435.64 0.00
E 14 23 0.036893 0.006105 464.09 1.31
E 14 26 0.032140 0.002533 473.49 0.44
E 14 27 0.028574 0.003053 421.46 104.96
E 14 30 0.023458 0.000997 371.93 0.44
E 14 31 0.021403 0.003231 344.20 0.32
E 14 40 0.036575 0.004463 488.64 4.18
E 14 41 0.036656 0.003561 488.91 4.97
E 14 48 0.029283 0.003901 506.58 9.12
E 14 50 0.026037 0.002328 423.63 21.04
E 14 51 0.030298 0.002374 500.93 18.73
E 14 52 0.029376 0.002713 432.87 153.47
E 14 54 0.031654 0.002951 470.43 103.04
E 14 55 0.005442 0.000032 564.00 3.94
E 14 57 0.021124 0.001260 318.14 29.04
E 14 58 0.028355 0.004070 425.70 87.15
E 14 60 0.028305 0.002713 399.70 18.45
E 14 62 0.028784 0.000339 307.38 0.63
E 14 63 0.034424 0.004739 483.32 1.40
E 14 64 0.025513 0.003709 407.46 2.10
E 14 65 0.027918 0.005289 394.68 0.65
E 14 68 0.035006 0.003731 475.69 1.42
E 14 69 0.020923 0.001294 329.50 5.30
E 14 70 0.025403 0.002069 396.95 3.77
E 15 16 0.021633 0.005209 344.00 4.77
E 15 23 0.039205 0.006444 520.74 5.85
E 15 26 0.033852 0.002806 448.34 5.55
E 15 27 0.022339 0.004902 352.88 1.91
E 15 29 0.031977 0.003816 430.89 4.93
E 15 30 0.033811 0.002688 464.72 2.64
E 15 31 0.024439 0.003307 423.11 2.31
E 15 32 0.027617 0.004749 430.03 3.91
E 15 37 0.029818 0.005299 403.99 4.03
E 15 40 0.038327 0.006980 514.10 0.97
E 15 41 0.039293 0.004974 468.73 9.48
E 15 44 0.027366 0.003327 400.38 4.58
E 15 48 0.022559 0.004692 356.50 7.77
E 15 50 0.023221 0.005303 387.76 3.99
E 15 52 0.027654 0.005185 433.33 48.50
E 15 54 0.030933 0.000565 547.46 1.60
E 15 57 0.024464 0.001289 357.89 0.66
E 15 58 0.022481 0.004866 362.86 0.78
E 15 60 0.022400 0.004902 378.26 0.50
E 15 62 0.022350 0.005000 344.67 3.35
E 15 63 0.035336 0.005800 469.94 0.33
E 15 64 0.023048 0.004653 374.75 0.24
E 15 65 0.029977 0.006176 439.51 1.74
E 15 68 0.032190 0.000678 466.84 1.30
E 15 70 0.027260 0.003836 432.33 2.58
E 16 17 0.034719 0.003222 520.81 0.49
E 16 19 0.027025 0.003961 407.45 8.67
E 16 20 0.028535 0.004070 408.92 1.29
E 16 21 0.028882 0.004179 435.35 1.29
E 16 23 0.041303 0.007293 530.66 1.21
E 16 25 0.026262 0.003631 407.87 0.65
E 16 26 0.034663 0.003580 464.20 0.12
E 16 27 0.020040 0.001977 334.12 144.19
E 16 29 0.031898 0.004572 390.27 1.64
E 16 30 0.033810 0.002883 432.97 0.19
E 16 32 0.028307 0.002773 495.14 1.75
E 16 34 0.028024 0.004107 429.00 1.30
E 16 37 0.031214 0.004442 440.52 0.28
E 16 40 0.042535 0.010261 575.37 4.30
E 16 41 0.036133 0.005258 527.34 7.39
E 16 42 0.030731 0.003223 376.69 0.40
E 16 47 0.030746 0.002883 410.23 4.39
E 16 50 0.019982 0.001849 325.86 13.00
E 16 52 0.028350 0.003550 421.64 58.26
E 16 54 0.030932 0.001696 462.76 61.56
E 16 55 0.029389 0.004247 428.96 3.01
E 16 58 0.019863 0.003720 320.29 26.38
E 16 59 0.032014 0.002544 508.45 2.84
E 16 60 0.019999 0.002035 305.50 10.75
E 16 62 0.019746 0.001815 317.30 0.08
E 16 63 0.038031 0.008005 526.87 1.25
E 16 64 0.024239 0.003413 346.27 2.70
E 16 65 0.034030 0.005970 408.59 0.74
E 16 66 0.036441 0.003222 502.68 0.98
E 16 67 0.034267 0.003222 527.38 1.12
E 16 68 0.035765 0.004729 495.65 0.73
E 16 70 0.028235 0.006162 396.03 5.97
E 17 18 0.030672 0.002182 422.82 6.58
E 17 19 0.033735 0.002329 461.81 304.79
E 17 22 0.030672 0.002182 419.34 0.00
E 17 23 0.031049 0.002780 442.66 1.21
E 17 24 0.033091 0.002870 497.05 0.00
E 17 25 0.033778 0.002651 482.44 0.06
E 17 26 0.030659 0.002174 427.77 0.53
E 17 29 0.030985 0.002626 449.07 0.71
E 17 30 0.030442 0.002112 426.76 0.28
E 17 31 0.029903 0.002525 451.03 0.26
E 17 33 0.030672 0.002490 462.73 417.04
E 17 35 0.033234 0.002926 469.16 195.25
E 17 36 0.033439 0.003006 447.20 2.44
E 17 37 0.029205 0.003699 436.16 0.00
E 17 38 0.031986 0.001470 395.40 3.97
E 17 40 0.031724 0.002083 466.84 7.12
E 17 41 0.030835 0.001825 459.19 7.37
E 17 42 0.033606 0.002978 503.91 0.09
E 17 46 0.033440 0.003006 472.86 0.06
E 17 47 0.032808 0.002307 627.92 4.31
E 17 49 0.033440 0.005088 479.05 0.71
E 17 51 0.030831 0.003160 434.44 17.39
E 17 52 0.033038 0.002605 477.49 88.17
E 17 53 0.030672 0.002182 421.40 0.72
E 17 54 0.030548 0.002115 431.02 295.64
E 17 55 0.032062 0.000791 438.37 3.42
E 17 56 0.030679 0.002182 439.92 0.26
E 17 57 0.028480 0.001632 420.99 48.71
E 17 59 0.033116 0.005445 445.95 5.69
E 17 61 0.030875 0.002147 458.58 9.95
E 17 63 0.032413 0.003684 449.16 1.20
E 17 65 0.029089 0.003844 431.36 0.70
E 17 66 0.032200 0.002512 462.86 1.18
E 17 67 0.032892 0.004275 468.52 1.56
E 17 68 0.032444 0.002928 475.34 1.12
E 17 69 0.028480 0.001632 406.69 5.15
E 17 70 0.029089 0.001953 433.85 16.05
E 18 22 0.027038 0.001067 414.19 1686.02
E 18 23 0.030663 0.002580 476.78 1.23
E 18 24 0.026993 0.000992 454.50 0.00
E 18 26 0.029263 0.001908 444.92 0.16
E 18 30 0.026844 0.001061 398.42 0.28
E 18 31 0.028097 0.001837 470.28 0.38
E 18 33 0.028076 0.002111 426.10 9.56
E 18 35 0.026950 0.001044 426.43 275.52
E 18 36 0.026953 0.002067 410.06 2.30
E 18 38 0.026591 0.001905 388.83 5.09
E 18 40 0.031088 0.001286 467.36 7.19
E 18 41 0.030697 0.001129 438.26 7.51
E 18 43 0.030860 0.006472 449.15 0.87
E 18 46 0.026926 0.001524 413.79 0.06
E 18 49 0.026926 0.003962 400.05 1.34
E 18 51 0.030086 0.003281 449.76 55.40
E 18 52 0.033531 0.000833 494.56 209.18
E 18 53 0.028308 0.003536 424.70 0.64
E 18 54 0.028207 0.002089 410.00 324.97
E 18 56 0.027046 0.001482 412.21 0.21
E 18 59 0.033368 0.006416 498.32 5.08
E 18 61 0.029334 0.002021 433.87 8.41
E 18 63 0.032345 0.003520 469.08 2.70
E 18 66 0.032321 0.002987 469.45 1.41
E 18 67 0.032513 0.004208 436.21 1.31
E 18 68 0.032463 0.003133 461.23 1.16
E 19 23 0.039499 0.006930 494.58 1.22
E 19 25 0.023334 0.002852 354.49 12.27
E 19 26 0.035309 0.001841 452.33 0.11
E 19 27 0.030494 0.003604 477.99 145.38
E 19 29 0.031890 0.004334 448.01 56.32
E 19 30 0.033811 0.002688 486.62 0.28
E 19 40 0.037078 0.006203 521.41 7.56
E 19 41 0.032449 0.002374 455.52 7.54
E 19 42 0.025324 0.002923 413.89 7.90
E 19 47 0.021562 0.002768 310.49 8.34
E 19 52 0.026858 0.002605 397.78 61.27
E 19 54 0.012596 0.000544 1284.00 347.45
E 19 55 0.022335 0.002646 338.44 3.09
E 19 59 0.033008 0.004967 447.14 25.73
E 19 63 0.035022 0.005381 499.40 1.24
E 19 66 0.034889 0.003505 523.86 0.95
E 19 67 0.034228 0.004097 456.98 1.07
E 19 68 0.032725 0.003038 449.65 0.54
E 20 23 0.041959 0.007956 560.37 2.82
E 20 26 0.035309 0.001841 541.58 0.05
E 20 30 0.033811 0.002688 468.90 0.65
E 20 40 0.040957 0.009309 545.56 7.56
E 20 41 0.030188 0.004296 462.09 7.55
E 20 47 0.022256 0.003277 343.13 8.23
E 20 52 0.026884 0.003231 417.82 44.66
E 20 55 0.022655 0.003330 369.44 3.07
E 20 59 0.032470 0.005385 407.52 20.80
E 20 63 0.036762 0.007002 493.21 1.31
E 20 66 0.031668 0.003751 463.40 1.02
E 20 67 0.030633 0.003937 408.69 1.19
E 20 68 0.032779 0.003594 450.30 0.71
E 21 23 0.033535 0.003819 438.54 2.77
E 21 26 0.035309 0.001841 469.58 0.05
E 21 30 0.033811 0.002688 491.68 0.65
E 21 40 0.031881 0.002420 428.29 7.56
E 21 41 0.030080 0.001553 442.99 7.55
E 21 47 0.022496 0.000837 359.03 8.39
E 21 52 0.026874 0.002115 391.75 44.43
E 21 55 0.022114 0.002418 352.42 3.06
E 21 59 0.033068 0.007614 478.51 20.84
E 21 63 0.032040 0.003414 444.96 1.31
E 21 66 0.031537 0.001954 465.32 1.03
E 21 67 0.031702 0.003957 452.86 1.18
E 21 68 0.032779 0.003145 458.68 0.71
E 22 23 0.030535 0.002449 466.66 1.22
E 22 24 0.027067 0.001246 394.17 9.11
E 22 26 0.029263 0.001908 442.13 0.45
E 22 29 0.031007 0.002613 455.17 2450.69
E 22 30 0.026867 0.001310 425.57 0.29
E 22 31 0.029092 0.002629 446.00 0.52
E 22 33 0.028076 0.002111 413.26 50.99
E 22 35 0.027037 0.001211 428.62 33.99
E 22 36 0.027082 0.002820 426.81 2.50
E 22 38 0.026784 0.001905 402.11 5.06
E 22 40 0.031088 0.001286 440.41 6.80
E 22 41 0.030714 0.001156 444.45 7.59
E 22 43 0.030860 0.006472 457.52 0.00
E 22 46 0.027065 0.001524 403.51 0.06
E 22 49 0.026938 0.003962 409.85 1.02
E 22 51 0.030099 0.003327 452.92 49.94
E 22 52 0.033531 0.002261 414.97 175.93
E 22 53 0.028277 0.003454 418.82 0.57
E 22 54 0.028207 0.002089 417.83 252.96
E 22 56 0.027055 0.001482 388.39 0.26
E 22 59 0.033368 0.006416 473.40 17.12
E 22 61 0.029334 0.002021 435.83 9.51
E 22 63 0.032345 0.003520 455.40 3.24
E 22 66 0.032321 0.002987 471.80 1.61
E 22 67 0.032513 0.004208 476.92 1.50
E 22 68 0.032571 0.003419 473.27 1.56
E 23 25 0.033411 0.003867 462.22 2.10
E 23 26 0.033417 0.004496 476.44 2.79
E 23 27 0.040132 0.008683 499.23 2.95
E 23 29 0.033579 0.003700 461.02 1.84
E 23 30 0.039185 0.006920 460.36 13.69
E 23 31 0.039673 0.006708 526.44 16.89
E 23 32 0.033733 0.004397 474.29 5.42
E 23 33 0.030663 0.002580 430.98 10.13
E 23 34 0.033410 0.003867 467.80 2.85
E 23 37 0.033727 0.004437 455.12 3.45
E 23 40 0.033165 0.003932 464.00 2.39
E 23 41 0.033384 0.004442 453.47 5.71
E 23 42 0.030167 0.002035 451.57 12.35
E 23 43 0.030654 0.006053 490.47 6.75
E 23 44 0.033288 0.004048 470.95 6.50
E 23 48 0.040569 0.007434 505.68 4.54
E 23 50 0.040517 0.007268 528.58 5.55
E 23 52 0.033409 0.003867 497.97 4.85
E 23 53 0.030663 0.002580 434.20 6.11
E 23 54 0.030653 0.002504 445.47 1.43
E 23 55 0.042490 0.006530 591.06 0.25
E 23 56 0.030156 0.002105 434.95 2.27
E 23 58 0.042637 0.007524 559.92 2.83
E 23 59 0.033545 0.007731 470.54 7.10
E 23 60 0.042637 0.007524 516.06 1.67
E 23 61 0.030635 0.002433 437.69 6.70
E 23 62 0.042881 0.007971 568.44 1.77
E 23 63 0.033165 0.003932 463.18 3.97
E 23 64 0.033529 0.003818 499.27 8.67
E 23 65 0.033684 0.004574 504.78 1.79
E 23 66 0.030721 0.002437 458.86 37.30
E 23 67 0.031469 0.003545 451.19 39.57
E 23 68 0.033267 0.004174 467.02 4.76
E 23 70 0.033684 0.004028 476.19 5.78
E 24 26 0.028469 0.001817 418.70 0.83
E 24 30 0.027908 0.002714 382.77 0.50
E 24 31 0.028671 0.000339 414.44 1.30
E 24 33 0.028002 0.002287 419.57 2192.82
E 24 35 0.019781 0.000584 312.35 490.08
E 24 36 0.022761 0.001337 353.55 1.35
E 24 38 0.019724 0.001681 312.99 4.07
E 24 41 0.032136 0.001394 454.33 7.74
E 24 43 0.030302 0.005302 449.16 0.00
E 24 46 0.022697 0.001453 348.99 0.05
E 24 49 0.024207 0.003478 374.78 0.75
E 24 51 0.029915 0.003268 429.43 66.25
E 24 53 0.027720 0.002807 413.83 0.83
E 24 54 0.027802 0.001983 399.81 276.61
E 24 56 0.024830 0.001752 356.78 0.38
E 24 59 0.033036 0.006075 476.53 17.85
E 24 61 0.029151 0.001767 432.67 81.06
E 24 66 0.034985 0.003287 481.88 1.77
E 24 67 0.032578 0.004078 434.74 2.64
E 25 26 0.035309 0.005960 493.11 0.93
E 25 27 0.032233 0.005710 408.34 116.41
E 25 29 0.031197 0.003344 422.82 981.20
E 25 30 0.033811 0.005710 410.78 0.58
E 25 40 0.031724 0.002211 463.39 6.91
E 25 41 0.030193 0.001299 416.72 7.52
E 25 47 0.029245 0.005529 366.29 8.27
E 25 52 0.026857 0.002064 409.86 36.71
E 25 54 0.006082 0.001504 644.00 50.18
E 25 55 0.022951 0.002374 345.03 2.97
E 25 59 0.033007 0.004967 472.37 20.55
E 25 63 0.032122 0.003291 496.05 1.29
E 25 66 0.032029 0.002567 466.28 1.06
E 25 67 0.034228 0.004097 450.73 1.19
E 25 68 0.032748 0.003117 465.98 0.73
E 26 27 0.034486 0.002870 483.65 104.52
E 26 29 0.031249 0.003374 452.88 0.73
E 26 30 0.029609 0.002121 436.22 0.17
E 26 31 0.032493 0.002646 465.60 0.39
E 26 32 0.034664 0.003015 509.74 0.36
E 26 33 0.029236 0.002111 438.86 0.75
E 26 34 0.035309 0.001841 552.92 0.36
E 26 35 0.028491 0.001850 444.44 0.86
E 26 36 0.029393 0.001973 408.78 0.74
E 26 37 0.032595 0.005148 461.44 0.91
E 26 38 0.027819 0.002135 416.19 14.66
E 26 39 0.028491 0.001850 404.98 0.37
E 26 40 0.032284 0.002336 435.75 5.46
E 26 41 0.031140 0.001987 443.59 7.49
E 26 42 0.029216 0.002023 440.16 0.47
E 26 43 0.030563 0.006340 433.08 0.55
E 26 44 0.029737 0.002714 476.95 0.31
E 26 46 0.028871 0.002153 428.15 0.04
E 26 49 0.028907 0.004163 469.23 2.16
E 26 51 0.029960 0.003287 440.76 61.88
E 26 52 0.034706 0.002713 488.36 102.83
E 26 53 0.029263 0.002604 434.05 0.61
E 26 54 0.029305 0.002174 413.21 126.06
E 26 55 0.034437 0.000791 426.42 4.02
E 26 56 0.029277 0.001953 425.45 0.13
E 26 57 0.033186 0.002459 424.85 35.25
E 26 59 0.033264 0.006489 434.70 16.97
E 26 61 0.029292 0.002172 440.05 71.06
E 26 63 0.032371 0.003419 453.34 2.58
E 26 64 0.034663 0.003015 422.27 2.61
E 26 65 0.032412 0.004540 459.94 0.40
E 26 66 0.031861 0.002393 454.03 1.82
E 26 67 0.031950 0.003508 461.23 1.43
E 26 68 0.032775 0.003666 500.01 1.27
E 26 69 0.031535 0.001658 523.87 5.58
E 26 70 0.032412 0.002933 478.52 4.81
E 27 29 0.031981 0.004370 521.66 148.11
E 27 30 0.033077 0.002616 492.52 37.19
E 27 31 0.027446 0.002239 410.05 2.35
E 27 32 0.027579 0.003957 409.00 64.05
E 27 37 0.029736 0.003895 444.93 73.46
E 27 40 0.040753 0.007169 464.10 0.07
E 27 41 0.039243 0.004532 503.88 22.91
E 27 44 0.027276 0.002924 415.87 105.06
E 27 48 0.020571 0.003139 331.46 0.66
E 27 50 0.020991 0.001526 339.86 56.68
E 27 51 0.030705 0.002374 447.82 59.14
E 27 52 0.028309 0.004305 398.13 3.80
E 27 54 0.032545 0.002883 488.07 0.34
E 27 55 0.029858 0.000509 476.30 0.47
E 27 57 0.028745 0.002167 392.96 0.59
E 27 58 0.020329 0.003569 336.09 0.04
E 27 60 0.020378 0.001918 334.11 0.27
E 27 62 0.019953 0.001304 309.44 88.38
E 27 63 0.037275 0.007780 536.77 1.33
E 27 64 0.022990 0.002809 374.60 2.52
E 27 65 0.030547 0.004764 460.63 143.49
E 27 68 0.036674 0.004206 502.40 0.00
E 29 30 0.032538 0.006208 478.42 0.47
E 29 31 0.034436 0.003308 419.52 0.34
E 29 33 0.031032 0.002433 417.20 68.22
E 29 37 0.031278 0.003962 456.34 345.20
E 29 40 0.031742 0.003006 488.67 4.01
E 29 41 0.031209 0.002945 478.96 4.79
E 29 48 0.032739 0.003176 455.88 8.77
E 29 50 0.031293 0.003121 442.93 3369.73
E 29 51 0.031031 0.003536 472.80 8.97
E 29 52 0.031188 0.003311 455.03 41.39
E 29 53 0.031033 0.002433 448.95 0.98
E 29 54 0.031032 0.002433 482.14 50.59
E 29 55 0.031099 0.004551 469.11 3.52
E 29 58 0.032598 0.004849 490.21 35.87
E 29 59 0.032908 0.008372 498.32 19.86
E 29 60 0.032598 0.004849 454.38 10.70
E 29 61 0.031031 0.002433 464.59 69.15
E 29 62 0.032598 0.004849 444.06 0.15
E 29 63 0.032015 0.003032 465.00 1.26
E 29 64 0.031324 0.003053 451.18 2.57
E 29 65 0.031354 0.005263 448.08 0.79
E 29 66 0.031031 0.002433 451.43 1.88
E 29 67 0.031032 0.003174 502.85 2.16
E 29 68 0.032683 0.003177 461.83 0.65
E 29 70 0.031354 0.003153 455.04 5.69
E 30 31 0.022961 0.003841 367.11 0.08
E 30 32 0.033811 0.002688 462.35 0.68
E 30 33 0.027645 0.002187 408.76 0.27
E 30 34 0.035625 0.003901 391.50 0.70
E 30 35 0.013268 0.000256 1368.00 0.49
E 30 36 0.032230 0.002205 495.43 1.23
E 30 37 0.031416 0.004800 452.73 0.54
E 30 39 0.013268 0.000256 1368.00 0.87
E 30 40 0.037754 0.006052 469.84 9.31
E 30 41 0.035082 0.002313 459.25 30.89
E 30 42 0.035191 0.003656 438.28 0.62
E 30 43 0.030224 0.005236 408.69 0.43
E 30 44 0.025539 0.002624 404.01 0.38
E 30 46 0.033811 0.002688 469.77 0.69
E 30 49 0.033811 0.002688 502.35 4.93
E 30 51 0.031002 0.002893 438.96 5.25
E 30 52 0.033803 0.002544 438.21 5.03
E 30 53 0.027422 0.002407 398.91 0.30
E 30 54 0.028340 0.002274 416.11 2.98
E 30 55 0.035200 0.001102 456.54 8.10
E 30 56 0.028885 0.001617 423.53 0.27
E 30 57 0.022939 0.000933 378.09 5.44
E 30 59 0.033281 0.003901 458.97 1.53
E 30 61 0.030788 0.002714 450.43 1.99
E 30 63 0.035613 0.006209 473.85 1.20
E 30 64 0.033807 0.002544 454.39 0.90
E 30 65 0.029955 0.004881 475.78 0.32
E 30 66 0.034635 0.002636 470.88 0.67
E 30 67 0.034887 0.004146 498.37 0.60
E 30 68 0.036740 0.006173 606.75 1.76
E 30 69 0.021308 0.001237 325.56 5.50
E 30 70 0.029685 0.002743 428.55 4.80
E 31 32 0.029154 0.003683 438.51 1.84
E 31 33 0.029493 0.002665 462.27 0.37
E 31 35 0.028671 0.001583 414.44 1.30
E 31 36 0.030896 0.007269 491.14 2.17
E 31 37 0.029753 0.004052 423.40 0.53
E 31 38 0.029010 0.000000 291.77 12.59
E 31 40 0.040369 0.007874 561.02 2.97
E 31 41 0.036500 0.002497 439.15 33.76
E 31 43 0.029799 0.002657 426.96 0.45
E 31 44 0.025686 0.002483 403.83 0.48
E 31 46 0.028671 0.002035 555.93 0.57
E 31 49 0.028671 0.001696 448.92 1.01
E 31 50 0.024260 0.001760 397.18 1.20
E 31 51 0.030362 0.002261 424.28 3.78
E 31 52 0.032456 0.001074 457.91 4.89
E 31 53 0.028621 0.002009 486.65 0.69
E 31 54 0.032553 0.004618 462.11 3.63
E 31 56 0.008082 0.000064 836.00 0.93
E 31 57 0.021438 0.003992 326.93 8.92
E 31 59 0.033320 0.003683 494.26 2.72
E 31 61 0.030421 0.002516 436.55 2.00
E 31 63 0.036888 0.007602 484.31 2.16
E 31 64 0.026190 0.002870 419.71 1.63
E 31 65 0.027990 0.004088 413.69 0.29
E 31 66 0.036439 0.003022 482.90 1.02
E 31 67 0.034266 0.002771 557.01 0.66
E 31 68 0.035113 0.002789 482.96 0.47
E 31 69 0.021287 0.004011 326.43 0.44
E 31 70 0.025146 0.002640 385.88 4.95
E 32 40 0.032499 0.004370 470.46 4.25
E 32 41 0.039858 0.005511 448.65 10.43
E 32 48 0.027458 0.003934 398.37 7.07
E 32 52 0.027201 0.004286 404.12 180.46
E 32 54 0.004386 0.000064 432.00 58.49
E 32 57 0.025362 0.002120 343.70 17.88
E 32 58 0.027270 0.003755 419.17 91.28
E 32 60 0.027185 0.003665 407.85 18.40
E 32 62 0.027238 0.003750 390.67 0.11
E 32 63 0.032098 0.004465 474.25 1.31
E 32 64 0.027944 0.004368 408.38 1.86
E 32 65 0.028130 0.005653 414.29 0.66
E 32 68 0.031945 0.004174 437.59 1.66
E 32 70 0.027838 0.004457 417.65 2.39
E 33 35 0.027896 0.002327 414.75 0.00
E 33 36 0.027949 0.002287 413.44 2.50
E 33 38 0.026666 0.001955 424.70 5.12
E 33 40 0.030947 0.002382 442.91 7.03
E 33 41 0.030697 0.002452 438.34 7.61
E 33 43 0.030745 0.006283 449.13 493.40
E 33 46 0.027873 0.002399 412.43 0.06
E 33 49 0.027929 0.003962 407.50 1.02
E 33 51 0.030099 0.003327 439.28 54.35
E 33 52 0.033531 0.000791 367.00 163.63
E 33 53 0.028114 0.003587 440.98 0.62
E 33 54 0.028206 0.002166 433.10 272.91
E 33 56 0.028127 0.002176 390.32 0.18
E 33 59 0.033368 0.006416 461.69 16.72
E 33 61 0.029144 0.002456 424.09 8.04
E 33 63 0.032344 0.003520 459.59 1.84
E 33 66 0.032153 0.002764 442.09 0.95
E 33 67 0.032514 0.004208 471.17 0.79
E 33 68 0.032444 0.003077 442.43 0.77
E 34 40 0.030925 0.001996 424.42 7.62
E 34 41 0.030161 0.002198 473.71 7.55
E 34 47 0.024485 0.000757 345.43 8.26
E 34 52 0.026834 0.002035 432.88 42.30
E 34 55 0.024096 0.002464 349.39 3.08
E 34 59 0.033260 0.007918 458.59 20.93
E 34 63 0.032126 0.003234 467.83 1.32
E 34 66 0.032029 0.002567 474.39 1.03
E 34 67 0.031919 0.003740 503.85 1.17
E 34 68 0.032747 0.003092 472.15 0.69
E 35 36 0.022727 0.001300 377.42 2.63
E 35 38 0.018995 0.001606 296.35 4.09
E 35 43 0.029985 0.004979 458.65 238.95
E 35 46 0.022692 0.001436 359.04 0.05
E 35 49 0.024168 0.003624 373.77 0.74
E 35 51 0.029940 0.003319 456.48 60.42
E 35 53 0.027538 0.002459 405.62 0.67
E 35 54 0.027825 0.002053 431.08 304.86
E 35 56 0.024791 0.001784 375.99 0.16
E 35 59 0.033105 0.006291 464.91 18.14
E 35 61 0.029124 0.001707 414.64 51.64
E 35 66 0.034644 0.002453 470.09 1.77
E 35 67 0.032628 0.004168 454.93 2.64
E 36 38 0.022762 0.001410 351.29 0.81
E 36 39 0.022727 0.003436 341.61 2.18
E 36 40 0.043594 0.003732 636.91 2.53
E 36 42 0.025051 0.001025 356.59 4.13
E 36 43 0.030294 0.005220 430.45 1.30
E 36 46 0.022591 0.001393 353.58 0.78
E 36 49 0.024061 0.003580 369.88 1.49
E 36 51 0.030048 0.003250 437.05 4.65
E 36 52 0.033531 0.001357 472.90 0.89
E 36 53 0.027227 0.002068 410.67 0.44
E 36 54 0.028335 0.002305 414.78 4.40
E 36 56 0.024636 0.001586 402.52 0.53
E 36 59 0.032700 0.005704 459.10 3.48
E 36 61 0.029176 0.002135 418.52 7.32
E 36 63 0.034719 0.002148 469.46 3.54
E 36 66 0.031892 0.002324 473.20 3.46
E 36 67 0.032481 0.004160 472.77 2.04
E 36 68 0.036189 0.003675 458.27 1.15
E 37 40 0.033311 0.004225 478.58 4.42
E 37 41 0.036656 0.003561 524.43 7.47
E 37 48 0.029511 0.003825 418.76 9.13
E 37 50 0.029548 0.003791 443.40 21.03
E 37 51 0.033306 0.004297 538.84 20.70
E 37 52 0.029632 0.004106 426.81 116.41
E 37 54 0.032332 0.004681 613.83 94.57
E 37 55 0.002161 0.000000 212.00 3.39
E 37 57 0.029614 0.004027 409.62 31.54
E 37 58 0.029528 0.003885 417.61 96.08
E 37 60 0.029551 0.003960 426.74 19.87
E 37 62 0.033307 0.004297 540.28 0.48
E 37 63 0.032305 0.004210 495.26 1.49
E 37 64 0.029679 0.004012 437.88 2.29
E 37 65 0.029650 0.005330 445.91 0.52
E 37 68 0.032627 0.004023 468.46 1.41
E 37 69 0.029638 0.003901 436.97 5.31
E 37 70 0.029650 0.003993 474.40 3.78
E 38 39 0.021791 0.003651 343.08 4.15
E 38 43 0.029202 0.005464 464.36 5.28
E 38 46 0.022679 0.001453 341.67 4.49
E 38 49 0.024018 0.003317 375.91 0.52
E 38 51 0.029495 0.003093 414.18 8.31
E 38 53 0.026945 0.002075 396.39 3.03
E 38 54 0.027328 0.001815 372.79 8.24
E 38 56 0.024792 0.001784 353.80 3.45
E 38 59 0.033040 0.003806 468.70 2.15
E 38 61 0.028718 0.001391 417.37 3.71
E 38 66 0.038167 0.003354 501.53 3.32
E 38 67 0.034096 0.001696 498.55 4.61
E 39 41 0.030109 0.002374 431.12 66.59
E 39 46 0.022697 0.003618 376.76 0.04
E 39 49 0.024168 0.003624 360.11 1.03
E 39 51 0.029940 0.003319 448.12 67.76
E 39 53 0.027537 0.003234 418.98 0.34
E 39 54 0.027798 0.002536 386.10 316.76
E 39 56 0.024830 0.003353 378.49 0.15
E 39 59 0.033036 0.006075 458.40 6.61
E 39 61 0.029103 0.003205 436.22 18.48
E 39 66 0.032131 0.003549 446.39 1.78
E 39 67 0.032627 0.004168 440.68 2.64
E 40 41 0.032024 0.002263 474.33 5.96
E 40 42 0.030145 0.000892 431.07 6.56
E 40 43 0.031111 0.005659 443.79 6.78
E 40 44 0.032838 0.002624 462.70 4.66
E 40 48 0.041370 0.008819 550.26 5.76
E 40 50 0.040586 0.008706 509.57 4.35
E 40 51 0.031346 0.003562 444.84 1.55
E 40 52 0.031931 0.002374 436.37 1.67
E 40 53 0.030744 0.001270 443.39 121.02
E 40 54 0.032066 0.002296 480.49 0.60
E 40 55 0.047326 0.000791 726.65 0.95
E 40 56 0.029934 0.001484 425.73 5.88
E 40 57 0.043636 0.010261 631.93 17.99
E 40 58 0.045359 0.014789 491.47 0.75
E 40 59 0.033342 0.006369 484.04 0.84
E 40 60 0.045359 0.014789 577.49 2.36
E 40 61 0.031772 0.002133 435.89 3.53
E 40 63 0.032509 0.003432 475.78 1.76
E 40 64 0.032520 0.002697 483.35 5.09
E 40 65 0.033124 0.004327 470.57 3.98
E 40 66 0.032027 0.002567 459.43 8.38
E 40 67 0.031868 0.003841 459.03 5.33
E 40 68 0.032746 0.003361 453.74 147.99
E 41 42 0.030556 0.001719 439.03 42.80
E 41 44 0.035716 0.002714 477.30 7.49
E 41 46 0.030470 0.001662 463.84 3.33
E 41 48 0.040103 0.006008 583.82 4.98
E 41 49 0.030471 0.004186 446.34 3.30
E 41 50 0.039858 0.005511 499.28 11.79
E 41 51 0.031065 0.003456 464.89 9.76
E 41 52 0.030770 0.001487 477.84 38.25
E 41 53 0.030327 0.001553 430.51 6.98
E 41 54 0.031173 0.002029 455.82 6.10
E 41 57 0.038302 0.003325 644.27 8.12
E 41 58 0.040877 0.006445 475.76 17.42
E 41 59 0.032735 0.005731 459.72 8.34
E 41 60 0.040877 0.006445 461.20 8.18
E 41 61 0.031065 0.002261 462.14 5.58
E 41 63 0.032479 0.003699 458.70 5.73
E 41 64 0.040101 0.006008 564.55 4.14
E 41 65 0.036683 0.003713 496.44 7.73
E 41 67 0.031661 0.003431 451.71 13.09
E 41 68 0.032703 0.003541 453.38 2.41
E 41 70 0.036684 0.003713 513.31 18.54
E 42 46 0.025044 0.001538 404.24 0.10
E 42 47 0.027084 0.002968 402.95 5.05
E 42 49 0.025161 0.004079 378.58 0.67
E 42 51 0.029944 0.003599 447.46 12.05
E 42 52 0.026316 0.001521 391.49 42.03
E 42 55 0.025242 0.002498 384.25 3.71
E 42 59 0.032984 0.006476 451.18 17.21
E 42 61 0.028930 0.001716 446.63 57.74
E 42 63 0.032122 0.003291 449.10 1.42
E 42 66 0.032178 0.002646 448.93 1.01
E 42 67 0.032375 0.004385 440.31 1.45
E 42 68 0.032579 0.003021 472.96 0.63
E 43 46 0.030124 0.005171 471.69 0.07
E 43 49 0.029712 0.004868 452.36 1.44
E 43 51 0.030119 0.004776 463.59 58.73
E 43 52 0.033531 0.002883 450.03 176.52
E 43 53 0.030860 0.006472 444.04 0.70
E 43 54 0.030642 0.006286 480.22 217.97
E 43 56 0.030984 0.006684 433.55 0.24
E 43 59 0.033368 0.006416 467.75 13.75
E 43 61 0.029967 0.004667 475.15 42.93
E 43 63 0.032344 0.005605 447.24 2.78
E 43 66 0.032190 0.005361 463.78 1.55
E 43 67 0.032579 0.005266 431.93 1.39
E 43 68 0.032444 0.005784 447.60 1.97
E 44 48 0.028160 0.002996 389.52 8.48
E 44 51 0.031874 0.003618 472.20 59.66
E 44 52 0.032457 0.001639 540.70 151.08
E 44 53 0.028897 0.001583 495.60 0.32
E 44 54 0.028422 0.002714 432.68 121.53
E 44 57 0.025734 0.002440 379.45 29.82
E 44 58 0.010019 0.000160 1020.00 121.79
E 44 59 0.033274 0.003344 529.13 5.08
E 44 60 0.026551 0.000424 579.47 22.65
E 44 61 0.030130 0.003340 437.19 10.73
E 44 63 0.032319 0.003493 453.41 2.65
E 44 64 0.025726 0.002585 381.06 2.36
E 44 65 0.028207 0.005427 421.14 0.28
E 44 68 0.032467 0.003065 453.19 1.50
E 44 69 0.025734 0.002440 392.30 4.76
E 44 70 0.025717 0.002679 406.48 3.97
E 46 49 0.024169 0.003408 376.58 0.66
E 46 51 0.029943 0.003235 428.43 15.64
E 46 53 0.027224 0.001926 411.80 0.26
E 46 54 0.028110 0.002005 437.27 19.00
E 46 56 0.024825 0.001917 390.73 0.07
E 46 59 0.032711 0.005589 480.42 4.66
E 46 61 0.029166 0.001722 411.23 8.24
E 46 66 0.031892 0.002324 462.08 1.38
E 46 67 0.032481 0.004160 436.37 1.70
E 47 52 0.033164 0.000848 416.01 15.13
E 47 55 0.018334 0.002205 297.18 7.22
E 47 66 0.039058 0.003689 497.80 3.18
E 47 67 0.033078 0.000829 428.00 2.61
E 47 68 0.036245 0.001357 555.45 0.99
E 48 50 0.020401 0.003324 335.22 7.19
E 48 57 0.022860 0.001060 421.33 2.31
E 48 58 0.020066 0.003569 298.87 1.09
E 48 60 0.020066 0.002994 284.53 3.12
E 48 62 0.019846 0.003106 305.07 17.74
E 48 63 0.035907 0.002148 574.11 2.73
E 48 64 0.022807 0.003324 341.22 1.93
E 48 65 0.027345 0.004918 414.58 6.43
E 48 69 0.022225 0.001424 403.13 1.05
E 48 70 0.025351 0.003209 391.74 0.32
E 49 51 0.029937 0.004232 466.19 9.18
E 49 53 0.027228 0.004008 370.42 0.34
E 49 54 0.028110 0.004178 396.98 2.79
E 49 56 0.024645 0.003600 383.83 0.88
E 49 59 0.032654 0.005516 450.73 8.46
E 49 61 0.029078 0.004138 424.35 4.92
E 49 66 0.031892 0.004048 453.84 4.22
E 49 67 0.032525 0.004247 442.13 3.34
E 50 57 0.021947 0.001648 349.84 16.96
E 50 58 0.019093 0.003025 317.76 89.64
E 50 60 0.019093 0.001749 310.72 18.45
E 50 62 0.019119 0.000516 298.15 0.09
E 50 63 0.035907 0.002148 540.49 0.91
E 50 64 0.023067 0.002738 370.74 1.09
E 50 65 0.028159 0.004652 410.39 0.52
E 50 70 0.025370 0.002059 385.63 0.50
E 51 52 0.029835 0.003600 423.59 0.14
E 51 53 0.030099 0.003327 469.56 1.07
E 51 54 0.029974 0.003196 444.04 1.34
E 51 56 0.030101 0.003327 436.84 86.75
E 51 57 0.030365 0.000387 437.59 142.70
E 51 59 0.032932 0.005402 463.77 18.37
E 51 61 0.030275 0.003105 434.97 20.97
E 51 63 0.032464 0.003759 451.90 716.24
E 51 64 0.002353 0.000000 236.00 241.50
E 51 65 0.030298 0.002487 458.34 11.58
E 51 66 0.032034 0.003312 464.21 0.00
E 51 67 0.032481 0.004120 445.64 0.00
E 51 68 0.032442 0.003641 435.45 0.00
E 51 69 0.030367 0.000000 546.10 0.00
E 51 70 0.030298 0.002374 386.17 0.00
E 52 53 0.033532 0.001085 446.26 1.56
E 52 54 0.032544 0.001938 488.47 0.18
E 52 55 0.026884 0.002521 417.68 1.02
E 52 57 0.034097 0.000677 421.33 4.10
E 52 58 0.031837 0.001470 375.91 7.43
E 52 59 0.033215 0.006962 446.61 3.29
E 52 60 0.030367 0.000000 395.31 7.94
E 52 61 0.028959 0.001709 471.74 21.64
E 52 63 0.032147 0.003179 468.20 3.22
E 52 64 0.033532 0.000791 407.45 7.69
E 52 65 0.030215 0.002318 495.49 8.12
E 52 66 0.032009 0.002518 466.87 22.93
E 52 67 0.031919 0.003740 458.82 5.12
E 52 68 0.032819 0.003016 485.64 10.01
E 52 70 0.030215 0.001771 450.94 4.70
E 53 54 0.028205 0.002828 399.89 3.52
E 53 56 0.027912 0.003157 415.83 1.08
E 53 59 0.033368 0.006416 456.63 5.72
E 53 61 0.029377 0.002379 424.13 1.02
E 53 63 0.032345 0.003520 461.09 1.89
E 53 66 0.032316 0.002936 446.30 0.69
E 53 67 0.032514 0.004208 477.01 0.44
E 53 68 0.032219 0.003014 486.87 0.00
E 54 56 0.028040 0.001884 423.88 139.48
E 54 57 0.031212 0.000791 462.87 0.27
E 54 59 0.033433 0.006342 475.77 0.31
E 54 61 0.029196 0.002221 433.68 1.02
E 54 63 0.032343 0.003520 466.94 0.44
E 54 64 0.031112 0.000814 457.56 0.59
E 54 65 0.031654 0.002951 482.75 8.16
E 54 66 0.031912 0.002470 447.34 1.08
E 54 67 0.032545 0.004210 486.37 1.65
E 54 68 0.032443 0.003077 455.58 4.43
E 54 69 0.031893 0.001425 394.19 17.11
E 54 70 0.031654 0.002951 476.38 0.00
E 55 62 0.022905 0.000000 637.39 3.12
E 55 63 0.035906 0.002148 476.73 0.87
E 55 66 0.040260 0.003392 577.89 2.32
E 55 67 0.033080 0.000791 482.84 2.87
E 55 68 0.035894 0.003392 549.26 3.72
E 56 59 0.033019 0.006238 474.41 11.63
E 56 61 0.029417 0.001972 448.96 44.18
E 56 63 0.031786 0.002701 442.52 3.51
E 56 66 0.032342 0.003024 455.44 1.89
E 56 67 0.032540 0.004134 452.64 3.61
E 57 58 0.010516 0.000224 1024.00 0.06
E 57 60 0.022294 0.000475 374.65 1.11
E 57 63 0.035905 0.002148 541.85 0.24
E 57 64 0.027071 0.001745 351.40 0.21
E 57 65 0.027623 0.004555 413.45 3.46
E 57 68 0.034097 0.000475 492.59 2.57
E 57 69 0.017238 0.001199 282.58 9.14
E 58 60 0.019261 0.003172 315.75 0.07
E 58 62 0.019331 0.003260 318.78 15.75
E 58 63 0.010162 0.000608 1096.00 0.37
E 58 64 0.022742 0.003082 344.88 0.56
E 58 65 0.028737 0.003664 464.80 77.17
E 58 68 0.010258 0.000384 1108.00 0.00
E 59 61 0.032906 0.005451 471.57 0.09
E 59 63 0.033298 0.006231 497.42 0.09
E 59 66 0.032811 0.005151 468.73 0.08
E 59 67 0.032805 0.005117 457.57 0.08
E 59 68 0.033024 0.006422 450.28 0.34
E 60 62 0.018309 0.002169 283.77 5.37
E 60 63 0.034437 0.000000 446.24 0.18
E 60 64 0.022703 0.002514 355.02 0.28
E 60 65 0.028783 0.002487 396.14 2.69
E 60 68 0.034098 0.000000 496.96 3.52
E 61 63 0.032464 0.003759 441.52 0.07
E 61 66 0.032173 0.002958 427.24 0.11
E 61 67 0.032480 0.004120 449.44 0.06
E 61 68 0.032442 0.003077 464.19 0.20
E 62 64 0.022651 0.002321 345.92 0.38
E 62 65 0.001713 0.000000 156.00 0.08
E 63 64 0.032103 0.003191 477.95 244.94
E 63 65 0.032306 0.004489 433.86 0.14
E 63 66 0.032204 0.003386 462.86 0.28
E 63 67 0.032204 0.003740 472.64 11.70
E 63 68 0.032751 0.003425 473.46 2.29
E 63 70 0.032306 0.003387 470.97 772.09
E 64 65 0.028204 0.005366 426.87 0.14
E 64 68 0.036190 0.003675 608.50 10.10
E 64 69 0.002097 0.000000 204.00 3.78
E 64 70 0.025504 0.002472 394.45 0.57
E 65 68 0.032466 0.005379 467.75 54.67
E 65 69 0.027623 0.004555 404.49 1.82
E 65 70 0.028368 0.005925 433.26 2.19
E 66 67 0.032570 0.004064 468.43 0.56
E 66 68 0.032456 0.002967 464.74 10.06
E 67 68 0.032487 0.003740 455.60 2.45
E 68 70 0.032466 0.003065 454.16 161.33
E 69 70 0.025082 0.001818 360.58 2.30
END

SECTION Terminals
Root 48
Terminals 21
T 63
T 15
T 35
T 11
T 1
T 2
T 56
T 53
T 62
T 60
T 65
T 18
T 20
T 47
T 16
T 38
T 19
T 46
T 34
T 68
T 64
END

EOF