SECTION Comment
CREATOR "Carlos Araujo"
REMARK "Instance for QoS Multicast Routing Problem"
QoS METRICS "delay, jitter, bandwidth and estimate of link duration"
END

SECTION Graph
Nodes 20
Edges 92

E 1 3 0.001233 0.000000 96.00 0.00
E 1 6 0.034435 0.005648 444.46 0.00
E 1 7 0.025390 0.004526 365.90 2.28
E 1 9 0.029764 0.003392 448.18 95.30
E 1 11 0.029807 0.005156 430.01 157.24
E 1 13 0.031288 0.004223 482.50 42.28
E 1 17 0.034098 0.002035 402.53 13.14
E 1 19 0.025393 0.003942 366.06 3.90
E 1 20 0.025977 0.003634 450.70 9.08
E 2 5 0.025939 0.002689 382.13 2.05
E 2 6 0.034377 0.005507 488.53 6.76
E 2 8 0.025651 0.002714 395.59 2.78
E 2 10 0.026987 0.002940 374.31 1548.57
E 2 11 0.032854 0.006633 409.38 2.12
E 2 12 0.029152 0.004940 449.54 1.58
E 2 14 0.024020 0.001809 397.12 0.09
E 2 15 0.027096 0.006803 419.98 0.13
E 2 16 0.023243 0.001356 617.64 0.26
E 2 17 0.028131 0.002940 424.28 2.51
E 3 7 0.035342 0.003957 612.57 37.34
E 3 20 0.020326 0.002799 435.03 291.74
E 4 5 0.029530 0.002766 491.33 1.55
E 4 6 0.033983 0.004535 484.62 0.07
E 4 8 0.030106 0.004689 412.37 1.70
E 4 9 0.030495 0.003312 445.37 343.32
E 4 11 0.028964 0.005382 423.95 211.05
E 4 13 0.031221 0.004195 470.93 144.69
E 4 17 0.029159 0.001755 434.21 11.14
E 4 18 0.028353 0.001256 409.54 11.16
E 5 6 0.033933 0.004485 475.31 1.27
E 5 8 0.026458 0.002830 399.07 2.59
E 5 10 0.027845 0.002568 413.77 1.33
E 5 12 0.029224 0.004814 424.32 14.72
E 5 13 0.039523 0.009449 496.69 3.13
E 5 14 0.025896 0.002568 378.39 2.80
E 5 17 0.029086 0.002237 411.36 16.88
E 5 18 0.029970 0.002968 392.17 17.72
E 6 7 0.036528 0.004777 466.30 5.26
E 6 8 0.033933 0.004535 489.55 4.99
E 6 9 0.034235 0.005381 500.09 13.27
E 6 10 0.033950 0.004373 462.05 0.04
E 6 11 0.034222 0.005156 478.63 12.81
E 6 12 0.034156 0.005503 478.52 29.37
E 6 13 0.033981 0.004535 455.08 635.50
E 6 14 0.033010 0.000407 424.47 120.12
E 6 17 0.033925 0.004373 461.46 21.67
E 6 18 0.033044 0.004624 423.56 105.24
E 6 19 0.034436 0.005905 470.12 30.46
E 6 20 0.034531 0.005027 482.99 5.84
E 7 9 0.032129 0.002985 486.21 1.31
E 7 11 0.029645 0.004918 464.43 2.67
E 7 13 0.034277 0.005667 419.38 1.35
E 7 17 0.034098 0.002035 551.31 1.16
E 7 19 0.021145 0.004955 362.40 30.01
E 7 20 0.020814 0.002905 328.92 12.79
E 8 10 0.027846 0.003135 431.55 1.30
E 8 11 0.028502 0.000509 338.05 1.38
E 8 12 0.029224 0.004814 437.64 10.75
E 8 13 0.039099 0.008862 477.64 1.56
E 8 14 0.026388 0.002893 400.81 1.47
E 8 17 0.029118 0.003135 400.26 1.20
E 8 18 0.030408 0.004982 454.18 24.28
E 9 10 0.028625 0.001490 425.45 422.14
E 9 11 0.030026 0.006373 479.91 0.14
E 9 13 0.031114 0.005289 434.58 0.25
E 9 17 0.029047 0.001631 436.05 6.05
E 9 18 0.030529 0.003401 448.00 6.39
E 10 11 0.029982 0.006015 456.22 202.63
E 10 12 0.029623 0.005503 414.86 51.00
E 10 13 0.031224 0.004195 454.24 128.70
E 10 14 0.027845 0.001274 432.12 49.70
E 10 17 0.029110 0.001673 410.51 7.56
E 10 18 0.027852 0.001123 442.91 7.20
E 11 12 0.029819 0.006445 411.64 1.17
E 11 13 0.031288 0.005604 490.09 0.16
E 11 17 0.029724 0.005856 438.99 0.27
E 11 19 0.029647 0.004397 434.15 0.16
E 11 20 0.029792 0.004628 469.44 0.34
E 12 13 0.039863 0.002460 483.24 1.87
E 12 14 0.029530 0.005306 443.07 0.85
E 12 15 0.029506 0.006530 431.30 0.42
E 12 17 0.029623 0.005503 439.41 0.59
E 13 14 0.039864 0.000000 457.73 0.11
E 13 17 0.031262 0.004169 474.30 0.11
E 13 18 0.031224 0.004195 434.39 1.15
E 13 20 0.030984 0.004167 475.94 3.46
E 14 15 0.003874 0.000000 368.00 0.01
E 14 17 0.029000 0.001803 448.39 0.09
E 15 16 0.020853 0.006363 321.65 0.05
E 16 19 0.018156 0.000000 609.19 0.09
E 17 18 0.029139 0.001746 404.65 0.17
E 19 20 0.020750 0.003863 358.30 0.08
END

SECTION Terminals
Root 5
Terminals 5
T 9
T 13
T 12
T 1
T 6
END

EOF