SECTION Comment
CREATOR "Carlos Araujo"
REMARK "Instance for QoS Multicast Routing Problem"
QoS METRICS "delay, jitter, bandwidth and estimate of link duration"
END

SECTION Graph
Nodes 90
Edges 1822

E 1 2 0.027019 0.005220 424.12 0.27
E 1 4 0.028330 0.005119 434.26 1.66
E 1 5 0.028178 0.004930 415.73 0.32
E 1 6 0.027920 0.005389 408.40 2.64
E 1 7 0.026047 0.005691 406.48 0.73
E 1 8 0.028400 0.005964 418.06 1.32
E 1 9 0.028695 0.006424 449.86 0.55
E 1 10 0.027749 0.005579 426.81 3.78
E 1 13 0.029009 0.005604 469.91 1.12
E 1 17 0.026149 0.006644 390.88 3.82
E 1 18 0.027892 0.005128 388.22 2.64
E 1 19 0.027883 0.004875 423.59 1.21
E 1 20 0.026822 0.005145 419.06 1.55
E 1 23 0.028171 0.005406 427.12 2.59
E 1 24 0.026428 0.005552 404.21 0.28
E 1 26 0.027071 0.003928 426.09 1.57
E 1 29 0.028041 0.004749 425.27 0.01
E 1 30 0.027354 0.005543 402.66 18.64
E 1 33 0.028077 0.004777 444.51 80.08
E 1 34 0.026846 0.006473 403.47 2.09
E 1 35 0.029571 0.006798 454.23 0.39
E 1 37 0.026792 0.005100 421.83 9.53
E 1 39 0.026729 0.005279 417.20 2.70
E 1 41 0.026582 0.005519 389.62 24.06
E 1 42 0.027181 0.004508 441.81 4.99
E 1 44 0.026830 0.004817 395.86 0.22
E 1 45 0.027890 0.004749 399.52 1.53
E 1 46 0.027181 0.004508 404.30 2.75
E 1 47 0.025667 0.004549 353.46 2.24
E 1 48 0.027013 0.005134 424.86 1.40
E 1 49 0.028727 0.004636 457.54 24.64
E 1 50 0.026418 0.005345 396.04 0.26
E 1 51 0.027229 0.005372 407.32 1.14
E 1 52 0.027286 0.005235 399.81 1.09
E 1 54 0.027285 0.005664 405.84 6.09
E 1 57 0.027081 0.005373 401.41 70.22
E 1 60 0.026706 0.005235 415.02 2.07
E 1 61 0.026826 0.005450 399.47 5.62
E 1 62 0.027354 0.004791 394.37 12.46
E 1 64 0.026097 0.004627 410.53 0.63
E 1 65 0.027260 0.006965 443.63 2.66
E 1 66 0.027976 0.005551 428.91 1.06
E 1 67 0.026567 0.002883 427.62 0.00
E 1 68 0.027086 0.005258 407.49 0.28
E 1 73 0.028184 0.005643 414.51 3.84
E 1 75 0.027008 0.005293 412.49 6.68
E 1 76 0.026511 0.004898 369.91 5.10
E 1 77 0.026935 0.005135 417.65 2.66
E 1 79 0.034861 0.004240 433.71 3.19
E 1 80 0.026872 0.005741 430.34 9.90
E 1 82 0.028762 0.005955 420.43 2.54
E 1 88 0.025843 0.004523 397.61 1.05
E 1 90 0.027897 0.004903 427.16 4.59
E 2 4 0.026905 0.003867 392.35 0.32
E 2 5 0.024532 0.004455 334.85 0.24
E 2 6 0.023983 0.002959 367.29 2.13
E 2 7 0.025230 0.002838 399.52 11.30
E 2 9 0.026901 0.005984 459.88 1.30
E 2 10 0.030528 0.005713 478.70 2.20
E 2 18 0.025660 0.005783 395.04 2.12
E 2 19 0.023791 0.002570 369.24 0.64
E 2 20 0.024069 0.002952 377.19 4.41
E 2 22 0.025384 0.003535 427.17 3.07
E 2 23 0.024055 0.002952 381.98 1.24
E 2 24 0.022429 0.002374 342.73 0.34
E 2 26 0.026350 0.005356 446.21 1.93
E 2 29 0.029856 0.004036 487.10 1.46
E 2 30 0.023414 0.002588 367.94 16.58
E 2 34 0.027434 0.005013 418.51 1.83
E 2 35 0.025810 0.004978 387.11 2.57
E 2 37 0.030413 0.004250 476.46 2.31
E 2 39 0.023982 0.002865 367.33 2.15
E 2 41 0.024509 0.003342 349.88 1.51
E 2 42 0.024077 0.003014 392.76 16.62
E 2 45 0.026161 0.004085 415.23 0.28
E 2 46 0.024075 0.002983 378.19 2.14
E 2 47 0.027181 0.003610 433.30 1.70
E 2 48 0.025786 0.003652 401.63 2.10
E 2 50 0.031536 0.006369 409.31 1.27
E 2 51 0.026439 0.005420 366.13 0.75
E 2 52 0.026568 0.004306 394.32 2.44
E 2 54 0.023812 0.002856 352.97 4.07
E 2 57 0.024977 0.004250 389.23 20.35
E 2 59 0.026154 0.005132 417.06 6.23
E 2 60 0.026346 0.004990 394.55 2.33
E 2 61 0.025953 0.004431 394.14 2.70
E 2 62 0.027700 0.004216 491.95 1.72
E 2 65 0.026604 0.007316 413.25 2.13
E 2 66 0.027907 0.005722 402.11 2.46
E 2 68 0.024060 0.002946 377.95 8.53
E 2 73 0.028028 0.005554 422.48 8.71
E 2 74 0.004930 0.000800 500.00 2.18
E 2 75 0.028841 0.004014 430.74 2.63
E 2 76 0.002353 0.000000 236.00 2.18
E 2 77 0.024010 0.002988 360.56 2.14
E 2 80 0.025533 0.005047 388.97 17.48
E 2 82 0.023765 0.002435 375.92 0.82
E 2 90 0.023866 0.002731 384.05 2.88
E 3 4 0.016057 0.001592 261.91 0.41
E 3 5 0.021071 0.004172 352.69 4.49
E 3 11 0.017352 0.003570 280.90 3.86
E 3 15 0.022656 0.005991 371.83 1.73
E 3 16 0.018857 0.001927 306.95 3.87
E 3 22 0.023619 0.006066 325.49 6.39
E 3 25 0.020920 0.004088 358.21 6.64
E 3 27 0.021053 0.003731 332.93 0.57
E 3 28 0.020749 0.002832 348.93 1.50
E 3 30 0.022868 0.005902 375.43 1.83
E 3 31 0.017522 0.003861 289.85 0.16
E 3 33 0.020264 0.000791 341.79 68.33
E 3 43 0.022085 0.004518 364.55 0.63
E 3 45 0.021170 0.004992 307.23 1.02
E 3 49 0.022169 0.004523 321.07 1.61
E 3 54 0.025754 0.002375 507.23 19.82
E 3 55 0.020501 0.003862 307.67 1.53
E 3 56 0.021350 0.003611 337.27 0.58
E 3 62 0.016090 0.001755 242.82 4.28
E 3 63 0.020455 0.003877 298.02 2.79
E 3 67 0.024006 0.007547 352.19 0.36
E 3 71 0.018940 0.003308 329.79 0.70
E 3 72 0.020456 0.003877 300.47 1.44
E 3 74 0.023006 0.005915 382.91 1.45
E 3 78 0.021001 0.003189 316.69 5.84
E 3 79 0.021657 0.003449 318.15 1.54
E 3 81 0.021093 0.006784 362.82 0.53
E 3 83 0.019884 0.003247 314.74 0.47
E 3 87 0.021540 0.004192 332.92 4.10
E 3 89 0.015281 0.002977 253.21 0.45
E 4 5 0.024879 0.004900 415.49 0.23
E 4 6 0.026436 0.003324 420.75 0.57
E 4 7 0.027312 0.002408 449.31 1.10
E 4 8 0.027278 0.002408 393.99 0.57
E 4 10 0.030411 0.005209 410.71 0.59
E 4 13 0.027278 0.007317 387.55 0.57
E 4 15 0.024077 0.007279 385.80 0.16
E 4 18 0.027354 0.009328 407.96 0.57
E 4 19 0.026437 0.002290 400.60 0.58
E 4 20 0.026566 0.002680 422.76 5.37
E 4 22 0.027874 0.007274 485.66 2.04
E 4 23 0.026931 0.006911 452.22 0.50
E 4 25 0.021206 0.003913 350.72 12.39
E 4 26 0.022316 0.003133 344.28 8.20
E 4 27 0.021827 0.002183 383.24 0.42
E 4 29 0.024075 0.002789 377.52 0.76
E 4 30 0.025024 0.000678 397.21 8.15
E 4 31 0.019044 0.004441 282.91 0.54
E 4 33 0.023174 0.004457 382.09 9.54
E 4 34 0.026889 0.002289 415.15 0.33
E 4 35 0.023653 0.006004 346.66 1.17
E 4 37 0.030074 0.003748 450.21 0.76
E 4 39 0.026437 0.002290 340.64 0.57
E 4 40 0.030478 0.005088 470.96 0.22
E 4 42 0.026676 0.001831 405.73 15.01
E 4 43 0.022092 0.002998 329.75 5.03
E 4 44 0.026331 0.002864 418.06 0.51
E 4 45 0.027534 0.001831 559.16 0.70
E 4 46 0.026436 0.002289 395.02 0.57
E 4 47 0.029133 0.003265 366.22 0.52
E 4 48 0.031086 0.004961 553.35 0.57
E 4 49 0.021436 0.002902 356.19 6.88
E 4 50 0.030609 0.005581 448.27 0.61
E 4 51 0.027009 0.003483 457.16 1.27
E 4 52 0.030060 0.005766 425.84 0.61
E 4 54 0.024870 0.000882 355.54 13.70
E 4 55 0.022159 0.003222 315.74 0.34
E 4 56 0.021679 0.002600 382.43 3.54
E 4 57 0.030108 0.004551 434.67 6.75
E 4 58 0.027278 0.004471 455.03 0.57
E 4 60 0.028904 0.005936 482.10 0.97
E 4 61 0.030986 0.002883 540.19 0.45
E 4 62 0.017475 0.001479 280.73 0.36
E 4 63 0.021688 0.005993 363.26 0.17
E 4 64 0.033756 0.002061 367.89 0.57
E 4 65 0.027915 0.008518 429.84 0.57
E 4 66 0.030474 0.006038 499.42 0.61
E 4 67 0.023513 0.005380 356.65 0.69
E 4 68 0.026437 0.002289 412.15 0.37
E 4 69 0.026421 0.001866 404.79 0.47
E 4 71 0.021502 0.004221 325.88 17.67
E 4 72 0.024891 0.004070 432.30 0.52
E 4 73 0.028513 0.001831 481.43 0.55
E 4 74 0.024072 0.006478 373.49 0.13
E 4 75 0.028943 0.004533 410.64 0.44
E 4 76 0.027309 0.005397 424.10 0.52
E 4 77 0.026436 0.003537 429.20 0.57
E 4 78 0.021040 0.005037 342.35 9.08
E 4 79 0.021981 0.002904 334.06 6132.33
E 4 80 0.026436 0.002289 368.81 0.61
E 4 81 0.021500 0.002770 366.99 0.40
E 4 82 0.026437 0.002290 374.83 0.57
E 4 83 0.020736 0.004178 310.73 1.44
E 4 87 0.021454 0.004294 352.81 7.59
E 4 88 0.029822 0.007598 469.44 1.69
E 4 90 0.027555 0.003247 487.30 15.93
E 5 6 0.023130 0.000791 387.15 1.85
E 5 8 0.021036 0.002804 319.81 0.52
E 5 9 0.027266 0.006128 397.86 1.90
E 5 10 0.021775 0.004943 360.86 0.45
E 5 11 0.022978 0.004995 358.10 59.00
E 5 13 0.021494 0.003714 352.64 0.52
E 5 15 0.022694 0.005831 373.24 24.49
E 5 16 0.007186 0.002560 724.00 1.74
E 5 17 0.025351 0.007584 366.31 0.29
E 5 18 0.024170 0.005177 422.46 1.90
E 5 19 0.023752 0.000170 441.58 14.72
E 5 20 0.024487 0.001244 372.80 7.28
E 5 22 0.024961 0.004202 382.75 0.49
E 5 23 0.004482 0.000032 444.00 0.46
E 5 25 0.022428 0.004164 340.46 23.55
E 5 26 0.022544 0.004015 348.76 7.29
E 5 27 0.022221 0.004376 301.81 1.42
E 5 28 0.022542 0.003690 368.35 47.32
E 5 29 0.022474 0.003547 331.77 0.63
E 5 30 0.022885 0.003570 392.52 11.90
E 5 31 0.020809 0.003403 317.99 1.27
E 5 33 0.022385 0.004897 371.50 15.10
E 5 35 0.022330 0.004600 332.23 0.28
E 5 36 0.024466 0.006550 390.78 0.25
E 5 41 0.028088 0.004095 417.09 0.29
E 5 43 0.022485 0.004309 367.55 1.24
E 5 44 0.023515 0.004918 365.38 0.28
E 5 45 0.022135 0.004333 351.74 0.32
E 5 48 0.025515 0.002374 440.64 1.95
E 5 49 0.022580 0.004240 364.30 13.42
E 5 50 0.021416 0.003924 345.77 0.73
E 5 51 0.027321 0.005606 430.74 0.58
E 5 52 0.025727 0.003871 401.23 1.52
E 5 54 0.023327 0.002826 368.57 17.98
E 5 55 0.021742 0.004050 336.13 0.48
E 5 56 0.022485 0.004309 348.73 1.86
E 5 57 0.026367 0.006954 461.35 13.46
E 5 58 0.016864 0.001018 253.58 0.52
E 5 59 0.027058 0.005088 412.86 0.23
E 5 60 0.029235 0.007236 371.81 0.29
E 5 61 0.004482 0.000032 444.00 0.27
E 5 62 0.023493 0.005060 394.03 0.93
E 5 63 0.021987 0.004527 340.18 0.49
E 5 64 0.022830 0.004656 334.79 0.52
E 5 65 0.025243 0.005733 393.07 1.95
E 5 66 0.017062 0.000896 1668.00 0.53
E 5 67 0.023389 0.004346 344.51 0.90
E 5 68 0.023752 0.000170 310.18 0.23
E 5 69 0.020967 0.003040 323.42 0.29
E 5 70 0.016865 0.001018 293.10 13.98
E 5 71 0.021867 0.004386 361.54 0.29
E 5 72 0.021988 0.004527 324.57 1.60
E 5 73 0.028782 0.006422 392.84 0.25
E 5 74 0.023828 0.006093 366.22 0.89
E 5 75 0.024478 0.005228 373.06 0.30
E 5 76 0.022854 0.003863 388.37 0.37
E 5 77 0.027766 0.001809 460.78 1.93
E 5 78 0.022669 0.004285 334.11 8.71
E 5 79 0.022319 0.004545 339.52 21.45
E 5 81 0.021742 0.004317 335.57 0.39
E 5 83 0.021597 0.003913 369.85 0.12
E 5 84 0.020967 0.003040 325.54 32.44
E 5 87 0.022207 0.005446 367.01 10.26
E 6 7 0.026175 0.003948 409.79 1.28
E 6 9 0.028340 0.006463 420.56 2.77
E 6 10 0.030351 0.005912 437.87 2.82
E 6 19 0.021609 0.000734 343.61 2.17
E 6 20 0.023986 0.002806 388.85 2.16
E 6 22 0.026745 0.004147 405.19 4.43
E 6 23 0.021739 0.001795 359.95 1.34
E 6 24 0.022326 0.002216 340.85 0.12
E 6 26 0.026331 0.005182 413.87 0.98
E 6 29 0.029856 0.004036 422.29 0.11
E 6 34 0.024452 0.004757 376.67 0.88
E 6 35 0.024534 0.003751 412.83 0.20
E 6 37 0.028373 0.003943 431.09 2.50
E 6 41 0.029592 0.005156 442.69 0.91
E 6 42 0.021548 0.000702 339.58 4.32
E 6 45 0.027050 0.003315 396.85 3.14
E 6 47 0.027182 0.002766 392.60 2.00
E 6 51 0.028115 0.006342 433.28 0.64
E 6 54 0.022411 0.001005 338.68 63.88
E 6 57 0.024769 0.004015 387.11 179.59
E 6 59 0.027530 0.004030 412.88 0.69
E 6 60 0.025729 0.004484 410.35 0.86
E 6 61 0.026049 0.004464 394.69 1.39
E 6 62 0.025752 0.004681 437.23 13.82
E 6 68 0.022561 0.001134 350.55 1.03
E 6 73 0.029904 0.006391 434.86 2.62
E 6 80 0.024755 0.004131 370.88 2.54
E 6 90 0.021538 0.002409 348.47 2.94
E 7 8 0.027997 0.005095 403.09 6.41
E 7 9 0.027259 0.005470 404.13 8.24
E 7 10 0.027404 0.005173 461.53 0.84
E 7 13 0.028879 0.005438 415.41 6.42
E 7 17 0.025315 0.007243 349.95 4.49
E 7 18 0.026826 0.005310 416.77 7.45
E 7 19 0.026170 0.004451 396.11 3.41
E 7 20 0.025545 0.003667 375.20 610.16
E 7 22 0.025083 0.003366 385.38 1.15
E 7 23 0.026299 0.003914 404.16 0.58
E 7 24 0.026077 0.005161 390.41 0.17
E 7 29 0.030412 0.004022 431.68 1.00
E 7 32 0.027712 0.004539 404.96 5.12
E 7 34 0.026905 0.005314 375.94 357.03
E 7 35 0.027351 0.005300 484.33 0.06
E 7 37 0.026227 0.004284 385.34 7.48
E 7 38 0.028740 0.005195 419.25 2.28
E 7 39 0.025599 0.003439 411.85 7.48
E 7 40 0.029186 0.005480 425.67 1.39
E 7 41 0.026810 0.005249 414.22 1.51
E 7 42 0.026520 0.004174 411.55 4.60
E 7 44 0.021887 0.004494 343.85 8.12
E 7 45 0.029167 0.004529 438.30 92.47
E 7 46 0.026382 0.003824 423.63 7.37
E 7 47 0.027352 0.004126 416.95 32.18
E 7 48 0.025753 0.003579 384.39 7.33
E 7 50 0.025749 0.004523 396.29 2.06
E 7 51 0.026796 0.005821 409.07 1.99
E 7 52 0.026864 0.004569 398.70 6.82
E 7 54 0.024811 0.003612 385.66 5.15
E 7 57 0.025994 0.004036 403.54 66.82
E 7 58 0.029046 0.004925 420.50 6.46
E 7 59 0.026404 0.004383 392.85 0.13
E 7 60 0.027239 0.005338 410.93 34.86
E 7 61 0.026201 0.004375 409.01 4.56
E 7 62 0.027708 0.001187 485.53 3.03
E 7 64 0.026614 0.004034 428.89 6.44
E 7 65 0.026354 0.006659 406.81 7.47
E 7 66 0.028346 0.006644 414.24 6.82
E 7 68 0.025830 0.003874 379.39 2.03
E 7 73 0.027909 0.005347 412.63 0.10
E 7 75 0.025929 0.004253 437.46 0.06
E 7 76 0.025487 0.003421 381.61 0.56
E 7 77 0.025734 0.003744 395.90 7.50
E 7 80 0.025814 0.003991 368.29 1.38
E 7 82 0.025553 0.003500 396.24 1.62
E 7 85 0.028882 0.004535 452.98 6.98
E 7 88 0.028780 0.007756 415.34 0.72
E 7 90 0.025696 0.003927 391.82 1.46
E 8 9 0.027289 0.006135 419.88 2.01
E 8 10 0.025013 0.004530 396.82 1.22
E 8 12 0.025474 0.003927 400.58 0.54
E 8 14 0.022313 0.005065 373.28 1.87
E 8 17 0.024343 0.005192 376.21 1.81
E 8 20 0.023979 0.003279 405.06 6.03
E 8 21 0.025848 0.004009 381.27 0.87
E 8 22 0.026762 0.004474 402.80 0.41
E 8 24 0.028160 0.007622 430.55 0.22
E 8 29 0.029120 0.003675 479.33 0.47
E 8 32 0.026623 0.004497 384.17 5.35
E 8 37 0.027838 0.004462 424.73 1.12
E 8 38 0.026844 0.004737 381.57 0.76
E 8 40 0.025363 0.003689 399.20 1.66
E 8 41 0.028026 0.006177 437.00 0.38
E 8 42 0.024515 0.001914 349.77 4.08
E 8 44 0.022862 0.004305 344.19 2.11
E 8 45 0.028140 0.003156 455.58 14.45
E 8 47 0.025397 0.003774 392.56 0.88
E 8 51 0.027997 0.006784 418.97 0.51
E 8 53 0.025697 0.004679 399.42 2.42
E 8 57 0.028619 0.003537 406.44 64.44
E 8 59 0.026647 0.003657 404.96 0.18
E 8 60 0.030049 0.006324 451.32 5.35
E 8 61 0.029636 0.005986 439.04 1.10
E 8 62 0.023411 0.001357 478.12 13.11
E 8 69 0.021040 0.002527 341.43 2.27
E 8 70 0.018050 0.001994 287.49 22.34
E 8 73 0.029922 0.005981 455.48 1.17
E 8 75 0.025700 0.005427 360.93 1.34
E 8 76 0.024588 0.004866 373.81 1.51
E 8 84 0.021698 0.002803 345.42 35.49
E 8 86 0.024040 0.002354 410.41 0.67
E 8 88 0.025420 0.006564 398.62 0.60
E 9 10 0.027216 0.005474 453.46 1.10
E 9 12 0.025166 0.004070 485.87 0.52
E 9 13 0.026018 0.005947 384.40 2.03
E 9 14 0.029688 0.007937 479.23 0.46
E 9 17 0.027774 0.004936 423.78 0.86
E 9 18 0.021377 0.004965 356.96 2.76
E 9 19 0.028605 0.005569 412.18 100.37
E 9 20 0.028052 0.006184 440.80 50.01
E 9 21 0.025166 0.000565 331.24 1.53
E 9 22 0.027742 0.005688 453.09 6.57
E 9 23 0.028983 0.005726 416.85 3.29
E 9 24 0.028781 0.008210 455.61 0.56
E 9 25 0.019594 0.003074 332.92 14.67
E 9 26 0.020496 0.004132 279.30 0.66
E 9 28 0.020371 0.003969 317.89 1.48
E 9 29 0.019596 0.003074 331.70 0.54
E 9 30 0.028134 0.006007 410.85 5.12
E 9 32 0.026663 0.005620 411.33 1.17
E 9 33 0.019592 0.003074 295.68 230.43
E 9 34 0.028126 0.005427 416.35 1.76
E 9 35 0.019595 0.003074 280.78 1.88
E 9 37 0.027344 0.004926 401.71 0.45
E 9 38 0.026551 0.005901 392.29 0.61
E 9 39 0.028127 0.004839 442.88 2.77
E 9 40 0.027183 0.005936 394.68 2.81
E 9 41 0.028301 0.006269 406.49 4.28
E 9 42 0.029801 0.006106 399.45 0.77
E 9 43 0.019411 0.004376 249.06 1.49
E 9 44 0.026837 0.006072 424.23 0.82
E 9 45 0.022820 0.004822 348.21 1.87
E 9 46 0.028651 0.006285 366.49 2.73
E 9 47 0.027238 0.005851 397.46 0.91
E 9 48 0.027800 0.005743 402.84 2.71
E 9 49 0.019537 0.003440 288.63 105.76
E 9 50 0.026460 0.006784 379.74 2.35
E 9 51 0.030233 0.008337 449.41 0.22
E 9 52 0.025359 0.004679 407.64 2.46
E 9 53 0.024393 0.004631 378.06 0.33
E 9 54 0.027866 0.006683 431.36 3.69
E 9 57 0.025994 0.005013 427.78 173.73
E 9 58 0.025964 0.005235 394.04 2.01
E 9 59 0.027336 0.006379 397.47 1.55
E 9 60 0.029347 0.005879 425.57 2.92
E 9 61 0.028282 0.005719 396.38 2.25
E 9 64 0.027200 0.005766 410.49 2.06
E 9 65 0.028254 0.007833 426.99 2.77
E 9 66 0.029534 0.006284 423.50 2.45
E 9 68 0.028157 0.006166 414.86 4.59
E 9 73 0.029845 0.006144 446.60 2.01
E 9 75 0.024972 0.005283 377.76 10.93
E 9 76 0.027521 0.005834 419.16 14.05
E 9 77 0.028143 0.006329 435.63 2.78
E 9 78 0.019557 0.005385 397.76 1.97
E 9 80 0.028049 0.005278 442.09 6.01
E 9 81 0.019537 0.003440 295.76 2.04
E 9 83 0.019596 0.003074 295.81 2.53
E 9 84 0.001777 0.000000 164.00 0.39
E 9 85 0.027080 0.005954 405.49 1.58
E 9 86 0.024472 0.007420 367.98 3.21
E 9 87 0.020952 0.003519 330.60 0.00
E 9 88 0.027107 0.006411 435.21 0.12
E 10 12 0.025343 0.004587 398.40 3.91
E 10 13 0.027428 0.005058 420.09 1.25
E 10 14 0.025406 0.005683 369.16 18.78
E 10 17 0.025282 0.005357 382.02 5.56
E 10 18 0.030626 0.005846 451.49 2.80
E 10 20 0.029023 0.005519 435.91 1.78
E 10 21 0.027518 0.004774 399.48 17.33
E 10 22 0.027150 0.005766 427.22 1.65
E 10 24 0.027695 0.007156 447.13 0.12
E 10 26 0.030752 0.005815 442.81 0.64
E 10 29 0.030378 0.005173 489.78 1.76
E 10 30 0.024262 0.002756 456.11 276.85
E 10 32 0.022302 0.003115 329.84 12.48
E 10 33 0.011523 0.001888 1208.00 0.00
E 10 34 0.030961 0.006084 498.03 10.37
E 10 35 0.031121 0.006275 408.42 0.34
E 10 36 0.024024 0.005727 380.05 1.24
E 10 37 0.027172 0.004820 403.09 0.62
E 10 38 0.024717 0.006003 343.71 0.09
E 10 40 0.025206 0.003981 359.18 2.25
E 10 41 0.028321 0.006051 404.58 0.31
E 10 42 0.030110 0.004777 430.26 2.59
E 10 44 0.025303 0.004946 396.43 2.41
E 10 45 0.029748 0.005310 486.01 4.66
E 10 46 0.030961 0.006084 409.45 0.66
E 10 47 0.026876 0.004890 388.72 6.13
E 10 48 0.028300 0.005463 439.64 0.71
E 10 50 0.025820 0.004827 371.77 1.39
E 10 51 0.026788 0.005628 407.38 1.44
E 10 52 0.028449 0.005241 408.33 2.14
E 10 53 0.030778 0.005713 465.42 5.49
E 10 54 0.028162 0.004862 502.11 2.68
E 10 57 0.030059 0.005201 470.91 41.75
E 10 58 0.025391 0.004405 414.39 1.21
E 10 59 0.027084 0.005392 413.08 0.25
E 10 60 0.030226 0.006098 428.52 2.49
E 10 61 0.029452 0.005041 439.86 4.88
E 10 62 0.029980 0.003604 335.88 3.46
E 10 64 0.025305 0.004569 387.54 1.28
E 10 65 0.030351 0.009922 474.10 2.82
E 10 66 0.029637 0.005649 411.01 2.11
E 10 68 0.030198 0.005643 455.30 2.28
E 10 69 0.024688 0.004586 381.48 2.74
E 10 70 0.024761 0.004793 384.16 12.76
E 10 73 0.029600 0.005861 424.21 5.74
E 10 75 0.026199 0.005388 412.03 0.46
E 10 76 0.025632 0.004756 388.58 0.05
E 10 80 0.030424 0.005521 440.92 8.12
E 10 84 0.023765 0.004728 396.34 17.17
E 10 85 0.024868 0.004375 380.22 0.58
E 10 86 0.031046 0.004507 446.93 1.78
E 10 88 0.027170 0.007462 399.45 0.30
E 11 16 0.018989 0.004497 315.18 7.96
E 11 22 0.023599 0.005851 398.47 56.12
E 11 25 0.020920 0.004088 317.66 7.80
E 11 27 0.020302 0.004155 319.45 43.11
E 11 28 0.020621 0.003351 310.54 0.38
E 11 30 0.022789 0.005201 345.48 199.43
E 11 31 0.017521 0.003950 303.27 2.11
E 11 33 0.020486 0.004353 350.56 0.99
E 11 43 0.021998 0.004344 346.76 56.45
E 11 49 0.022508 0.004212 421.15 1.08
E 11 54 0.026465 0.002318 346.95 10.24
E 11 55 0.020145 0.003307 324.94 6.64
E 11 56 0.021231 0.004053 350.18 12.40
E 11 63 0.021169 0.003957 298.60 18.88
E 11 67 0.024648 0.008286 379.85 17.57
E 11 71 0.018963 0.005088 307.30 94.16
E 11 72 0.021169 0.003957 326.84 164.07
E 11 74 0.023005 0.005915 373.48 2.24
E 11 78 0.020564 0.004506 300.71 7.35
E 11 79 0.020765 0.004987 341.70 1.25
E 11 81 0.020735 0.006523 368.04 84.17
E 11 83 0.019946 0.004693 317.32 61.60
E 11 87 0.021466 0.004898 336.93 1.36
E 12 13 0.024430 0.003692 352.38 0.55
E 12 14 0.022140 0.005437 343.03 14.99
E 12 17 0.024409 0.005327 357.43 3.09
E 12 21 0.019002 0.003503 304.93 2.03
E 12 24 0.027068 0.007020 417.19 0.12
E 12 32 0.016886 0.002593 266.56 5.45
E 12 33 0.010292 0.001920 996.00 0.00
E 12 36 0.022315 0.004579 375.23 0.35
E 12 40 0.019623 0.004574 301.07 7.93
E 12 41 0.024600 0.006954 360.53 0.52
E 12 44 0.024373 0.005140 366.72 5.23
E 12 47 0.018066 0.005615 308.71 2.87
E 12 50 0.023761 0.005037 367.86 2.64
E 12 51 0.027814 0.006186 380.07 0.89
E 12 53 0.019025 0.003139 295.68 0.03
E 12 57 0.029922 0.004201 443.41 552.33
E 12 58 0.021674 0.004085 346.90 0.56
E 12 59 0.025618 0.000339 487.78 0.24
E 12 60 0.030271 0.006200 496.97 1.01
E 12 64 0.024867 0.004589 388.12 0.57
E 12 69 0.020709 0.003704 325.18 6.34
E 12 70 0.020814 0.003965 331.59 173.06
E 12 75 0.027334 0.005565 416.43 5.29
E 12 76 0.026323 0.004395 400.83 4.58
E 12 84 0.020771 0.004038 338.70 6.60
E 12 85 0.017523 0.003100 278.77 0.28
E 12 86 0.018392 0.002935 282.06 0.95
E 12 88 0.017551 0.004975 294.67 0.28
E 13 14 0.024426 0.005105 379.29 1.90
E 13 17 0.024406 0.004690 385.15 1.85
E 13 20 0.002865 0.000000 300.00 6.01
E 13 21 0.024486 0.003824 370.02 0.89
E 13 22 0.027053 0.004491 410.66 0.45
E 13 24 0.027228 0.007495 396.97 0.22
E 13 26 0.020734 0.007530 354.37 8.08
E 13 29 0.029120 0.005631 488.57 0.47
E 13 32 0.024578 0.003186 371.34 5.37
E 13 33 0.019173 0.003925 318.93 0.00
E 13 37 0.028736 0.004510 439.07 1.14
E 13 38 0.024892 0.003460 358.19 0.73
E 13 40 0.024537 0.003892 385.37 1.68
E 13 41 0.028836 0.007555 422.73 0.38
E 13 42 0.026634 0.008367 385.01 4.03
E 13 44 0.022821 0.004142 365.23 2.09
E 13 45 0.023218 0.004297 358.19 14.35
E 13 47 0.024513 0.003749 381.95 0.89
E 13 51 0.030039 0.007024 466.47 0.52
E 13 53 0.024677 0.004821 398.48 2.43
E 13 57 0.028446 0.004749 427.06 66.46
E 13 59 0.027181 0.003724 398.27 0.18
E 13 60 0.030877 0.007143 445.01 5.31
E 13 61 0.029446 0.005856 453.72 1.10
E 13 62 0.027516 0.010040 472.15 12.67
E 13 69 0.023052 0.002987 356.53 2.25
E 13 70 0.024007 0.003350 318.24 22.88
E 13 73 0.029480 0.005321 443.36 1.19
E 13 74 0.020574 0.003509 362.96 0.39
E 13 75 0.025614 0.005211 376.06 1.37
E 13 76 0.025442 0.004308 412.57 1.49
E 13 84 0.023536 0.003085 357.77 35.36
E 13 86 0.024260 0.004749 324.29 0.67
E 13 88 0.024252 0.006823 387.19 0.60
E 14 17 0.024409 0.005422 364.91 10.35
E 14 21 0.022142 0.005437 346.59 3.20
E 14 24 0.027243 0.007176 412.17 0.18
E 14 32 0.020918 0.005156 347.66 11.56
E 14 33 0.003809 0.000128 360.00 10.59
E 14 36 0.023318 0.005956 348.16 4.16
E 14 40 0.021438 0.004948 332.11 2.28
E 14 41 0.024600 0.000000 600.49 1.81
E 14 44 0.024177 0.005321 368.93 0.76
E 14 47 0.020951 0.005633 356.71 4.16
E 14 50 0.023608 0.005363 371.27 0.64
E 14 51 0.027814 0.007335 467.98 11.70
E 14 53 0.021652 0.005096 350.97 11.30
E 14 57 0.028454 0.001993 420.33 96.93
E 14 58 0.021992 0.005743 346.36 1.93
E 14 59 0.025618 0.002827 419.80 0.27
E 14 60 0.030271 0.006200 432.76 6.16
E 14 64 0.023312 0.005236 362.09 1.96
E 14 69 0.022233 0.005889 356.19 1.57
E 14 70 0.022610 0.005310 341.77 15.41
E 14 75 0.027148 0.005407 417.83 5.77
E 14 76 0.025544 0.005125 380.27 1.44
E 14 84 0.022312 0.005560 363.25 2.91
E 14 85 0.020613 0.004876 346.57 0.81
E 14 86 0.021134 0.005126 323.85 0.58
E 14 88 0.020556 0.005034 327.03 0.51
E 15 16 0.021178 0.005272 326.19 21.77
E 15 22 0.022754 0.005879 333.62 3.71
E 15 25 0.022598 0.005878 346.00 0.14
E 15 28 0.023258 0.006106 347.66 166.29
E 15 31 0.022546 0.005906 380.99 1.00
E 15 33 0.022759 0.005941 361.04 0.41
E 15 36 0.021142 0.005111 341.68 70.76
E 15 43 0.022735 0.002374 302.99 30.19
E 15 49 0.021296 0.005208 357.81 0.03
E 15 57 0.021368 0.003457 327.42 55.96
E 15 67 0.021490 0.005538 343.46 2.71
E 15 69 0.022622 0.009950 312.76 0.96
E 15 71 0.022624 0.005703 367.21 21.83
E 15 74 0.023330 0.006360 354.94 0.02
E 15 78 0.023181 0.002991 363.50 1.99
E 15 81 0.023108 0.002646 367.60 27.80
E 15 83 0.022721 0.005835 330.01 8.06
E 15 89 0.020702 0.005295 330.44 0.25
E 16 18 0.020493 0.002374 330.71 4.19
E 16 25 0.020054 0.003236 319.21 13.74
E 16 26 0.021273 0.003148 331.88 0.07
E 16 27 0.018268 0.001272 339.62 0.00
E 16 29 0.018476 0.001380 297.91 1.97
E 16 31 0.018809 0.004360 302.87 16.70
E 16 33 0.020788 0.003034 347.63 19.34
E 16 35 0.018714 0.000878 328.55 2.85
E 16 36 0.017974 0.003128 270.37 0.42
E 16 43 0.018704 0.003470 301.90 3.28
E 16 44 0.023375 0.004519 410.22 0.61
E 16 45 0.021997 0.005628 335.47 5.91
E 16 49 0.019156 0.002005 294.71 0.00
E 16 56 0.016635 0.000452 282.17 1.18
E 16 62 0.019405 0.002891 298.92 3.43
E 16 63 0.020396 0.005643 299.94 18.97
E 16 67 0.021564 0.004851 331.95 0.18
E 16 69 0.023922 0.009023 483.44 0.70
E 16 71 0.019877 0.004706 324.46 2.68
E 16 78 0.019524 0.003783 317.57 1.58
E 16 79 0.016388 0.000301 283.14 2.11
E 16 83 0.020383 0.004015 322.55 1.49
E 16 87 0.021485 0.004191 359.62 34.31
E 16 89 0.018350 0.003298 276.18 0.00
E 17 21 0.023987 0.005078 361.11 9.31
E 17 22 0.025582 0.007608 421.72 4.38
E 17 24 0.027006 0.006607 395.77 0.21
E 17 32 0.025286 0.005662 399.80 6.42
E 17 33 0.009332 0.000192 876.00 36.61
E 17 36 0.024761 0.005705 399.06 2.67
E 17 37 0.025284 0.004906 385.09 5.24
E 17 40 0.023961 0.004685 355.54 0.31
E 17 41 0.027009 0.005509 394.02 0.04
E 17 44 0.023641 0.005078 413.53 1.38
E 17 47 0.025096 0.006049 401.08 1.16
E 17 50 0.024473 0.005613 356.37 0.66
E 17 51 0.027682 0.007029 430.78 3.51
E 17 52 0.024938 0.008050 360.26 0.91
E 17 53 0.023658 0.005082 377.70 4.04
E 17 57 0.028454 0.003128 467.13 60.73
E 17 58 0.023862 0.005363 373.61 1.88
E 17 59 0.026026 0.005801 438.87 0.45
E 17 60 0.027400 0.005655 381.95 0.15
E 17 64 0.024419 0.005446 368.68 1.90
E 17 66 0.025199 0.007423 413.44 1.00
E 17 69 0.024569 0.006011 375.14 0.38
E 17 70 0.023511 0.004970 359.87 7.89
E 17 73 0.026860 0.005990 386.81 35.84
E 17 75 0.025196 0.005033 396.99 15.97
E 17 76 0.024653 0.005641 360.25 1.25
E 17 84 0.024238 0.006031 380.68 6.72
E 17 85 0.025041 0.005742 394.47 0.71
E 17 86 0.022879 0.003834 359.45 0.58
E 17 88 0.025379 0.006845 372.28 0.96
E 18 19 0.024849 0.005526 373.17 2.17
E 18 20 0.026145 0.005963 386.75 2.18
E 18 22 0.027311 0.005000 435.74 4.43
E 18 23 0.024666 0.005427 383.71 1.32
E 18 26 0.023949 0.004972 376.17 0.97
E 18 28 0.020269 0.002989 331.03 311.20
E 18 29 0.020909 0.004078 372.94 0.11
E 18 33 0.019322 0.003010 297.38 0.01
E 18 34 0.025911 0.007001 414.72 0.88
E 18 35 0.022481 0.003894 331.27 0.21
E 18 37 0.030413 0.006739 432.54 2.48
E 18 41 0.027483 0.002544 480.33 0.90
E 18 42 0.025162 0.005767 392.92 4.31
E 18 45 0.026018 0.006309 402.86 3.21
E 18 47 0.027181 0.007832 391.76 1.99
E 18 49 0.018882 0.002504 314.48 112.31
E 18 51 0.027432 0.005139 421.57 0.65
E 18 54 0.024417 0.005134 369.69 60.62
E 18 55 0.019076 0.002582 305.18 1.24
E 18 57 0.025948 0.004642 378.86 178.21
E 18 59 0.027293 0.005242 445.88 0.69
E 18 60 0.029268 0.006311 412.26 0.89
E 18 61 0.028568 0.005143 418.52 1.38
E 18 62 0.024655 0.005314 384.67 13.56
E 18 68 0.024954 0.005289 381.75 1.03
E 18 73 0.029952 0.006082 440.79 2.60
E 18 74 0.021685 0.003966 341.66 1.67
E 18 75 0.029078 0.004410 411.17 3.22
E 18 78 0.018618 0.003138 298.29 1.92
E 18 80 0.025910 0.007001 437.59 2.55
E 18 81 0.019076 0.002582 286.53 3.58
E 18 90 0.024985 0.005487 370.51 2.94
E 19 20 0.023973 0.002815 366.10 0.94
E 19 22 0.027483 0.005062 403.62 1.39
E 19 23 0.021531 0.001687 334.94 7.39
E 19 24 0.022215 0.002115 344.58 7.15
E 19 26 0.026232 0.005247 397.54 8.62
E 19 29 0.028934 0.003806 412.08 1.68
E 19 30 0.022280 0.001001 353.43 12.65
E 19 34 0.024493 0.004757 359.90 1.59
E 19 35 0.024886 0.004433 385.85 1.06
E 19 37 0.028550 0.004120 416.29 5.05
E 19 39 0.021806 0.001130 327.60 2.18
E 19 41 0.029593 0.005634 410.09 0.42
E 19 42 0.020829 0.000600 331.92 7.04
E 19 45 0.027054 0.003440 421.55 0.92
E 19 46 0.020875 0.000656 341.07 2.20
E 19 47 0.027128 0.002405 383.54 0.81
E 19 48 0.025791 0.003599 395.32 2.19
E 19 51 0.028020 0.006417 435.55 7.58
E 19 52 0.027153 0.004316 413.68 2.28
E 19 54 0.022546 0.001086 375.15 28.10
E 19 57 0.024453 0.004121 387.53 1.27
E 19 59 0.028340 0.004609 414.96 2.44
E 19 60 0.025877 0.004427 396.83 2.30
E 19 61 0.025875 0.004463 385.08 0.74
E 19 62 0.023393 0.003090 410.67 1.29
E 19 65 0.026863 0.007723 394.45 2.17
E 19 66 0.028081 0.006271 410.36 2.29
E 19 68 0.022529 0.001109 353.13 0.53
E 19 73 0.030160 0.006461 454.02 1.52
E 19 77 0.023291 0.002547 373.44 2.17
E 19 80 0.024952 0.004415 364.55 1.32
E 19 82 0.021160 0.000684 337.52 2.18
E 19 90 0.020806 0.002601 336.31 9.05
E 20 22 0.025459 0.003618 395.38 0.13
E 20 23 0.024010 0.002832 384.49 9.07
E 20 24 0.022487 0.002462 355.83 1.20
E 20 29 0.029856 0.004036 400.43 1.18
E 20 30 0.023404 0.002371 370.18 0.01
E 20 34 0.026326 0.004880 404.42 4.06
E 20 35 0.027566 0.005831 455.42 4.28
E 20 37 0.028372 0.003943 413.78 6.84
E 20 39 0.024005 0.002790 371.08 4.48
E 20 41 0.026433 0.004396 382.18 46.87
E 20 45 0.027179 0.004281 409.46 3.93
E 20 46 0.024043 0.002817 368.79 4.49
E 20 47 0.027181 0.003392 442.79 509.65
E 20 48 0.025754 0.003541 382.09 4.44
E 20 50 0.030469 0.007157 412.43 5.84
E 20 51 0.026863 0.005671 389.17 33.16
E 20 52 0.026584 0.004503 408.66 5.19
E 20 59 0.026768 0.004831 413.49 41.50
E 20 60 0.026763 0.005148 391.90 9.68
E 20 61 0.026088 0.004515 390.08 958.37
E 20 62 0.027877 0.003166 405.75 0.40
E 20 64 0.029915 0.007010 451.41 5.99
E 20 65 0.026744 0.006877 391.66 4.41
E 20 66 0.028152 0.006336 391.07 5.24
E 20 68 0.023968 0.002726 368.78 2.34
E 20 73 0.028038 0.005438 403.36 9.52
E 20 75 0.028841 0.004183 537.60 1.61
E 20 76 0.002353 0.000000 236.00 0.00
E 20 77 0.023936 0.002683 354.20 4.43
E 20 80 0.024735 0.003931 381.41 2.33
E 20 82 0.024057 0.002844 367.51 4.52
E 21 24 0.027137 0.006807 381.02 0.08
E 21 32 0.015484 0.003219 234.54 1.35
E 21 36 0.022149 0.004532 338.07 5.97
E 21 40 0.019481 0.004678 305.73 1.32
E 21 41 0.025860 0.008577 518.32 0.28
E 21 44 0.024501 0.005204 419.63 3.26
E 21 47 0.020153 0.004711 313.55 6.95
E 21 50 0.024100 0.005036 384.65 1.19
E 21 51 0.027528 0.005891 380.39 25.79
E 21 53 0.017201 0.002576 270.55 6.15
E 21 57 0.029922 0.004201 453.71 22.24
E 21 58 0.021975 0.004272 350.47 0.90
E 21 59 0.025505 0.005736 418.44 0.02
E 21 60 0.030271 0.006200 506.63 1.17
E 21 64 0.024623 0.003866 370.42 0.91
E 21 69 0.020732 0.004070 338.10 3.21
E 21 70 0.020462 0.003634 322.53 8.12
E 21 75 0.027542 0.005744 405.75 1507.98
E 21 76 0.026011 0.004299 377.08 6.65
E 21 84 0.021002 0.003987 329.70 36.88
E 21 85 0.017621 0.002261 309.92 0.39
E 21 86 0.016846 0.002548 272.32 0.63
E 21 88 0.021929 0.008734 331.53 0.98
E 22 23 0.026716 0.003990 387.04 1.67
E 22 24 0.023794 0.002162 371.49 1.86
E 22 25 0.023797 0.003700 424.77 8.35
E 22 27 0.022448 0.005540 389.79 5.05
E 22 28 0.024507 0.006489 396.06 7.10
E 22 30 0.024987 0.003805 389.95 0.86
E 22 31 0.023619 0.006066 347.16 3.81
E 22 33 0.025249 0.003012 366.81 1.52
E 22 35 0.024841 0.007074 390.52 3.34
E 22 36 0.025311 0.007123 378.40 1.38
E 22 39 0.025342 0.003497 402.23 4.44
E 22 41 0.025146 0.003660 374.34 2.25
E 22 42 0.027144 0.004636 413.39 7.01
E 22 43 0.023866 0.004969 386.13 5.71
E 22 44 0.025205 0.004816 394.22 3.97
E 22 45 0.026621 0.004945 400.81 1.54
E 22 46 0.027168 0.004507 415.25 4.45
E 22 48 0.025458 0.003618 381.53 4.45
E 22 49 0.024371 0.004786 366.91 8.93
E 22 50 0.024963 0.003599 400.47 4.70
E 22 51 0.027044 0.004887 385.78 2.06
E 22 52 0.025653 0.003863 385.83 4.45
E 22 54 0.025522 0.004515 408.01 1.94
E 22 55 0.022882 0.005953 359.58 2.07
E 22 56 0.023866 0.004969 342.47 6.12
E 22 57 0.025560 0.003765 398.83 5.40
E 22 58 0.013139 0.002144 1352.00 0.40
E 22 59 0.025991 0.004795 383.93 0.99
E 22 60 0.025846 0.004610 417.41 0.62
E 22 61 0.025242 0.004166 383.01 1.52
E 22 62 0.024553 0.003223 384.23 1.52
E 22 63 0.022448 0.005540 318.33 1.99
E 22 64 0.025011 0.004195 400.46 4.59
E 22 65 0.025515 0.005567 394.28 4.44
E 22 66 0.026865 0.005459 385.03 4.46
E 22 67 0.025035 0.006207 343.04 6.53
E 22 68 0.025488 0.003386 398.26 2.94
E 22 69 0.002129 0.000000 208.00 3.91
E 22 71 0.026388 0.006290 385.37 2.21
E 22 72 0.022448 0.005540 303.43 6.20
E 22 73 0.027541 0.005281 423.44 1.24
E 22 74 0.025629 0.005959 380.85 0.88
E 22 75 0.025537 0.005491 388.68 1.33
E 22 76 0.025281 0.004262 382.20 1.77
E 22 77 0.025459 0.003618 396.56 4.44
E 22 78 0.023551 0.006416 322.78 2.61
E 22 79 0.023625 0.005201 379.94 2.36
E 22 80 0.023615 0.005040 368.78 4.05
E 22 81 0.022882 0.005953 345.18 3.70
E 22 82 0.023583 0.002337 390.58 7.48
E 22 83 0.023760 0.005518 374.89 0.99
E 22 87 0.023772 0.005427 385.67 9.02
E 23 24 0.022235 0.002035 348.13 0.10
E 23 26 0.026527 0.005236 422.69 0.68
E 23 29 0.030253 0.003920 456.89 1.94
E 23 30 0.022259 0.001630 373.55 268.62
E 23 34 0.024332 0.005022 368.46 6.67
E 23 35 0.024885 0.004434 403.20 0.21
E 23 37 0.028547 0.004023 388.28 0.68
E 23 39 0.022362 0.002097 354.94 1.31
E 23 41 0.029433 0.005512 467.85 0.01
E 23 42 0.021233 0.001538 340.27 2.87
E 23 45 0.027054 0.003440 419.57 1.71
E 23 46 0.021292 0.001555 331.29 1.27
E 23 47 0.027182 0.003611 439.36 6.06
E 23 48 0.025797 0.003628 389.01 1.27
E 23 51 0.028391 0.005527 438.59 3.03
E 23 52 0.027026 0.004210 419.80 0.82
E 23 54 0.022519 0.001706 358.73 2.81
E 23 57 0.024561 0.004259 388.85 68.10
E 23 59 0.027394 0.003419 396.00 0.00
E 23 60 0.025806 0.004545 426.72 0.74
E 23 61 0.026011 0.004574 397.05 5.04
E 23 62 0.029008 0.010244 434.83 2.76
E 23 65 0.026852 0.007630 431.15 1.33
E 23 66 0.028082 0.006271 419.53 0.79
E 23 68 0.022577 0.002113 359.39 1.36
E 23 73 0.030080 0.005882 446.39 6.98
E 23 77 0.023284 0.002498 358.42 1.34
E 23 80 0.024851 0.004365 373.24 4.81
E 23 82 0.021770 0.001777 349.66 0.42
E 23 90 0.021267 0.002476 339.52 1.11
E 24 30 0.022487 0.002462 366.88 11.47
E 24 32 0.028797 0.006796 454.87 0.17
E 24 33 0.001809 0.000000 168.00 13.60
E 24 34 0.024254 0.004518 382.15 0.09
E 24 36 0.030267 0.008452 428.21 1.09
E 24 37 0.025571 0.004853 388.47 0.49
E 24 38 0.027718 0.006614 426.54 0.01
E 24 39 0.022428 0.002374 373.25 0.12
E 24 40 0.028116 0.007349 414.69 1.74
E 24 41 0.027735 0.005766 429.60 1.67
E 24 42 0.021337 0.001247 292.77 0.69
E 24 44 0.021716 0.002544 290.37 0.22
E 24 45 0.028501 0.005936 445.62 0.23
E 24 46 0.021331 0.001285 351.43 0.12
E 24 47 0.027859 0.006410 420.68 0.35
E 24 48 0.024922 0.004907 366.01 0.12
E 24 50 0.028261 0.007862 424.30 0.11
E 24 51 0.027726 0.006205 405.74 1.37
E 24 53 0.024305 0.005197 394.33 0.13
E 24 54 0.021575 0.002742 357.72 1.26
E 24 57 0.030112 0.004551 409.07 35.43
E 24 58 0.026703 0.006562 434.59 0.21
E 24 59 0.026580 0.005272 407.93 0.23
E 24 60 0.027085 0.005190 400.53 0.19
E 24 61 0.025007 0.004346 384.71 0.15
E 24 64 0.027851 0.007540 433.89 0.21
E 24 65 0.024321 0.003790 424.23 0.12
E 24 66 0.026461 0.005461 395.10 0.11
E 24 68 0.022632 0.002480 337.27 0.33
E 24 69 0.029596 0.010855 432.41 0.23
E 24 70 0.024982 0.005905 333.97 60.27
E 24 73 0.027928 0.005807 441.67 0.22
E 24 75 0.028815 0.006364 432.87 0.07
E 24 76 0.029090 0.007453 435.21 0.08
E 24 77 0.022429 0.002374 333.01 0.12
E 24 80 0.025188 0.005348 374.43 0.20
E 24 82 0.021308 0.001413 327.24 0.10
E 24 84 0.026766 0.007206 383.27 3.61
E 24 85 0.028481 0.007871 421.54 1.22
E 24 86 0.023455 0.004713 322.83 1.99
E 24 88 0.027578 0.007105 441.08 1.15
E 24 90 0.021337 0.002544 320.45 0.27
E 25 26 0.021223 0.003090 347.24 1.92
E 25 28 0.020909 0.002861 337.02 77.30
E 25 29 0.019834 0.002666 328.20 188.13
E 25 30 0.021263 0.003901 336.35 33.44
E 25 31 0.020920 0.004554 330.63 2.25
E 25 33 0.020642 0.002951 323.08 2.98
E 25 35 0.019262 0.002237 315.56 283.85
E 25 36 0.020236 0.004264 358.41 245.68
E 25 43 0.020628 0.005052 321.86 77.60
E 25 45 0.022581 0.005279 369.99 375.17
E 25 49 0.019912 0.002904 309.08 0.09
E 25 55 0.018951 0.001740 312.79 23.30
E 25 56 0.019249 0.002197 320.32 90.01
E 25 62 0.020867 0.003508 320.58 4.37
E 25 63 0.019627 0.005999 310.81 114.79
E 25 67 0.021808 0.004871 342.36 5.80
E 25 71 0.020174 0.004047 352.16 160.63
E 25 72 0.019215 0.001039 289.37 242.53
E 25 74 0.022778 0.005145 367.40 6.87
E 25 78 0.019882 0.003386 319.37 0.80
E 25 79 0.019166 0.002194 311.83 194.56
E 25 81 0.019209 0.001989 297.94 14.60
E 25 83 0.020535 0.003464 323.25 10.98
E 25 87 0.021213 0.004010 324.55 0.09
E 26 27 0.021919 0.004048 329.50 6.88
E 26 28 0.021251 0.003169 356.22 40.26
E 26 29 0.022190 0.003381 345.18 2.75
E 26 30 0.024938 0.004464 400.69 0.92
E 26 31 0.020528 0.003188 326.39 13.10
E 26 33 0.021310 0.003195 338.00 17.43
E 26 34 0.026512 0.004337 422.93 0.85
E 26 35 0.022750 0.003877 342.76 0.80
E 26 37 0.029666 0.003830 402.98 0.54
E 26 39 0.026927 0.005359 463.17 0.97
E 26 42 0.026112 0.004274 464.93 0.12
E 26 44 0.023773 0.003372 349.50 1.15
E 26 45 0.022452 0.004789 361.87 2.23
E 26 46 0.026113 0.004274 410.28 0.96
E 26 47 0.028024 0.004274 425.06 0.87
E 26 48 0.029743 0.004948 442.94 0.97
E 26 49 0.021358 0.003020 338.58 2.16
E 26 50 0.027929 0.005859 419.45 12.07
E 26 51 0.024904 0.003918 406.73 1.13
E 26 52 0.030803 0.006644 442.23 2.29
E 26 54 0.025365 0.005029 340.46 1.19
E 26 55 0.021402 0.003082 318.14 0.69
E 26 56 0.021305 0.003075 333.94 2.26
E 26 57 0.028533 0.003830 399.73 4.77
E 26 60 0.028584 0.003407 462.91 9.95
E 26 62 0.022549 0.003457 338.67 33.43
E 26 63 0.021515 0.005161 370.55 0.88
E 26 65 0.027481 0.009294 430.20 0.97
E 26 66 0.031403 0.006021 449.02 2.39
E 26 67 0.022189 0.004677 348.76 0.07
E 26 68 0.026113 0.004274 388.38 1.39
E 26 69 0.023712 0.003992 389.25 9.46
E 26 73 0.028669 0.003830 415.64 0.84
E 26 75 0.030802 0.005427 430.31 3.55
E 26 76 0.026757 0.004101 397.84 4.26
E 26 77 0.026527 0.005236 414.02 0.97
E 26 78 0.021164 0.003700 328.24 0.67
E 26 79 0.023451 0.004433 349.17 1.25
E 26 80 0.026520 0.004274 449.44 0.83
E 26 81 0.021364 0.003326 323.94 1.57
E 26 82 0.026927 0.005359 364.49 0.97
E 26 83 0.021333 0.003533 338.59 2.17
E 26 90 0.026928 0.005359 388.25 0.50
E 27 28 0.020104 0.002714 311.83 23.48
E 27 30 0.024048 0.003498 362.03 19.81
E 27 31 0.022074 0.005540 324.48 0.85
E 27 43 0.019374 0.003527 296.07 4.90
E 27 55 0.017069 0.000908 273.64 1.34
E 27 56 0.017581 0.000926 285.85 0.31
E 27 62 0.020406 0.001542 319.77 6.22
E 27 63 0.018482 0.004446 295.91 2.24
E 27 67 0.022407 0.004799 350.84 0.24
E 27 72 0.017018 0.000875 262.74 0.60
E 27 74 0.022070 0.004706 361.69 2.91
E 27 78 0.019071 0.002855 294.55 6.94
E 27 79 0.016896 0.000697 259.69 15.48
E 27 81 0.017941 0.001760 277.05 10.67
E 27 83 0.020954 0.002756 335.40 0.28
E 27 87 0.003618 0.000384 336.00 109.81
E 28 30 0.022882 0.004092 399.48 52.88
E 28 31 0.020843 0.004811 338.36 0.60
E 28 33 0.021104 0.003383 333.04 18.64
E 28 35 0.020405 0.002595 317.83 340.63
E 28 36 0.021839 0.002762 328.94 105.66
E 28 43 0.020268 0.004425 329.82 12.62
E 28 44 0.022122 0.001774 361.47 177.13
E 28 49 0.020604 0.002765 323.01 150.39
E 28 54 0.025533 0.002883 410.89 80.74
E 28 55 0.019679 0.002319 306.64 87.71
E 28 56 0.020047 0.002459 316.89 13.50
E 28 63 0.019747 0.003364 318.07 337.94
E 28 67 0.022257 0.004451 347.05 0.71
E 28 71 0.020552 0.003957 317.51 14.62
E 28 72 0.019525 0.002374 332.47 115.80
E 28 74 0.022619 0.004982 359.02 4.03
E 28 75 0.023001 0.005233 391.09 454.79
E 28 78 0.020289 0.003348 308.45 4.11
E 28 79 0.020110 0.002544 358.16 0.15
E 28 81 0.020043 0.002593 311.52 21.70
E 28 83 0.020737 0.002942 321.54 21.18
E 28 87 0.021374 0.004097 327.43 163.61
E 28 89 0.022226 0.003901 308.94 0.26
E 29 30 0.030422 0.005597 584.93 10.20
E 29 33 0.020987 0.003081 318.02 9.04
E 29 34 0.030111 0.003985 437.11 0.53
E 29 35 0.020504 0.002133 329.02 0.12
E 29 37 0.029892 0.004286 510.17 2.46
E 29 39 0.030111 0.003985 445.72 0.49
E 29 40 0.029201 0.005960 499.43 0.94
E 29 42 0.029797 0.004146 428.06 3.56
E 29 44 0.026972 0.004685 422.70 0.15
E 29 45 0.024907 0.004345 373.61 0.69
E 29 46 0.030111 0.003985 416.57 0.49
E 29 47 0.030106 0.003985 438.31 0.49
E 29 48 0.030118 0.004036 486.90 0.48
E 29 49 0.018984 0.001621 303.46 27.38
E 29 50 0.029956 0.005667 405.23 0.37
E 29 51 0.027179 0.004829 397.38 0.55
E 29 52 0.028298 0.004599 412.03 0.41
E 29 54 0.029518 0.003647 450.29 2.84
E 29 57 0.029499 0.004286 479.47 86.44
E 29 58 0.029120 0.004095 457.09 0.48
E 29 59 0.002321 0.000000 232.00 0.73
E 29 60 0.029527 0.005793 398.62 0.59
E 29 61 0.031777 0.005427 455.95 0.64
E 29 62 0.024043 0.003382 381.07 2.18
E 29 64 0.029120 0.003799 418.93 0.47
E 29 65 0.029857 0.008511 456.02 0.49
E 29 66 0.029920 0.004833 475.38 0.41
E 29 67 0.022193 0.004526 337.32 0.01
E 29 68 0.030111 0.003985 425.85 0.96
E 29 69 0.028277 0.005192 392.82 0.26
E 29 71 0.020812 0.002853 324.18 0.16
E 29 72 0.017242 0.000324 294.40 0.51
E 29 73 0.029498 0.004286 453.23 0.42
E 29 74 0.022623 0.004722 362.58 2.81
E 29 75 0.028811 0.004833 416.66 0.53
E 29 76 0.029499 0.004881 443.53 0.69
E 29 77 0.029857 0.004036 424.73 0.49
E 29 78 0.018875 0.002891 292.33 1.07
E 29 79 0.017926 0.000982 319.51 7.97
E 29 80 0.030111 0.003985 456.41 3.88
E 29 82 0.030414 0.004022 488.67 0.54
E 29 83 0.020275 0.003022 324.93 0.00
E 29 88 0.029822 0.007598 497.48 0.79
E 29 90 0.030773 0.004274 394.11 1.75
E 30 31 0.022562 0.006068 356.77 1.14
E 30 37 0.026774 0.004625 411.03 107.57
E 30 42 0.022190 0.001039 333.01 2.08
E 30 43 0.022974 0.004700 384.43 54.40
E 30 45 0.026634 0.003912 397.34 5.02
E 30 49 0.007171 0.000096 664.00 0.15
E 30 51 0.026521 0.005418 395.25 110.56
E 30 52 0.025424 0.003923 369.69 5.83
E 30 54 0.022636 0.001808 353.53 1.40
E 30 55 0.023546 0.004160 334.58 227.52
E 30 56 0.023037 0.004387 320.92 48.97
E 30 57 0.023852 0.003962 366.35 99.32
E 30 61 0.025277 0.004322 361.76 2.16
E 30 62 0.023356 0.001017 458.35 36.79
E 30 63 0.022844 0.003931 351.96 75.12
E 30 66 0.027439 0.006327 403.67 5.68
E 30 68 0.022298 0.001109 352.84 6.00
E 30 71 0.009396 0.000544 884.00 5.66
E 30 72 0.022982 0.003366 317.18 119.19
E 30 73 0.027931 0.006047 421.49 17.48
E 30 74 0.023830 0.006897 389.28 3.01
E 30 78 0.022221 0.004749 338.26 1.98
E 30 79 0.023880 0.004392 354.02 941.45
E 30 81 0.023545 0.006445 402.98 45.51
E 30 83 0.022531 0.005119 309.32 13.89
E 30 87 0.022731 0.006657 355.97 2.27
E 30 90 0.022173 0.002351 379.69 8.95
E 31 33 0.020427 0.001526 334.18 68.20
E 31 36 0.024777 0.007418 365.75 1.44
E 31 43 0.021768 0.004085 341.75 0.60
E 31 44 0.022914 0.004505 338.25 0.60
E 31 45 0.021057 0.004869 341.45 1.68
E 31 49 0.021622 0.003580 346.11 1.00
E 31 54 0.024176 0.004523 592.35 25.61
E 31 55 0.021279 0.005354 355.90 4.81
E 31 56 0.021351 0.003773 319.85 0.67
E 31 62 0.017314 0.004204 274.37 5.42
E 31 63 0.021572 0.004723 347.53 20.10
E 31 67 0.024472 0.007505 307.85 0.24
E 31 71 0.019024 0.003968 294.95 2.10
E 31 72 0.021572 0.004723 338.23 1.49
E 31 74 0.023006 0.005915 379.45 1.77
E 31 75 0.024587 0.004370 386.94 32.08
E 31 78 0.020911 0.003215 365.66 8.14
E 31 79 0.022765 0.005156 343.11 0.63
E 31 81 0.021279 0.006784 349.09 0.40
E 31 83 0.019788 0.005031 306.81 0.43
E 31 87 0.021370 0.004841 350.93 3.37
E 31 89 0.017012 0.003786 281.53 0.09
E 32 34 0.024542 0.003957 359.95 0.57
E 32 37 0.026084 0.005071 405.31 5.09
E 32 38 0.016849 0.002675 282.88 3.35
E 32 40 0.018837 0.004324 293.75 0.47
E 32 41 0.028806 0.006537 436.90 0.13
E 32 46 0.023244 0.001244 333.62 5.02
E 32 47 0.019344 0.004909 313.08 0.07
E 32 48 0.029473 0.004749 499.20 5.08
E 32 53 0.015480 0.003277 243.86 6.12
E 32 58 0.027088 0.004183 421.40 5.39
E 32 59 0.027581 0.004155 403.66 0.26
E 32 61 0.028285 0.004666 427.18 1.17
E 32 64 0.024052 0.001670 393.04 5.41
E 32 68 0.024219 0.001272 367.09 8.93
E 32 73 0.029169 0.004161 458.20 0.38
E 32 80 0.024004 0.002479 382.15 5.79
E 32 85 0.016575 0.003556 275.53 0.96
E 32 86 0.015532 0.003103 265.31 0.35
E 32 88 0.017754 0.005121 294.84 0.61
E 33 35 0.021117 0.003356 335.95 1.52
E 33 36 0.020046 0.002531 324.83 0.00
E 33 40 0.004802 0.000352 484.00 38.32
E 33 42 0.002513 0.000000 256.00 1.32
E 33 43 0.021016 0.003896 336.51 96.46
E 33 44 0.026103 0.004113 390.37 26.23
E 33 45 0.021799 0.005220 341.03 49.95
E 33 47 0.002545 0.000000 260.00 0.14
E 33 49 0.020764 0.003004 332.80 3.51
E 33 50 0.008818 0.001664 928.00 0.00
E 33 51 0.025569 0.004555 378.45 0.00
E 33 52 0.025750 0.005578 383.86 0.00
E 33 55 0.020891 0.002911 320.71 7.15
E 33 56 0.020967 0.002977 330.74 28.71
E 33 57 0.007922 0.000096 816.00 2.64
E 33 60 0.007602 0.000192 776.00 44.67
E 33 62 0.020587 0.002351 344.35 2.85
E 33 63 0.019910 0.006077 310.53 8.39
E 33 67 0.021808 0.004465 327.37 3.81
E 33 69 0.022144 0.002257 324.46 43.31
E 33 70 0.001585 0.000000 140.00 208.92
E 33 71 0.020893 0.003994 320.57 13.98
E 33 73 0.002641 0.000000 272.00 3.21
E 33 74 0.022568 0.004757 328.76 2.48
E 33 75 0.026379 0.001017 530.38 2.37
E 33 76 0.006929 0.000128 692.00 0.51
E 33 78 0.020675 0.003143 323.62 2.14
E 33 79 0.019894 0.001660 301.91 2.07
E 33 81 0.021012 0.003227 329.55 245.64
E 33 83 0.020956 0.003331 330.49 47.31
E 33 84 0.001329 0.000000 108.00 21.94
E 33 87 0.021200 0.003807 347.33 0.37
E 34 35 0.026352 0.004466 435.48 0.13
E 34 37 0.023457 0.005976 342.15 15.77
E 34 38 0.025278 0.003975 400.08 1.50
E 34 39 0.023756 0.005127 383.74 0.86
E 34 40 0.024649 0.004652 400.95 1.21
E 34 42 0.024988 0.005236 385.71 3.63
E 34 45 0.028290 0.003392 406.05 7.64
E 34 46 0.024935 0.005224 411.61 0.84
E 34 47 0.020936 0.004982 350.33 1.05
E 34 48 0.028269 0.004658 409.48 0.86
E 34 51 0.002417 0.000000 244.00 23.00
E 34 52 0.028515 0.005285 448.22 1.13
E 34 54 0.024686 0.004233 346.02 5.01
E 34 57 0.028047 0.003978 411.52 37.87
E 34 59 0.028064 0.005215 385.25 0.02
E 34 60 0.029386 0.006426 411.29 2.62
E 34 61 0.025958 0.005461 386.12 0.26
E 34 62 0.028218 0.001809 547.23 3.64
E 34 65 0.028402 0.008379 414.60 0.87
E 34 66 0.030994 0.007575 451.41 1.15
E 34 68 0.024826 0.005180 365.51 2.01
E 34 73 0.029759 0.005902 438.41 0.04
E 34 77 0.025038 0.004788 387.54 0.87
E 34 80 0.024794 0.005480 405.33 1.71
E 34 82 0.024265 0.005290 384.44 0.34
E 34 88 0.015838 0.004839 239.76 0.71
E 34 90 0.024839 0.005053 384.88 1.33
E 35 37 0.029666 0.004975 419.19 1.27
E 35 39 0.024959 0.004670 411.24 0.39
E 35 42 0.024906 0.005059 389.12 4.00
E 35 45 0.025353 0.005653 382.82 19.00
E 35 46 0.024959 0.004670 363.55 0.39
E 35 47 0.029008 0.004975 407.01 13.50
E 35 48 0.029823 0.004670 403.89 0.39
E 35 49 0.019078 0.002347 312.77 215.28
E 35 50 0.029802 0.005201 592.12 0.45
E 35 51 0.026586 0.005314 402.13 0.26
E 35 52 0.028525 0.004958 441.46 0.45
E 35 54 0.022659 0.003315 402.94 3.12
E 35 55 0.019265 0.002397 291.76 5.01
E 35 56 0.019329 0.002546 307.66 2.05
E 35 57 0.026423 0.004187 414.30 0.17
E 35 60 0.029943 0.006275 399.59 1.94
E 35 61 0.029122 0.005300 431.81 5.84
E 35 62 0.024146 0.002148 377.67 2.74
E 35 65 0.027612 0.008668 400.82 0.39
E 35 66 0.031467 0.006021 509.03 0.46
E 35 68 0.024960 0.004670 401.76 1.38
E 35 72 0.019070 0.002231 316.81 0.54
E 35 73 0.028838 0.004975 443.08 0.46
E 35 74 0.022516 0.004537 354.23 3.23
E 35 75 0.029538 0.006275 453.99 0.52
E 35 77 0.024885 0.004434 394.63 0.39
E 35 78 0.018879 0.002803 304.87 0.72
E 35 79 0.019463 0.002641 307.29 131.65
E 35 80 0.027002 0.004670 394.81 0.95
E 35 81 0.019285 0.002421 287.59 1.79
E 35 82 0.024960 0.004670 368.51 0.27
E 35 90 0.025162 0.004466 344.36 0.99
E 36 37 0.025786 0.004240 487.41 0.12
E 36 44 0.023667 0.006051 382.99 0.18
E 36 49 0.022613 0.004123 363.71 67.00
E 36 51 0.026917 0.006197 429.31 1.28
E 36 67 0.019630 0.004379 287.21 0.76
E 36 69 0.023273 0.005713 347.52 0.21
E 36 70 0.022150 0.004492 328.33 3.88
E 36 71 0.022060 0.005667 345.07 1.43
E 36 74 0.024224 0.006671 391.74 31.95
E 36 83 0.023201 0.005713 359.51 0.32
E 36 84 0.023278 0.005609 355.19 1.02
E 36 87 0.022288 0.005508 380.23 87.21
E 36 89 0.016921 0.002117 263.22 10.06
E 37 38 0.027591 0.005398 391.17 0.01
E 37 39 0.029443 0.003528 412.32 1.00
E 37 40 0.028466 0.004590 447.26 5.28
E 37 41 0.030478 0.007773 415.88 0.36
E 37 42 0.028987 0.003772 428.99 1.57
E 37 44 0.029857 0.003290 460.48 2.02
E 37 45 0.030178 0.003852 463.28 3.93
E 37 46 0.029131 0.003910 443.61 1.04
E 37 47 0.024406 0.005077 359.31 1.30
E 37 48 0.028315 0.004138 419.99 1.10
E 37 50 0.029672 0.007353 450.07 1.95
E 37 51 0.028078 0.005038 420.11 0.07
E 37 52 0.029715 0.004537 417.76 1.84
E 37 54 0.028767 0.004119 392.71 3.12
E 37 57 0.029189 0.003615 418.05 74.61
E 37 58 0.029261 0.003877 412.65 1.10
E 37 59 0.028065 0.004435 430.92 0.35
E 37 60 0.029960 0.006591 403.76 2.04
E 37 61 0.026598 0.004838 398.44 1.08
E 37 62 0.029345 0.003646 503.23 3.33
E 37 64 0.028563 0.004357 379.77 1.17
E 37 65 0.030364 0.008835 439.89 2.51
E 37 66 0.030672 0.007412 439.18 1.81
E 37 68 0.028380 0.003864 427.42 2.28
E 37 69 0.029667 0.003013 417.56 2.52
E 37 73 0.028440 0.005624 426.60 6.32
E 37 75 0.029972 0.006173 421.29 13.71
E 37 76 0.028593 0.004328 446.87 2.18
E 37 77 0.028443 0.003992 412.57 2.52
E 37 80 0.024937 0.004541 388.12 0.29
E 37 82 0.030414 0.003327 456.92 1.06
E 37 85 0.021979 0.005348 350.96 0.56
E 37 88 0.023413 0.004773 363.46 0.24
E 37 90 0.027313 0.002917 386.34 2.28
E 38 40 0.019424 0.004203 285.87 1.27
E 38 41 0.027930 0.006420 370.54 1.34
E 38 46 0.023244 0.002374 351.29 4.68
E 38 47 0.020582 0.004162 347.16 0.62
E 38 48 0.028851 0.002953 424.19 4.73
E 38 58 0.022826 0.003575 327.62 0.72
E 38 59 0.027558 0.004234 384.37 0.26
E 38 61 0.028933 0.005171 435.18 0.78
E 38 64 0.023978 0.002092 308.49 0.70
E 38 68 0.024092 0.001492 345.65 0.49
E 38 73 0.025559 0.003616 2672.00 0.54
E 38 80 0.024251 0.002434 355.26 0.60
E 38 85 0.018099 0.004621 310.99 0.90
E 38 86 0.014734 0.003364 225.69 0.46
E 38 88 0.019781 0.005366 343.18 0.59
E 39 41 0.024674 0.003251 357.30 0.91
E 39 42 0.021775 0.001274 340.18 4.35
E 39 45 0.027516 0.003612 436.95 2.96
E 39 47 0.027182 0.002766 439.22 2.04
E 39 51 0.026422 0.005766 417.09 0.60
E 39 54 0.022427 0.001271 338.50 39.01
E 39 57 0.024558 0.004188 396.00 31.76
E 39 59 0.025940 0.004679 374.39 0.69
E 39 60 0.025381 0.004328 371.56 0.80
E 39 61 0.025876 0.004359 394.66 1.39
E 39 62 0.023378 0.001244 306.08 14.46
E 39 68 0.022682 0.001340 357.00 0.99
E 39 73 0.028045 0.005427 409.98 1.02
E 39 80 0.025044 0.004420 407.86 2.50
E 39 90 0.021782 0.002874 345.50 2.92
E 40 41 0.028929 0.007472 408.52 0.06
E 40 42 0.030195 0.006049 445.31 3.28
E 40 44 0.002577 0.000000 264.00 0.65
E 40 45 0.028141 0.003675 399.33 0.23
E 40 47 0.020473 0.004686 315.34 0.41
E 40 48 0.027044 0.001803 369.90 2.50
E 40 50 0.024407 0.004400 380.60 1.12
E 40 52 0.029295 0.005388 446.67 2.15
E 40 53 0.020158 0.004608 323.46 8.74
E 40 57 0.028736 0.003714 415.91 5.50
E 40 58 0.024745 0.003668 378.77 1.65
E 40 59 0.027078 0.003234 386.27 0.42
E 40 60 0.031102 0.006602 459.83 0.20
E 40 61 0.029268 0.005698 406.53 0.29
E 40 62 0.030449 0.005936 487.20 1.57
E 40 64 0.024715 0.003676 389.75 1.74
E 40 66 0.030670 0.005699 474.03 2.13
E 40 69 0.002577 0.000000 264.00 0.53
E 40 73 0.030364 0.005745 419.64 0.96
E 40 75 0.029743 0.005917 444.72 1.79
E 40 76 0.026046 0.004203 376.18 2.66
E 40 80 0.022252 0.002061 385.48 16.03
E 40 84 0.021963 0.003361 387.08 0.72
E 40 85 0.020688 0.003763 337.70 1.27
E 40 86 0.019261 0.005578 316.69 0.35
E 40 88 0.020846 0.004993 348.32 4.04
E 41 42 0.030875 0.006869 536.08 7.58
E 41 44 0.024079 0.004228 369.92 6.45
E 41 45 0.029602 0.004834 463.04 0.08
E 41 46 0.030875 0.006869 436.93 0.89
E 41 47 0.029955 0.007253 455.09 0.06
E 41 48 0.027164 0.004986 389.97 0.89
E 41 50 0.025515 0.005108 403.00 0.19
E 41 52 0.025962 0.004579 394.73 0.81
E 41 53 0.025278 0.005993 396.20 0.68
E 41 54 0.025617 0.004123 400.08 2.88
E 41 57 0.025917 0.004780 397.44 18.53
E 41 58 0.028525 0.007222 428.50 0.38
E 41 59 0.026628 0.005316 393.01 0.53
E 41 60 0.027353 0.005237 414.87 0.04
E 41 61 0.027006 0.005064 404.46 0.05
E 41 64 0.026785 0.005663 400.00 0.37
E 41 65 0.025738 0.006073 397.57 0.90
E 41 66 0.027183 0.005814 410.32 0.81
E 41 68 0.026694 0.004290 403.12 0.01
E 41 73 0.028101 0.005560 415.00 0.21
E 41 75 0.025698 0.005032 373.40 2.92
E 41 76 0.026561 0.005451 393.29 2.49
E 41 77 0.026613 0.004297 397.10 0.91
E 41 85 0.028870 0.007250 418.36 0.50
E 41 86 0.023612 0.004564 328.66 0.46
E 41 88 0.028871 0.007250 421.30 1.43
E 42 44 0.002513 0.000000 256.00 4.65
E 42 45 0.027116 0.003053 406.87 3.01
E 42 46 0.020386 0.000666 316.84 4.32
E 42 47 0.028425 0.003682 397.58 3.71
E 42 48 0.025951 0.003628 402.47 4.29
E 42 50 0.030612 0.005705 389.32 4.21
E 42 51 0.027341 0.004523 391.65 2.48
E 42 52 0.027398 0.004224 406.19 4.00
E 42 54 0.022479 0.001116 357.51 16.35
E 42 57 0.024851 0.004136 376.05 3.65
E 42 58 0.025391 0.004598 386.41 4.39
E 42 59 0.028708 0.003373 440.54 12.28
E 42 60 0.026315 0.004911 407.36 2.58
E 42 61 0.026039 0.004626 414.30 3.59
E 42 62 0.024461 0.001508 387.69 11.10
E 42 64 0.033757 0.000904 636.31 4.35
E 42 65 0.026910 0.007442 406.63 4.33
E 42 66 0.028087 0.006210 394.40 4.02
E 42 68 0.022664 0.001336 358.12 10.68
E 42 69 0.026635 0.000678 306.01 5.01
E 42 73 0.030279 0.005451 422.79 3.78
E 42 75 0.029536 0.004334 349.74 3.08
E 42 76 0.025955 0.003349 379.72 2.77
E 42 77 0.023283 0.002577 359.66 4.34
E 42 80 0.025217 0.004997 390.88 2.35
E 42 82 0.020472 0.000534 324.63 3.02
E 42 88 0.027448 0.004477 380.49 1.56
E 42 90 0.020200 0.003107 329.98 0.67
E 43 49 0.019004 0.003740 297.39 14.63
E 43 54 0.026465 0.004119 389.89 40.04
E 43 55 0.019507 0.003871 318.35 0.73
E 43 56 0.019582 0.003895 315.85 1.20
E 43 62 0.020618 0.002454 306.34 14.55
E 43 63 0.019508 0.005075 304.02 7.98
E 43 67 0.022563 0.004793 361.18 0.29
E 43 72 0.019498 0.003656 315.47 4.27
E 43 74 0.022151 0.004655 366.27 3.62
E 43 78 0.020001 0.003893 336.25 5.30
E 43 79 0.019352 0.003810 285.82 29.94
E 43 81 0.019574 0.003879 294.20 0.32
E 43 83 0.021482 0.003711 341.64 0.10
E 43 87 0.022172 0.004528 344.40 26.24
E 44 45 0.023460 0.004537 373.05 4.01
E 44 47 0.027822 0.004353 462.56 9.98
E 44 48 0.027240 0.005122 417.23 2.30
E 44 49 0.024260 0.003505 424.36 25.65
E 44 50 0.023605 0.004956 355.07 0.86
E 44 51 0.027162 0.005735 383.94 0.67
E 44 52 0.027035 0.004447 397.36 1.91
E 44 57 0.027583 0.001993 423.66 76.20
E 44 58 0.023321 0.004636 344.59 2.11
E 44 59 0.026126 0.005749 399.79 1.22
E 44 60 0.029708 0.004794 498.04 30.33
E 44 62 0.023072 0.001781 410.27 2.68
E 44 64 0.023527 0.004537 377.68 2.06
E 44 66 0.030384 0.004975 463.29 1.90
E 44 67 0.028332 0.004621 501.22 2.08
E 44 69 0.023594 0.004566 366.82 4.59
E 44 70 0.023684 0.004844 352.56 21.64
E 44 71 0.023604 0.004536 359.57 6.04
E 44 73 0.027666 0.005017 403.78 15.29
E 44 74 0.025278 0.005767 372.56 113.09
E 44 75 0.025117 0.004924 382.94 3.71
E 44 76 0.024643 0.004784 364.83 2.71
E 44 83 0.023755 0.004591 358.01 0.45
E 44 84 0.023716 0.004894 347.84 9.31
E 45 46 0.027180 0.003362 393.66 15.17
E 45 47 0.028251 0.002510 439.02 0.42
E 45 48 0.029471 0.004918 417.06 14.96
E 45 49 0.009236 0.000800 864.00 12.94
E 45 50 0.023684 0.004462 371.66 3.07
E 45 51 0.026981 0.004307 407.55 1.64
E 45 52 0.026541 0.004542 419.62 12.66
E 45 54 0.026993 0.003711 445.44 4.45
E 45 57 0.027355 0.003951 450.19 32.87
E 45 58 0.026942 0.004223 400.15 14.51
E 45 59 0.028152 0.004427 374.87 5.02
E 45 60 0.030936 0.007554 443.66 0.11
E 45 61 0.030364 0.005766 411.77 0.71
E 45 62 0.027563 0.001611 437.00 2.06
E 45 64 0.026887 0.003222 387.13 14.23
E 45 65 0.027853 0.007940 432.32 15.19
E 45 66 0.030148 0.005448 462.88 12.54
E 45 68 0.027051 0.003315 470.19 0.28
E 45 69 0.029566 0.004289 404.83 0.89
E 45 71 0.021734 0.004916 363.48 0.03
E 45 73 0.031233 0.006203 435.13 13.30
E 45 74 0.022434 0.005010 363.73 2.20
E 45 75 0.025306 0.004948 404.18 14.63
E 45 76 0.025307 0.005251 382.35 3.58
E 45 77 0.027050 0.003315 419.89 15.27
E 45 80 0.028071 0.003828 429.34 25.31
E 45 82 0.028592 0.002896 386.65 2.36
E 45 83 0.021101 0.004989 324.57 0.01
E 45 87 0.021663 0.005071 339.41 4.31
E 45 88 0.028216 0.007066 424.83 0.86
E 45 90 0.025618 0.002917 454.29 3.41
E 46 47 0.027191 0.002568 400.42 2.00
E 46 51 0.027468 0.004934 449.63 0.60
E 46 54 0.022467 0.001116 350.65 13.51
E 46 57 0.024704 0.003836 375.44 34.87
E 46 59 0.028263 0.003324 448.91 1.13
E 46 60 0.025878 0.004427 408.92 0.87
E 46 61 0.026143 0.004681 394.88 1.36
E 46 62 0.024259 0.001085 364.90 14.08
E 46 68 0.022710 0.001383 365.58 0.96
E 46 73 0.030280 0.005451 401.33 1.07
E 46 80 0.025257 0.005171 359.14 2.39
E 46 90 0.020479 0.003089 320.46 2.94
E 47 48 0.029606 0.004975 402.45 1.95
E 47 50 0.028381 0.006213 392.60 0.77
E 47 51 0.028028 0.003844 468.53 2.92
E 47 52 0.028722 0.004805 448.87 1.47
E 47 54 0.024842 0.001502 397.64 5.20
E 47 57 0.028725 0.003259 425.44 106.37
E 47 58 0.026259 0.004510 402.98 0.86
E 47 59 0.028432 0.004514 455.74 0.09
E 47 60 0.030502 0.006152 461.61 0.04
E 47 61 0.028061 0.004482 402.40 0.02
E 47 62 0.030871 0.005683 467.63 4.27
E 47 64 0.025714 0.003392 417.12 0.92
E 47 65 0.029913 0.010968 453.38 2.01
E 47 66 0.030323 0.005955 436.02 1.45
E 47 68 0.027191 0.002568 392.25 2.28
E 47 69 0.025448 0.001950 496.63 5.96
E 47 73 0.030316 0.005814 426.23 210.43
E 47 75 0.028473 0.004216 448.86 30.64
E 47 76 0.026843 0.003799 413.71 9.79
E 47 77 0.027182 0.002766 429.95 2.02
E 47 80 0.024031 0.003115 451.70 2.87
E 47 82 0.028022 0.003084 371.20 0.59
E 47 85 0.019205 0.004854 301.22 0.39
E 47 88 0.020215 0.004630 316.57 0.52
E 47 90 0.029178 0.002917 472.47 2.47
E 48 51 0.027181 0.006267 394.00 0.64
E 48 54 0.025719 0.003697 398.41 30.13
E 48 57 0.025774 0.004091 411.69 39.07
E 48 59 0.026782 0.004803 418.02 0.68
E 48 60 0.027019 0.005341 405.75 0.94
E 48 61 0.025998 0.004201 384.76 1.34
E 48 62 0.031891 0.003392 451.57 13.15
E 48 68 0.025719 0.003541 382.55 0.95
E 48 73 0.028169 0.005288 420.06 1.12
E 48 75 0.028371 0.006386 452.07 3.18
E 48 76 0.025203 0.004320 383.69 1.87
E 48 80 0.025839 0.003919 393.01 2.35
E 48 90 0.025297 0.003380 381.29 2.95
E 49 51 0.023582 0.002035 412.83 171.86
E 49 55 0.018574 0.001250 308.57 49.85
E 49 56 0.018680 0.001461 294.36 22.15
E 49 62 0.021651 0.003315 374.43 9.19
E 49 63 0.019743 0.006129 300.33 84.79
E 49 67 0.021989 0.004646 350.01 3.57
E 49 69 0.022835 0.004206 336.83 21.21
E 49 71 0.022145 0.004070 362.74 9.01
E 49 72 0.017181 0.000478 269.91 113.17
E 49 74 0.022886 0.005198 381.11 3.54
E 49 76 0.002321 0.000000 232.00 1018.16
E 49 78 0.019745 0.003784 303.16 3.07
E 49 79 0.018456 0.001163 273.41 2.42
E 49 81 0.018685 0.001365 309.33 18.31
E 49 83 0.021493 0.003635 305.41 4.50
E 49 87 0.021390 0.003816 340.63 0.19
E 49 89 0.007619 0.001152 720.00 0.02
E 50 51 0.026856 0.005277 417.51 0.66
E 50 53 0.026371 0.005993 377.60 2.80
E 50 57 0.028739 0.005928 423.98 92.72
E 50 59 0.026555 0.005825 385.47 0.50
E 50 60 0.030645 0.005821 435.75 0.81
E 50 61 0.030816 0.006207 464.33 0.61
E 50 62 0.028964 0.004113 415.77 7.35
E 50 69 0.022282 0.004322 364.41 0.86
E 50 70 0.022556 0.004360 347.32 31.24
E 50 73 0.027404 0.004884 405.34 0.83
E 50 75 0.025906 0.005251 401.44 1.12
E 50 76 0.024731 0.004447 364.27 0.81
E 50 84 0.021521 0.004192 350.19 33.24
E 50 86 0.029892 0.005699 358.81 0.70
E 50 88 0.029347 0.007066 456.49 0.63
E 51 52 0.027359 0.005379 423.66 0.86
E 51 54 0.026635 0.005230 400.79 2.85
E 51 57 0.026405 0.005214 410.80 21.39
E 51 58 0.026848 0.005802 372.81 0.50
E 51 60 0.026967 0.005605 409.18 1.12
E 51 61 0.026984 0.005968 439.43 4.80
E 51 62 0.028447 0.006396 411.92 7.49
E 51 64 0.027043 0.005818 410.84 0.54
E 51 65 0.026793 0.006643 410.05 0.63
E 51 66 0.027463 0.005628 418.47 0.86
E 51 67 0.022966 0.002775 363.06 0.06
E 51 68 0.026966 0.006001 403.58 0.62
E 51 69 0.027321 0.005829 405.65 1.54
E 51 70 0.006019 0.000320 520.00 21.08
E 51 71 0.026915 0.005205 421.81 0.83
E 51 73 0.028029 0.005741 410.23 5.98
E 51 74 0.024080 0.005427 400.37 6.83
E 51 75 0.027294 0.005685 409.11 2.18
E 51 76 0.027555 0.006175 398.28 0.26
E 51 77 0.026848 0.006066 404.25 0.62
E 51 78 0.051736 0.000000 701.98 0.80
E 51 79 0.030706 0.002307 724.50 14.45
E 51 80 0.027051 0.005676 417.03 0.51
E 51 82 0.028526 0.007075 444.14 0.21
E 51 83 0.017958 0.002880 1780.00 0.45
E 51 84 0.027025 0.005369 379.13 3.89
E 51 87 0.022728 0.003392 2260.00 94.67
E 52 54 0.025858 0.004143 400.25 5.36
E 52 57 0.026627 0.004373 406.05 83.87
E 52 59 0.026902 0.004996 392.04 0.63
E 52 60 0.027074 0.005077 414.49 1.79
E 52 61 0.027256 0.005437 416.00 1.19
E 52 62 0.030277 0.006558 431.73 5.75
E 52 68 0.026476 0.004273 398.66 1.37
E 52 69 0.033946 0.007274 516.54 2.06
E 52 73 0.028416 0.005739 422.11 1.93
E 52 74 0.025230 0.003566 413.70 2.46
E 52 75 0.026789 0.005179 426.97 2.49
E 52 76 0.026774 0.004055 418.64 1.48
E 52 80 0.027705 0.004474 437.72 3.44
E 52 88 0.030099 0.006251 420.18 0.66
E 52 90 0.027242 0.005060 399.46 3.64
E 53 58 0.023833 0.003705 360.61 2.40
E 53 59 0.025560 0.003104 426.03 0.53
E 53 60 0.030706 0.005993 431.04 4.07
E 53 64 0.025865 0.004041 391.53 2.43
E 53 70 0.021241 0.004515 306.17 27.04
E 53 75 0.028615 0.004438 487.44 19.73
E 53 76 0.026956 0.004952 441.00 10.16
E 53 84 0.022337 0.004169 334.29 6.28
E 53 85 0.021138 0.005209 302.34 0.75
E 53 86 0.015317 0.001851 245.71 0.80
E 53 88 0.022131 0.006737 353.59 0.23
E 54 55 0.025165 0.002638 412.82 2.75
E 54 56 0.026465 0.002318 491.81 44.14
E 54 57 0.023861 0.003876 359.21 0.72
E 54 59 0.026769 0.004831 402.42 0.64
E 54 60 0.025802 0.004216 408.77 50.16
E 54 61 0.025640 0.004592 394.67 5.07
E 54 62 0.022225 0.000905 346.23 15.68
E 54 63 0.025448 0.002092 406.94 14.72
E 54 65 0.026616 0.007438 407.02 54.47
E 54 68 0.022593 0.001207 354.81 4.33
E 54 72 0.025448 0.002092 360.92 31.33
E 54 73 0.028036 0.006054 430.78 4.96
E 54 74 0.025617 0.002798 406.00 12.00
E 54 77 0.023529 0.002909 372.19 56.39
E 54 78 0.025859 0.004485 391.25 0.51
E 54 79 0.023580 0.002621 353.72 2.51
E 54 80 0.023570 0.003166 358.36 4.07
E 54 81 0.025165 0.003844 450.24 4.92
E 54 82 0.022459 0.001126 348.83 5.34
E 54 83 0.025753 0.002375 506.81 10.79
E 54 87 0.023583 0.008480 697.09 3.28
E 55 56 0.017257 0.000712 280.16 0.70
E 55 63 0.018843 0.004715 305.55 0.99
E 55 67 0.022327 0.004613 373.22 2.63
E 55 72 0.016295 0.000511 262.95 0.42
E 55 74 0.023507 0.006506 347.79 5.73
E 55 78 0.019670 0.003292 314.97 2.80
E 55 79 0.016179 0.000602 253.11 43.28
E 55 81 0.017897 0.001604 279.27 1.86
E 55 83 0.020141 0.002713 359.49 0.80
E 55 87 0.024057 0.006038 384.04 182.00
E 56 62 0.020744 0.002076 354.12 1.85
E 56 63 0.019000 0.005100 318.31 8.66
E 56 67 0.022520 0.004740 358.87 0.17
E 56 72 0.017105 0.000617 274.01 4.82
E 56 74 0.024119 0.006888 386.13 3.69
E 56 78 0.019770 0.003580 316.28 5.83
E 56 79 0.016959 0.000523 261.92 25.19
E 56 81 0.017768 0.001431 298.56 0.99
E 56 83 0.020405 0.002926 355.79 0.13
E 56 87 0.022172 0.004528 384.53 40.73
E 57 58 0.027773 0.003702 422.58 63.70
E 57 59 0.026819 0.004940 397.67 32.37
E 57 60 0.027198 0.004800 415.00 34.52
E 57 61 0.026565 0.004699 394.14 61.35
E 57 62 0.030991 0.005863 387.35 3.71
E 57 64 0.027859 0.003157 457.47 69.23
E 57 65 0.026872 0.007651 393.21 34.50
E 57 66 0.027782 0.005350 398.66 86.24
E 57 68 0.024920 0.004106 387.16 23.21
E 57 69 0.028366 0.001621 424.99 62.81
E 57 73 0.028105 0.005460 439.53 66.98
E 57 75 0.029394 0.006309 480.40 2.14
E 57 76 0.027987 0.003975 422.44 10.64
E 57 77 0.024825 0.004011 379.73 33.06
E 57 80 0.025117 0.004110 400.05 53.78
E 57 82 0.023972 0.004099 374.49 28.78
E 57 88 0.030161 0.007066 449.95 25.46
E 57 90 0.023587 0.003925 371.76 6.64
E 58 59 0.026849 0.003940 393.00 0.18
E 58 60 0.030467 0.005636 456.21 5.35
E 58 61 0.029712 0.005359 453.44 1.11
E 58 62 0.026379 0.007123 503.34 13.35
E 58 69 0.018691 0.003731 323.49 2.27
E 58 70 0.018904 0.003624 323.21 23.35
E 58 73 0.029877 0.004364 415.05 1.15
E 58 75 0.025626 0.005437 391.23 1.34
E 58 76 0.024836 0.004494 362.70 0.82
E 58 84 0.019598 0.003788 322.81 35.22
E 58 86 0.024060 0.003552 352.50 0.67
E 58 88 0.025215 0.007203 402.73 0.60
E 59 60 0.027352 0.005161 433.71 1.60
E 59 61 0.026722 0.004537 419.30 0.12
E 59 64 0.026355 0.004301 382.95 0.17
E 59 65 0.026771 0.005293 404.11 0.08
E 59 66 0.027888 0.005978 434.30 0.10
E 59 68 0.026703 0.004783 400.41 0.05
E 59 73 0.028069 0.005459 429.60 0.01
E 59 75 0.027040 0.005730 406.31 0.05
E 59 76 0.026758 0.004965 387.66 0.16
E 59 77 0.026745 0.004854 409.38 0.02
E 59 82 0.025949 0.005641 421.37 0.01
E 59 85 0.026668 0.005464 407.91 0.24
E 59 86 0.025326 0.002326 357.59 0.72
E 59 88 0.026883 0.006213 442.19 0.62
E 60 61 0.026952 0.004832 408.15 0.07
E 60 62 0.029090 0.003943 485.95 2.20
E 60 64 0.031263 0.006375 470.45 5.25
E 60 65 0.025930 0.005790 385.14 6.32
E 60 66 0.028180 0.006488 437.12 5.31
E 60 68 0.025707 0.004348 376.76 0.56
E 60 69 0.029940 0.005681 460.38 9.10
E 60 70 0.029793 0.005792 426.83 3.78
E 60 73 0.027987 0.005352 450.01 1.11
E 60 75 0.031662 0.006798 447.18 9.03
E 60 76 0.027901 0.005268 414.91 4.85
E 60 77 0.025596 0.004348 373.15 6.35
E 60 80 0.025747 0.004158 385.45 1.02
E 60 82 0.025282 0.004410 388.04 1.54
E 60 84 0.028128 0.001018 430.56 18.17
E 60 86 0.026678 0.002290 401.62 0.33
E 60 88 0.030116 0.007066 443.29 0.77
E 60 90 0.024426 0.003424 360.92 3.84
E 61 62 0.027311 0.001085 478.06 3.21
E 61 64 0.029848 0.005616 399.68 1.10
E 61 65 0.026353 0.006659 408.90 1.38
E 61 66 0.028096 0.006309 425.66 1.19
E 61 68 0.026111 0.004622 415.38 1.14
E 61 73 0.028026 0.005354 400.69 0.24
E 61 75 0.030597 0.005463 432.41 10.22
E 61 76 0.030723 0.005672 410.57 8.26
E 61 77 0.026048 0.004626 385.92 1.39
E 61 80 0.025878 0.004103 394.92 0.86
E 61 82 0.025861 0.004275 392.22 0.53
E 61 85 0.030173 0.005796 461.69 0.52
E 61 88 0.030172 0.007958 443.97 0.52
E 61 90 0.025194 0.003786 382.50 2.53
E 62 63 0.020710 0.004473 331.24 8.84
E 62 64 0.033757 0.001085 408.12 2.25
E 62 65 0.025221 0.005427 353.58 2.22
E 62 66 0.030815 0.006614 500.93 2.43
E 62 67 0.022849 0.004802 378.75 5.44
E 62 68 0.023666 0.001357 371.03 2.23
E 62 69 0.021574 0.001313 365.44 2.59
E 62 71 0.019850 0.003369 323.67 23.48
E 62 72 0.020529 0.001662 267.94 2.01
E 62 73 0.028514 0.001792 474.13 4.89
E 62 75 0.029592 0.004471 426.39 4.19
E 62 76 0.027268 0.004749 365.64 3.82
E 62 77 0.024259 0.004749 571.61 2.22
E 62 78 0.020865 0.004868 317.41 44.32
E 62 79 0.020602 0.001726 327.95 13.61
E 62 80 0.024327 0.001425 403.97 2.32
E 62 81 0.020358 0.001941 351.08 9.49
E 62 82 0.023378 0.001260 371.06 2.21
E 62 87 0.021242 0.004011 328.97 46.01
E 62 88 0.030479 0.006105 339.51 7.85
E 62 90 0.023378 0.002917 426.30 21.09
E 63 67 0.022408 0.006358 338.89 1.45
E 63 72 0.018742 0.004395 293.10 1.59
E 63 74 0.023312 0.006552 312.46 4.23
E 63 78 0.019587 0.004667 315.09 1.66
E 63 79 0.019013 0.005094 306.24 170.23
E 63 81 0.018696 0.004712 292.45 2.75
E 63 83 0.020470 0.002394 340.97 0.36
E 63 87 0.024176 0.006360 482.09 45.86
E 64 69 0.022683 0.004015 329.50 2.22
E 64 70 0.022417 0.003452 354.41 23.59
E 64 73 0.027815 0.004768 415.37 1.23
E 64 75 0.025726 0.005321 386.57 1.42
E 64 76 0.024799 0.004693 378.43 1.47
E 64 84 0.022931 0.003820 377.72 35.19
E 64 86 0.025617 0.003324 406.94 0.67
E 64 88 0.026186 0.006385 393.41 0.60
E 65 68 0.026401 0.006569 394.41 1.02
E 65 73 0.028113 0.006704 403.20 2.62
E 65 80 0.026365 0.006553 408.26 2.51
E 65 90 0.026754 0.007252 400.89 2.93
E 66 68 0.028101 0.006323 419.06 1.39
E 66 69 0.030931 0.004664 414.49 2.04
E 66 73 0.028298 0.005950 417.16 1.89
E 66 75 0.029496 0.006784 439.64 2.45
E 66 76 0.027897 0.005353 392.21 1.46
E 66 80 0.028115 0.006338 405.83 3.48
E 66 88 0.032009 0.007149 426.74 0.66
E 66 90 0.027598 0.006229 390.94 3.75
E 67 69 0.021322 0.000396 310.48 2.02
E 67 71 0.020959 0.003935 321.14 1.06
E 67 74 0.022573 0.004980 360.12 9.23
E 67 78 0.022140 0.004337 344.53 56.49
E 67 79 0.022359 0.004739 358.99 0.86
E 67 81 0.022242 0.004494 341.32 0.37
E 67 83 0.022067 0.004852 357.84 0.96
E 67 87 0.021797 0.004813 335.90 122.59
E 67 89 0.019687 0.005138 326.88 0.78
E 68 73 0.028027 0.005354 416.37 10.70
E 68 77 0.023202 0.002456 381.50 1.01
E 68 80 0.025212 0.004683 413.49 11.62
E 68 82 0.022705 0.001401 347.50 0.39
E 68 90 0.022880 0.002529 345.73 2.42
E 69 70 0.018849 0.002310 311.57 16.98
E 69 71 0.022063 0.003943 352.97 2.60
E 69 73 0.028783 0.001865 491.02 18.48
E 69 75 0.025709 0.004965 397.05 4.44
E 69 76 0.024440 0.004342 361.24 3.27
E 69 79 0.001841 0.000000 172.00 28.47
E 69 83 0.003522 0.000096 324.00 0.26
E 69 84 0.018155 0.002455 274.21 7.87
E 69 87 0.025957 0.006784 363.12 10.58
E 70 75 0.028925 0.006546 438.65 3.00
E 70 76 0.026635 0.003947 401.71 4.24
E 70 84 0.017930 0.001622 277.99 0.99
E 70 86 0.019462 0.004507 318.54 1.56
E 71 74 0.022119 0.003758 321.02 82.27
E 71 75 0.024813 0.005570 373.71 3.15
E 71 78 0.023327 0.005046 362.37 1.66
E 71 79 0.022112 0.002601 342.46 11.24
E 71 83 0.019654 0.003421 318.59 0.08
E 71 87 0.021642 0.004566 328.51 23.36
E 72 74 0.023312 0.006552 364.58 2.66
E 72 78 0.019798 0.003340 304.02 17.49
E 72 79 0.015866 0.000387 247.14 444.62
E 72 81 0.017881 0.001573 283.41 1.23
E 72 83 0.020032 0.002126 284.95 0.22
E 72 87 0.024176 0.006360 477.68 219.72
E 73 75 0.027710 0.005458 416.19 0.68
E 73 76 0.028129 0.005436 400.27 3.61
E 73 77 0.028038 0.005438 444.75 2.64
E 73 80 0.027946 0.005316 397.81 1.44
E 73 82 0.030556 0.004982 432.74 0.29
E 73 88 0.028626 0.006251 407.71 0.47
E 73 90 0.028628 0.002917 361.33 2.54
E 74 75 0.024800 0.006002 394.20 1.96
E 74 78 0.022739 0.005013 351.23 12.56
E 74 79 0.024343 0.007038 395.27 2.66
E 74 81 0.022678 0.005068 350.33 2.28
E 74 83 0.022349 0.004559 340.22 2.52
E 74 87 0.022455 0.004777 362.33 2.28
E 75 76 0.025801 0.005264 390.02 0.20
E 75 83 0.024148 0.004240 394.12 0.52
E 75 84 0.024986 0.005082 379.79 71.36
E 75 88 0.029536 0.007066 454.48 0.91
E 76 84 0.024131 0.004369 367.53 36.08
E 76 86 0.027382 0.005088 373.01 0.82
E 76 88 0.028216 0.007066 428.17 0.54
E 77 80 0.024567 0.003680 359.25 2.52
E 77 90 0.023286 0.002664 368.56 2.93
E 78 79 0.019973 0.003589 298.50 13.52
E 78 81 0.019675 0.003467 312.86 12.50
E 78 83 0.021881 0.004198 360.01 2.96
E 78 87 0.021177 0.004283 349.49 3.97
E 79 81 0.017738 0.001392 287.24 26.07
E 79 83 0.020384 0.002742 343.64 25.75
E 79 87 0.022426 0.005902 398.87 328.39
E 80 82 0.024951 0.004579 379.40 2.58
E 80 90 0.025144 0.004868 376.45 3.02
E 81 83 0.021497 0.005573 370.40 0.20
E 81 87 0.024057 0.006038 348.32 28.27
E 82 90 0.020013 0.002936 330.01 2.90
E 83 87 0.021433 0.004194 326.39 5.15
E 83 89 0.019781 0.003300 326.80 2.71
E 84 86 0.017871 0.003053 279.52 16.49
E 85 86 0.020042 0.006578 344.18 1.46
E 85 88 0.018240 0.005079 279.14 0.59
E 86 88 0.023299 0.005964 394.41 7.53
END

SECTION Terminals
Root 11
Terminals 31
T 90
T 57
T 33
T 4
T 38
T 36
T 88
T 17
T 35
T 46
T 21
T 53
T 2
T 22
T 58
T 64
T 10
T 24
T 47
T 44
T 62
T 43
T 71
T 25
T 77
T 29
T 66
T 20
T 28
T 52
T 79
END

EOF