SECTION Comment
CREATOR "Carlos Araujo"
REMARK "Instance for QoS Multicast Routing Problem"
QoS METRICS "delay, jitter, bandwidth and estimate of link duration"
END

SECTION Graph
Nodes 90
Edges 1517

E 1 2 0.026854 0.005297 394.06 0.44
E 1 5 0.028178 0.004930 448.50 7.26
E 1 6 0.028093 0.005690 401.36 11.66
E 1 7 0.026047 0.005691 369.29 0.00
E 1 8 0.028400 0.005964 401.48 155.37
E 1 9 0.028695 0.006424 449.75 0.51
E 1 10 0.027761 0.005684 396.19 3.64
E 1 13 0.029009 0.005604 399.10 103.37
E 1 17 0.026149 0.006644 374.70 0.12
E 1 18 0.028118 0.005427 469.32 85.43
E 1 19 0.028311 0.005146 373.10 11.72
E 1 20 0.026697 0.005295 402.41 0.00
E 1 22 0.027029 0.005375 391.89 4.39
E 1 23 0.028022 0.004975 398.19 11.80
E 1 24 0.026428 0.005552 378.37 0.41
E 1 26 0.027251 0.003392 366.41 13.32
E 1 29 0.027903 0.004498 439.20 1.28
E 1 30 0.026697 0.005295 424.37 1.12
E 1 33 0.028077 0.004777 397.03 0.00
E 1 34 0.025844 0.005156 367.20 0.12
E 1 35 0.031529 0.007317 412.58 132.26
E 1 36 0.027623 0.008084 417.68 0.77
E 1 37 0.026516 0.005169 372.46 0.15
E 1 39 0.026471 0.005382 425.99 12.04
E 1 41 0.026582 0.005519 430.83 1.80
E 1 42 0.026760 0.004303 376.11 11.96
E 1 44 0.026830 0.004817 429.74 8.88
E 1 45 0.027747 0.005352 388.45 1.49
E 1 46 0.026759 0.004303 386.89 11.90
E 1 47 0.024613 0.004198 369.44 0.00
E 1 48 0.026851 0.005192 429.73 17.93
E 1 49 0.028727 0.004636 385.68 0.82
E 1 50 0.026418 0.005345 390.03 122.60
E 1 51 0.027440 0.005671 405.90 1.53
E 1 52 0.027163 0.005322 412.19 2.13
E 1 54 0.027037 0.005561 417.53 3.32
E 1 57 0.027077 0.005448 392.73 0.77
E 1 58 0.026998 0.004700 344.56 4.81
E 1 59 0.026432 0.005270 397.01 1.47
E 1 60 0.026695 0.005295 387.01 1.56
E 1 61 0.026826 0.005450 424.22 4.88
E 1 64 0.026097 0.004627 392.11 0.59
E 1 65 0.027110 0.006194 405.03 3.58
E 1 66 0.027012 0.005416 391.53 7.82
E 1 67 0.026567 0.002883 455.17 5.44
E 1 68 0.026934 0.005342 434.56 12.01
E 1 71 0.026568 0.002883 349.27 12.96
E 1 73 0.028092 0.006146 435.27 6.73
E 1 74 0.027906 0.006728 442.93 0.28
E 1 75 0.027001 0.005326 377.72 10.49
E 1 76 0.026497 0.004848 375.85 6.25
E 1 77 0.026835 0.005283 418.39 11.77
E 1 80 0.026794 0.006904 396.38 3.66
E 1 82 0.028060 0.003460 497.90 59.82
E 1 88 0.025843 0.004523 417.22 0.00
E 2 6 0.023407 0.002416 373.71 12.48
E 2 7 0.024176 0.002692 371.90 24.63
E 2 9 0.026901 0.005984 432.16 7.47
E 2 10 0.035964 0.003053 584.21 4.98
E 2 18 0.025371 0.004656 397.36 1.70
E 2 19 0.023455 0.002476 387.83 12.57
E 2 20 0.023453 0.002357 357.60 0.00
E 2 22 0.025384 0.003535 397.50 85.12
E 2 23 0.023475 0.002387 369.23 12.67
E 2 24 0.022429 0.002374 354.01 41.60
E 2 30 0.023433 0.002538 365.22 0.03
E 2 34 0.029729 0.004749 403.47 1.07
E 2 35 0.026127 0.005570 418.98 42.30
E 2 37 0.035792 0.005766 541.27 4.06
E 2 39 0.023407 0.002300 350.29 12.83
E 2 41 0.024509 0.003342 395.86 6.66
E 2 42 0.023492 0.002418 375.41 12.74
E 2 45 0.026263 0.004317 411.72 0.26
E 2 46 0.023492 0.002418 360.40 12.67
E 2 47 0.033420 0.000000 686.98 4.78
E 2 48 0.024744 0.003144 362.22 13.08
E 2 51 0.026116 0.005577 388.68 20.72
E 2 52 0.025325 0.003835 395.96 679.91
E 2 54 0.023818 0.002911 362.18 0.51
E 2 57 0.023863 0.004424 370.81 0.03
E 2 59 0.026154 0.005132 391.70 0.35
E 2 60 0.025285 0.004178 391.76 0.15
E 2 61 0.025030 0.004198 369.29 0.09
E 2 65 0.026468 0.006814 414.57 5.27
E 2 66 0.027069 0.005647 420.71 4.67
E 2 68 0.023482 0.002379 369.58 12.74
E 2 73 0.027919 0.006190 425.48 14.62
E 2 74 0.004930 0.000800 500.00 1.54
E 2 75 0.033420 0.001018 363.77 20.78
E 2 77 0.023433 0.002599 377.17 12.57
E 2 80 0.025253 0.005427 386.13 518.95
E 2 82 0.023435 0.002346 359.83 118.82
E 2 90 0.023511 0.002456 357.55 0.00
E 3 4 0.016057 0.001592 245.51 4.11
E 3 5 0.016686 0.001187 299.40 2.83
E 3 11 0.016716 0.003491 263.41 2.68
E 3 13 0.019524 0.004970 276.48 34.09
E 3 15 0.022857 0.006179 341.88 0.41
E 3 16 0.019165 0.001842 296.56 0.68
E 3 25 0.021461 0.004212 325.74 2.73
E 3 26 0.020989 0.002670 320.22 23.02
E 3 28 0.021254 0.002819 332.24 57.34
E 3 31 0.016998 0.003878 267.52 0.04
E 3 43 0.004674 0.001248 468.00 0.80
E 3 45 0.021170 0.004992 345.52 0.28
E 3 49 0.009059 0.001344 900.00 328.96
E 3 62 0.015843 0.001617 250.35 524.92
E 3 67 0.002033 0.000000 196.00 0.03
E 3 71 0.018940 0.003308 305.62 9.43
E 3 78 0.019851 0.001866 309.26 12.46
E 3 83 0.019779 0.003300 322.21 0.00
E 3 87 0.021435 0.004191 356.21 227.25
E 3 89 0.015172 0.002686 240.56 0.00
E 4 5 0.024681 0.005130 408.02 0.01
E 4 11 0.018335 0.004530 296.38 0.00
E 4 15 0.024077 0.007279 365.86 28.44
E 4 16 0.019896 0.002329 304.24 0.60
E 4 22 0.027198 0.010290 419.50 4.15
E 4 25 0.021380 0.004105 316.70 0.00
E 4 26 0.021169 0.002940 316.44 0.12
E 4 27 0.021827 0.002183 364.53 14.35
E 4 28 0.020810 0.002761 311.00 0.08
E 4 29 0.021337 0.002861 397.95 0.29
E 4 31 0.019044 0.004441 304.65 90.00
E 4 33 0.022865 0.005621 352.51 0.07
E 4 35 0.021947 0.005551 336.77 1.41
E 4 43 0.021621 0.002450 354.40 0.96
E 4 49 0.020940 0.002426 374.80 0.18
E 4 51 0.008707 0.000864 856.00 25.84
E 4 55 0.021955 0.002488 360.04 4.96
E 4 56 0.021182 0.002035 342.47 8.92
E 4 62 0.015481 0.001514 251.89 0.20
E 4 63 0.021688 0.005993 315.47 37.44
E 4 67 0.023119 0.004388 370.24 0.78
E 4 71 0.020832 0.004598 285.19 10.48
E 4 72 0.024891 0.004070 367.98 1.60
E 4 74 0.024558 0.006706 368.32 17.52
E 4 78 0.021040 0.005037 358.78 9.65
E 4 79 0.021510 0.002362 335.49 9.60
E 4 81 0.021279 0.002108 341.05 26.66
E 4 83 0.020736 0.004178 330.15 12.24
E 4 87 0.021207 0.004079 324.87 11.09
E 5 11 0.027653 0.000000 496.51 0.00
E 5 15 0.022694 0.005831 358.11 5.47
E 5 16 0.007186 0.002560 724.00 1.70
E 5 18 0.024170 0.005177 391.09 0.00
E 5 22 0.026000 0.003804 365.24 5.65
E 5 25 0.021874 0.003971 335.34 0.00
E 5 26 0.022148 0.003759 359.05 0.07
E 5 27 0.002225 0.000000 220.00 13.06
E 5 28 0.022431 0.002653 349.42 0.18
E 5 29 0.022052 0.003262 355.23 0.31
E 5 30 0.022904 0.000763 359.63 0.36
E 5 31 0.018878 0.002601 310.28 1.80
E 5 33 0.022873 0.006403 381.21 0.07
E 5 35 0.021812 0.004600 337.84 0.57
E 5 36 0.024466 0.006550 353.82 0.52
E 5 43 0.024597 0.006783 451.41 0.36
E 5 44 0.023515 0.004918 365.53 25.79
E 5 45 0.022135 0.004333 355.38 0.43
E 5 48 0.025515 0.002374 412.65 0.01
E 5 49 0.022044 0.003425 341.38 0.19
E 5 50 0.021416 0.003924 341.34 0.02
E 5 51 0.027321 0.005611 405.79 5.75
E 5 52 0.025727 0.003871 400.43 26.52
E 5 54 0.022606 0.001187 327.69 28.49
E 5 55 0.020869 0.001074 316.05 6.38
E 5 56 0.020866 0.001074 361.68 4.11
E 5 57 0.026367 0.006954 404.37 1.23
E 5 61 0.004482 0.000032 444.00 822.10
E 5 62 0.020865 0.001074 364.60 0.18
E 5 63 0.002225 0.000000 220.00 31.23
E 5 65 0.025243 0.005733 358.36 3.19
E 5 66 0.017062 0.000896 1668.00 0.26
E 5 67 0.022026 0.003436 345.50 0.72
E 5 69 0.020967 0.003040 342.08 1.28
E 5 71 0.021675 0.003953 348.59 5.31
E 5 72 0.002225 0.000000 220.00 0.88
E 5 74 0.024268 0.005936 387.96 21.81
E 5 78 0.002225 0.000000 220.00 4.86
E 5 79 0.020868 0.001074 311.42 4.06
E 5 81 0.020868 0.001074 299.63 24.53
E 5 83 0.020989 0.004532 314.73 105.44
E 5 87 0.021847 0.005297 383.88 0.46
E 6 7 0.025533 0.004107 396.10 22.52
E 6 9 0.028340 0.006463 420.28 14.68
E 6 10 0.028468 0.004952 397.59 0.15
E 6 18 0.024230 0.004831 395.27 15.56
E 6 20 0.023120 0.002078 371.96 2.14
E 6 22 0.026745 0.004147 397.95 13.77
E 6 24 0.022326 0.002216 378.40 37.31
E 6 30 0.022243 0.001024 340.71 9.69
E 6 34 0.023732 0.004936 368.66 5.28
E 6 35 0.023922 0.000169 441.04 12.82
E 6 37 0.027437 0.004780 408.95 24.06
E 6 41 0.029592 0.005156 457.78 34.65
E 6 45 0.026126 0.003816 393.00 32.30
E 6 47 0.022905 0.000170 370.70 22.50
E 6 48 0.024738 0.003029 377.28 57.95
E 6 51 0.028454 0.007046 436.60 5.76
E 6 52 0.025873 0.003967 388.98 28.47
E 6 54 0.022268 0.001111 357.14 0.66
E 6 57 0.023631 0.004122 374.91 43.16
E 6 59 0.027530 0.004030 425.94 2.73
E 6 60 0.025729 0.004484 401.25 52.39
E 6 61 0.025240 0.004262 393.77 21.41
E 6 65 0.026591 0.007013 421.32 0.09
E 6 66 0.027295 0.006236 408.26 1.13
E 6 80 0.024413 0.004198 359.86 4.83
E 6 82 0.021297 0.000599 361.17 2.33
E 6 90 0.021073 0.002026 329.77 5.69
E 7 8 0.026622 0.004735 443.17 20.51
E 7 9 0.027767 0.005463 402.45 0.05
E 7 10 0.025637 0.004831 400.71 15.04
E 7 13 0.027381 0.005291 382.92 20.54
E 7 17 0.025315 0.007243 402.81 15.04
E 7 18 0.023921 0.003256 332.47 0.35
E 7 19 0.025686 0.004240 374.24 22.69
E 7 20 0.024810 0.003748 386.54 0.00
E 7 22 0.025083 0.003366 420.27 0.30
E 7 23 0.025725 0.004214 392.55 22.84
E 7 24 0.025808 0.004922 404.83 10.54
E 7 30 0.024875 0.003627 381.10 2.38
E 7 32 0.026246 0.003780 389.41 0.36
E 7 34 0.026195 0.005312 389.44 3.03
E 7 36 0.024006 0.006805 340.16 0.59
E 7 37 0.024978 0.004773 374.02 15.28
E 7 38 0.027587 0.004770 392.79 0.33
E 7 39 0.024945 0.003562 371.91 22.73
E 7 40 0.028632 0.006030 387.52 12.69
E 7 41 0.027400 0.005094 428.93 0.27
E 7 42 0.025711 0.004142 373.98 22.56
E 7 44 0.021887 0.004494 311.24 8.65
E 7 45 0.028104 0.003279 406.34 3.69
E 7 46 0.025566 0.003811 398.66 22.40
E 7 47 0.026260 0.003991 371.93 0.04
E 7 48 0.024834 0.003285 379.58 0.24
E 7 50 0.022016 0.002035 329.10 0.14
E 7 51 0.026796 0.005821 394.54 1.58
E 7 52 0.025131 0.004166 415.26 0.33
E 7 54 0.024811 0.003612 362.30 2.51
E 7 57 0.024960 0.004077 370.03 41.05
E 7 58 0.027087 0.004183 364.31 0.11
E 7 59 0.026692 0.004705 404.39 0.63
E 7 60 0.025977 0.004601 388.59 26.09
E 7 61 0.025153 0.004133 392.50 2.62
E 7 64 0.022564 0.001866 374.52 8.19
E 7 65 0.026148 0.005790 391.58 3.50
E 7 66 0.027648 0.006803 424.29 1.46
E 7 68 0.024987 0.003877 396.04 22.04
E 7 73 0.027783 0.005894 414.25 20.64
E 7 75 0.023327 0.004028 374.13 0.24
E 7 76 0.023102 0.003486 344.05 22.72
E 7 77 0.025043 0.003957 361.29 22.53
E 7 80 0.025125 0.004070 377.54 0.66
E 7 82 0.024942 0.003640 392.14 1.41
E 7 85 0.025505 0.000452 330.38 14.53
E 7 90 0.025594 0.004104 395.47 0.00
E 8 9 0.028203 0.006136 415.92 123.94
E 8 10 0.023487 0.004261 369.74 0.08
E 8 12 0.026112 0.004391 401.14 0.02
E 8 14 0.022164 0.005359 330.49 0.02
E 8 17 0.025201 0.005897 376.57 25.62
E 8 20 0.023979 0.003279 408.25 6.03
E 8 21 0.026857 0.004644 411.73 0.03
E 8 22 0.026762 0.004474 374.16 1.46
E 8 24 0.029227 0.007818 453.27 25.42
E 8 32 0.026623 0.004497 386.58 6.68
E 8 36 0.023510 0.005252 369.94 56.55
E 8 37 0.026383 0.005167 395.73 12.95
E 8 38 0.026844 0.004737 417.37 4.62
E 8 41 0.028885 0.006092 422.80 21.54
E 8 44 0.022862 0.004305 359.80 0.08
E 8 45 0.028415 0.004919 402.11 141.40
E 8 47 0.026255 0.004439 457.67 18.29
E 8 48 0.026615 0.004371 397.11 20.55
E 8 50 0.022183 0.003537 354.77 195.55
E 8 51 0.027997 0.006784 440.27 4.58
E 8 52 0.025206 0.002255 490.37 13.27
E 8 53 0.027901 0.005898 422.99 12.88
E 8 57 0.028195 0.004546 342.52 19.56
E 8 58 0.021176 0.002791 330.52 8.03
E 8 59 0.027137 0.003849 406.82 14.88
E 8 60 0.029184 0.005373 415.99 22.32
E 8 61 0.028331 0.005584 420.67 20.95
E 8 64 0.022786 0.003382 359.60 6.95
E 8 66 0.029178 0.005306 402.50 1.10
E 8 69 0.021040 0.002527 318.57 2.16
E 8 70 0.018050 0.001994 272.82 22.34
E 8 75 0.024870 0.005433 390.99 3.32
E 8 84 0.021698 0.002803 343.53 3.18
E 8 88 0.026623 0.005967 403.92 5.73
E 9 10 0.027908 0.005407 410.72 20.76
E 9 12 0.025166 0.004070 407.33 157.41
E 9 13 0.026505 0.005904 393.49 124.93
E 9 14 0.029688 0.007937 528.17 145.84
E 9 17 0.027916 0.004944 431.03 5.06
E 9 18 0.021377 0.004965 322.00 1.15
E 9 19 0.028605 0.005569 438.82 165.88
E 9 20 0.028052 0.006184 433.39 0.00
E 9 21 0.025166 0.000565 605.27 31.04
E 9 23 0.028983 0.005726 431.21 166.77
E 9 24 0.029156 0.008141 420.83 0.57
E 9 25 0.019594 0.003074 335.02 2.45
E 9 26 0.020496 0.004132 346.19 0.44
E 9 27 0.019596 0.003074 315.22 127.31
E 9 29 0.019596 0.003074 319.13 388.02
E 9 32 0.027829 0.005088 432.07 1.37
E 9 34 0.028126 0.005427 397.74 1.26
E 9 35 0.019595 0.003074 328.65 0.08
E 9 36 0.025574 0.006801 374.40 0.03
E 9 37 0.027821 0.005320 425.50 0.69
E 9 38 0.027826 0.005482 403.65 0.05
E 9 39 0.028127 0.004839 403.53 166.70
E 9 40 0.028720 0.006051 424.85 120.32
E 9 41 0.029714 0.006437 441.86 0.21
E 9 42 0.029801 0.006106 491.36 165.72
E 9 43 0.019411 0.004376 318.64 229.13
E 9 44 0.026837 0.006072 415.03 49.67
E 9 45 0.022049 0.004944 365.74 36.86
E 9 46 0.028651 0.006285 437.29 164.82
E 9 47 0.028506 0.006360 440.57 0.19
E 9 48 0.027800 0.005743 428.93 0.03
E 9 50 0.027539 0.006757 447.12 0.16
E 9 51 0.030233 0.008337 439.67 6.75
E 9 52 0.025069 0.004769 377.59 0.04
E 9 53 0.026973 0.005003 400.50 0.27
E 9 57 0.026985 0.005548 416.64 1.76
E 9 58 0.027988 0.004342 425.36 0.22
E 9 59 0.028358 0.006304 402.79 1.49
E 9 60 0.028668 0.005567 427.41 5.45
E 9 61 0.028046 0.005418 405.52 19.76
E 9 64 0.028263 0.005648 437.55 3.98
E 9 65 0.028254 0.007833 464.92 8.26
E 9 66 0.029658 0.006765 427.65 4.05
E 9 68 0.028157 0.006166 395.40 163.19
E 9 71 0.020378 0.004221 312.08 15.74
E 9 73 0.030238 0.007123 438.30 144.07
E 9 75 0.024973 0.005323 388.32 0.05
E 9 76 0.027975 0.005867 399.46 144.19
E 9 77 0.028143 0.006329 463.09 165.20
E 9 78 0.019557 0.005385 304.53 0.33
E 9 80 0.028049 0.005278 430.72 0.28
E 9 81 0.019537 0.003440 336.91 129.94
E 9 83 0.019596 0.003074 333.40 0.01
E 9 84 0.001777 0.000000 164.00 1.87
E 9 85 0.028458 0.005815 447.54 31.03
E 9 88 0.028521 0.006019 428.31 0.00
E 10 12 0.023755 0.004237 356.76 0.03
E 10 13 0.025723 0.004813 427.84 0.07
E 10 14 0.023787 0.006045 372.55 0.04
E 10 17 0.025211 0.005834 396.75 16.35
E 10 18 0.002417 0.000000 244.00 5.32
E 10 20 0.025957 0.005375 418.65 5.77
E 10 21 0.025697 0.004210 392.71 0.10
E 10 22 0.027150 0.005766 401.05 3.81
E 10 24 0.028615 0.007413 417.26 11.36
E 10 30 0.024262 0.002756 362.35 5.35
E 10 32 0.022302 0.003115 343.94 17.17
E 10 36 0.024024 0.005727 389.42 7.58
E 10 37 0.025578 0.005134 373.59 7.88
E 10 38 0.024717 0.006003 343.41 0.99
E 10 40 0.022965 0.003343 331.12 0.08
E 10 41 0.028935 0.006051 416.71 29.38
E 10 44 0.023941 0.005335 384.66 0.07
E 10 45 0.027763 0.005427 479.62 12.85
E 10 47 0.025014 0.005218 397.35 9.43
E 10 48 0.027224 0.005088 431.81 18.59
E 10 50 0.023891 0.004804 387.82 8.26
E 10 51 0.026912 0.005918 410.26 2.55
E 10 52 0.025565 0.004853 408.77 6.36
E 10 54 0.028468 0.004952 439.27 0.32
E 10 57 0.028466 0.004952 438.42 5.65
E 10 58 0.023181 0.003933 370.70 4.20
E 10 59 0.027318 0.005150 416.10 15.84
E 10 60 0.029255 0.005166 430.60 7.25
E 10 61 0.026432 0.004230 420.16 5.31
E 10 64 0.023730 0.004288 374.75 6.57
E 10 65 0.029731 0.009116 425.95 0.18
E 10 66 0.028782 0.005653 433.47 1.03
E 10 68 0.028468 0.007575 369.17 0.15
E 10 69 0.023212 0.004611 362.18 59.94
E 10 70 0.021252 0.004187 324.29 6.88
E 10 73 0.029917 0.006734 450.83 0.07
E 10 75 0.024852 0.005482 377.30 40.78
E 10 76 0.024297 0.004911 377.59 0.07
E 10 80 0.025618 0.000000 307.20 3.68
E 10 84 0.023719 0.004781 375.48 1.39
E 10 85 0.024868 0.004375 392.92 0.15
E 10 88 0.025012 0.007373 395.54 6.87
E 11 13 0.019405 0.005491 318.97 71.76
E 11 15 0.022797 0.006100 321.11 0.08
E 11 16 0.019120 0.004523 312.75 43.75
E 11 25 0.021461 0.004212 338.32 0.22
E 11 26 0.020750 0.005807 331.96 27.15
E 11 28 0.021434 0.003138 364.32 68.54
E 11 31 0.017026 0.003918 287.38 19.99
E 11 33 0.005970 0.001856 572.00 179.69
E 11 43 0.024769 0.006614 396.36 9.25
E 11 45 0.020954 0.004808 339.93 33.51
E 11 49 0.023921 0.003731 535.46 0.98
E 11 56 0.019766 0.004918 693.86 0.96
E 11 62 0.016783 0.003369 281.97 18.87
E 11 67 0.021378 0.006558 337.63 4.07
E 11 71 0.018963 0.005088 293.30 8.69
E 11 78 0.019172 0.004647 333.31 0.85
E 11 83 0.019779 0.004918 319.80 0.40
E 11 87 0.021435 0.005005 331.00 3.60
E 11 89 0.016850 0.003554 266.37 6.69
E 12 13 0.024570 0.003518 386.79 0.13
E 12 14 0.021933 0.005450 350.36 0.17
E 12 17 0.025819 0.005518 373.41 65.89
E 12 21 0.018342 0.002587 296.39 0.11
E 12 24 0.029457 0.008262 460.02 30.62
E 12 36 0.022395 0.004605 347.02 12.00
E 12 40 0.018818 0.004924 293.47 0.13
E 12 41 0.005666 0.001664 592.00 23.67
E 12 44 0.024472 0.005417 387.09 0.12
E 12 47 0.018066 0.005615 299.14 23.75
E 12 50 0.021787 0.004166 353.33 107.83
E 12 53 0.018294 0.002613 292.11 14.85
E 12 58 0.020262 0.004357 314.44 14.14
E 12 60 0.028105 0.005003 378.01 14.86
E 12 64 0.024605 0.004718 385.90 1.92
E 12 69 0.020546 0.003489 318.27 0.15
E 12 70 0.020571 0.003470 326.59 35.26
E 12 75 0.026567 0.006055 365.24 3.51
E 12 76 0.026164 0.004377 407.43 0.12
E 12 84 0.020504 0.003565 331.69 0.89
E 12 85 0.017523 0.003100 264.98 0.14
E 12 86 0.017473 0.002778 256.36 1.22
E 12 88 0.016695 0.004158 266.38 0.42
E 13 14 0.024440 0.005608 370.08 0.02
E 13 17 0.024844 0.005280 362.94 25.71
E 13 20 0.002865 0.000000 300.00 6.01
E 13 21 0.024570 0.003518 390.16 0.03
E 13 24 0.028314 0.007711 424.95 25.45
E 13 26 0.020734 0.007530 368.01 5.17
E 13 31 0.019672 0.004375 294.15 16.95
E 13 32 0.024578 0.003186 420.06 6.73
E 13 36 0.023895 0.005956 383.62 51.43
E 13 37 0.027648 0.005520 374.19 13.11
E 13 38 0.024892 0.003460 369.60 4.64
E 13 41 0.030588 0.008062 444.74 21.77
E 13 44 0.022821 0.004142 335.76 0.08
E 13 45 0.022120 0.004642 350.86 140.50
E 13 47 0.024578 0.004454 384.86 18.36
E 13 48 0.027063 0.003668 427.88 20.89
E 13 50 0.023371 0.004459 364.98 193.44
E 13 51 0.030039 0.007024 481.35 4.38
E 13 52 0.025361 0.002775 396.26 13.45
E 13 53 0.025184 0.006245 367.93 12.90
E 13 57 0.026070 0.004297 525.19 19.87
E 13 58 0.023779 0.003659 355.93 8.00
E 13 59 0.027847 0.003957 414.05 14.93
E 13 60 0.030459 0.006596 447.46 22.83
E 13 61 0.027653 0.005245 437.39 20.96
E 13 64 0.024890 0.004490 365.03 7.01
E 13 66 0.029686 0.006105 396.01 1.08
E 13 69 0.023052 0.002987 376.53 2.14
E 13 70 0.024007 0.003350 421.57 22.88
E 13 71 0.020471 0.003651 326.84 0.60
E 13 75 0.024821 0.005169 407.58 3.32
E 13 84 0.023536 0.003085 349.46 3.17
E 13 88 0.024472 0.006106 389.65 5.79
E 14 17 0.025819 0.005518 395.15 65.69
E 14 21 0.021935 0.005450 357.51 0.13
E 14 24 0.029458 0.008262 429.45 28.82
E 14 36 0.023413 0.005797 358.84 11.76
E 14 40 0.021521 0.005130 334.22 0.14
E 14 44 0.024230 0.005905 348.87 0.21
E 14 47 0.020951 0.005633 323.14 21.13
E 14 50 0.022885 0.005718 384.09 119.59
E 14 51 0.027814 0.007335 390.01 7.40
E 14 53 0.021359 0.004847 335.69 12.74
E 14 58 0.022163 0.006073 355.03 12.77
E 14 60 0.029688 0.007937 376.06 12.10
E 14 64 0.022907 0.005542 362.25 2.71
E 14 69 0.022456 0.006217 354.04 0.94
E 14 70 0.022454 0.005433 336.73 120.03
E 14 75 0.026311 0.005905 445.15 3.38
E 14 76 0.025131 0.005537 418.09 0.13
E 14 84 0.022226 0.005808 356.65 1.17
E 14 85 0.020613 0.004876 332.98 0.15
E 14 86 0.020886 0.005254 315.00 2.63
E 14 88 0.020441 0.005147 343.43 12.90
E 15 16 0.022786 0.005862 362.64 1.42
E 15 22 0.022754 0.005879 393.05 1.33
E 15 25 0.022669 0.006013 359.04 1.05
E 15 26 0.023130 0.006252 362.20 4.33
E 15 27 0.022361 0.004871 354.36 12.87
E 15 28 0.023258 0.006106 388.30 62.93
E 15 29 0.023540 0.006334 351.50 0.88
E 15 31 0.022856 0.006179 331.09 0.99
E 15 33 0.023060 0.006096 376.59 1093.19
E 15 36 0.024648 0.007293 362.19 0.82
E 15 43 0.022735 0.002374 497.03 2.36
E 15 44 0.024876 0.007337 378.68 70.35
E 15 49 0.022265 0.005088 331.73 0.16
E 15 51 0.023583 0.005050 346.49 0.31
E 15 52 0.025168 0.004355 377.64 0.90
E 15 57 0.021368 0.003457 357.79 3.42
E 15 62 0.023633 0.006961 372.17 47.23
E 15 67 0.022961 0.006060 353.87 7.49
E 15 69 0.022622 0.009950 380.77 0.74
E 15 71 0.022726 0.005796 360.51 14.97
E 15 74 0.023330 0.006360 389.98 0.11
E 15 78 0.023181 0.002991 362.04 13.22
E 15 81 0.023108 0.002646 348.34 16.18
E 15 83 0.022790 0.005955 350.62 23.03
E 15 87 0.022831 0.006029 373.44 4.26
E 15 89 0.022824 0.006275 328.72 0.00
E 16 18 0.020493 0.002374 350.92 0.51
E 16 25 0.019925 0.002807 324.50 13.74
E 16 26 0.021273 0.003148 318.19 9.04
E 16 27 0.018268 0.001272 287.41 0.63
E 16 31 0.019133 0.004596 299.98 0.27
E 16 33 0.021058 0.003296 340.24 0.91
E 16 35 0.018714 0.000878 277.01 0.06
E 16 43 0.018704 0.003470 300.26 0.47
E 16 44 0.023375 0.004519 343.12 0.79
E 16 45 0.021997 0.005628 358.63 1.07
E 16 49 0.018380 0.001090 311.62 0.62
E 16 56 0.016635 0.000452 272.62 11.42
E 16 62 0.019405 0.002891 307.44 9.81
E 16 63 0.020396 0.005643 324.12 3.95
E 16 67 0.022051 0.004571 345.42 1.13
E 16 69 0.023922 0.009023 506.68 9.37
E 16 71 0.019878 0.003876 332.36 4.57
E 16 74 0.023664 0.004907 365.69 35.78
E 16 78 0.019524 0.003783 331.63 71.78
E 16 81 0.017352 0.000651 304.71 1.47
E 16 83 0.020747 0.004494 310.16 0.54
E 16 87 0.021149 0.003812 331.40 2.49
E 17 21 0.025403 0.005088 385.06 22.48
E 17 24 0.028213 0.007038 421.55 1.33
E 17 36 0.025088 0.005955 358.69 6.23
E 17 37 0.025284 0.004906 384.30 0.06
E 17 40 0.025089 0.005296 416.11 23.88
E 17 41 0.027078 0.005625 389.13 2.08
E 17 44 0.025425 0.007060 355.08 66.47
E 17 47 0.025096 0.006049 365.32 183.25
E 17 48 0.024614 0.005450 373.32 143.68
E 17 50 0.025534 0.006303 363.04 40.04
E 17 51 0.027682 0.007029 430.81 0.31
E 17 52 0.024938 0.008050 419.88 174.33
E 17 53 0.025462 0.005665 387.24 0.11
E 17 58 0.025099 0.006411 355.86 2.88
E 17 59 0.026039 0.006021 396.65 5.19
E 17 60 0.026147 0.006332 389.13 2.85
E 17 64 0.025478 0.006160 384.47 1.86
E 17 66 0.025199 0.007423 387.22 2.72
E 17 69 0.025474 0.006892 390.21 1.06
E 17 70 0.026111 0.004723 363.85 0.39
E 17 73 0.026860 0.005990 385.18 78.41
E 17 75 0.024398 0.005402 363.09 6.48
E 17 76 0.025762 0.006320 371.80 70.04
E 17 84 0.025208 0.006508 388.13 0.76
E 17 85 0.025041 0.005742 362.91 11.28
E 17 86 0.024547 0.003627 372.94 1.35
E 18 19 0.024132 0.004704 353.22 27.95
E 18 20 0.025369 0.004831 396.90 0.00
E 18 22 0.027311 0.005000 406.80 1.72
E 18 23 0.023978 0.004740 370.44 28.18
E 18 26 0.021461 0.003710 382.03 0.25
E 18 27 0.019256 0.002714 296.18 18.23
E 18 28 0.020269 0.002989 359.24 0.98
E 18 29 0.019079 0.002695 293.37 0.60
E 18 30 0.024132 0.004704 387.94 0.18
E 18 34 0.025181 0.007123 396.81 162.81
E 18 35 0.021574 0.003470 322.46 0.88
E 18 37 0.035792 0.005766 452.88 38.01
E 18 39 0.024231 0.004831 355.54 28.59
E 18 41 0.027483 0.002544 448.21 1.90
E 18 42 0.024535 0.004919 417.07 28.39
E 18 45 0.024758 0.004568 343.22 0.08
E 18 46 0.024535 0.004918 372.03 28.24
E 18 47 0.004258 0.000000 416.00 0.14
E 18 48 0.027070 0.004167 381.49 0.60
E 18 49 0.018882 0.002504 274.89 0.00
E 18 51 0.027427 0.005389 458.28 7.71
E 18 52 0.025819 0.004097 384.67 11.90
E 18 54 0.023787 0.004467 354.63 1.28
E 18 55 0.019076 0.002582 322.37 7.90
E 18 57 0.024781 0.005028 382.36 0.73
E 18 59 0.027293 0.005242 426.44 1.18
E 18 60 0.028290 0.005140 447.78 16.29
E 18 61 0.027838 0.005003 405.04 1.61
E 18 63 0.019141 0.004896 303.42 44.73
E 18 65 0.028032 0.007515 414.84 6.45
E 18 66 0.031195 0.007439 449.61 2.44
E 18 67 0.021297 0.004308 339.15 0.01
E 18 68 0.024334 0.004457 377.33 28.47
E 18 72 0.018618 0.002420 322.63 1.64
E 18 73 0.030824 0.007276 485.25 33.04
E 18 74 0.021685 0.003966 341.53 6.37
E 18 77 0.026706 0.006371 385.28 27.99
E 18 80 0.025180 0.007123 407.33 12.46
E 18 81 0.019076 0.002582 310.12 56.53
E 18 82 0.024192 0.004616 393.07 4.24
E 18 90 0.024426 0.004810 383.91 0.00
E 19 20 0.023139 0.002102 360.86 4.45
E 19 22 0.027483 0.005062 403.53 13.98
E 19 24 0.022215 0.002115 361.71 37.62
E 19 30 0.022238 0.001021 344.42 9.69
E 19 34 0.023732 0.004936 381.59 5.29
E 19 35 0.002257 0.000000 224.00 47.84
E 19 37 0.027577 0.005126 439.84 24.34
E 19 41 0.029593 0.005634 378.28 35.00
E 19 45 0.026126 0.003816 424.51 145.71
E 19 47 0.004258 0.000000 416.00 22.67
E 19 48 0.024750 0.003078 403.24 58.90
E 19 51 0.028514 0.007671 453.42 5.79
E 19 52 0.025477 0.003300 390.15 28.86
E 19 54 0.022272 0.001099 349.60 0.65
E 19 57 0.023841 0.004460 359.11 43.76
E 19 59 0.028340 0.004609 428.79 18.81
E 19 60 0.025877 0.004427 373.91 53.01
E 19 61 0.025241 0.004262 383.12 21.57
E 19 65 0.026769 0.007207 403.33 0.07
E 19 66 0.027329 0.006322 423.06 1.18
E 19 80 0.024644 0.004469 373.46 4.84
E 19 82 0.020531 0.000561 320.43 2.30
E 19 90 0.020134 0.002274 326.80 5.60
E 20 23 0.023140 0.002102 361.55 4.49
E 20 24 0.022487 0.002462 357.44 9.53
E 20 34 0.025361 0.004936 436.73 0.00
E 20 37 0.027437 0.004780 425.56 0.88
E 20 39 0.023112 0.002128 361.19 4.55
E 20 41 0.026433 0.004396 382.25 0.00
E 20 42 0.023157 0.002180 354.43 4.51
E 20 46 0.023151 0.002136 378.72 4.48
E 20 47 0.023244 0.000000 287.70 0.00
E 20 51 0.026682 0.005902 403.45 0.33
E 20 52 0.025326 0.004098 403.18 7.59
E 20 54 0.023191 0.002218 367.47 0.81
E 20 57 0.023619 0.004189 368.19 0.00
E 20 59 0.026768 0.004831 398.12 7.28
E 20 60 0.025869 0.004431 373.69 0.00
E 20 64 0.029915 0.007010 492.26 1.09
E 20 65 0.026630 0.006246 417.56 1.03
E 20 66 0.027436 0.006399 382.58 15.69
E 20 68 0.023097 0.002054 359.49 4.51
E 20 73 0.027931 0.006047 395.58 5.34
E 20 75 0.005218 0.000192 536.00 9.85
E 20 77 0.023368 0.003021 375.16 4.44
E 20 80 0.024305 0.003849 399.16 0.25
E 20 82 0.023156 0.002180 362.19 1.56
E 20 90 0.023159 0.002435 357.61 0.26
E 21 24 0.029662 0.007952 428.70 12.34
E 21 36 0.022220 0.004511 329.24 6.11
E 21 38 0.014700 0.003645 215.50 0.13
E 21 40 0.018705 0.005022 304.01 0.15
E 21 44 0.024632 0.005504 405.58 0.18
E 21 47 0.020153 0.004711 344.65 48.65
E 21 50 0.021400 0.003742 335.52 15.97
E 21 51 0.027528 0.005891 450.47 7.42
E 21 53 0.015829 0.001901 258.43 6.52
E 21 58 0.020593 0.004674 322.76 131.59
E 21 60 0.028105 0.000452 452.29 38.67
E 21 64 0.024195 0.003710 375.74 8.08
E 21 69 0.019993 0.003099 299.34 24.28
E 21 70 0.019457 0.002706 350.75 27.53
E 21 75 0.026866 0.006373 331.44 2.52
E 21 76 0.025616 0.004214 378.12 0.15
E 21 84 0.020054 0.002974 330.95 0.82
E 21 85 0.017621 0.002261 333.01 0.70
E 21 86 0.014849 0.001620 260.77 8.84
E 21 88 0.018862 0.007575 319.46 7.50
E 22 23 0.026716 0.003990 390.00 14.11
E 22 24 0.023794 0.002162 392.02 0.00
E 22 25 0.002641 0.000000 272.00 0.54
E 22 26 0.025951 0.002033 383.89 0.45
E 22 28 0.035342 0.008706 530.62 0.29
E 22 29 0.025777 0.002135 401.25 0.00
E 22 30 0.025505 0.003626 380.68 0.00
E 22 33 0.025777 0.004410 373.46 0.22
E 22 35 0.025955 0.008344 391.02 0.02
E 22 36 0.025311 0.007123 409.04 0.01
E 22 39 0.025342 0.003497 428.07 12.83
E 22 41 0.025146 0.003660 409.68 0.47
E 22 42 0.027144 0.004636 400.20 13.57
E 22 43 0.002641 0.000000 272.00 29.70
E 22 44 0.025257 0.004773 405.27 8.36
E 22 45 0.026621 0.004969 407.04 6.39
E 22 46 0.027168 0.004507 379.92 13.96
E 22 48 0.025458 0.003618 375.15 0.09
E 22 49 0.025954 0.004447 386.47 4.41
E 22 50 0.024963 0.003599 372.77 0.02
E 22 51 0.027133 0.004991 418.26 0.18
E 22 52 0.025653 0.003863 416.85 0.03
E 22 54 0.025590 0.003757 377.61 5.11
E 22 56 0.002641 0.000000 272.00 230.12
E 22 57 0.025560 0.003765 387.60 0.00
E 22 58 0.013139 0.002144 1352.00 0.87
E 22 59 0.025991 0.004795 407.18 3.14
E 22 60 0.025846 0.004610 390.58 5.95
E 22 61 0.025242 0.004166 403.08 0.57
E 22 62 0.027991 0.000000 370.83 0.44
E 22 65 0.025515 0.005567 414.44 8.79
E 22 66 0.026865 0.005459 417.83 2.15
E 22 67 0.025277 0.001357 403.82 0.03
E 22 68 0.025488 0.003386 371.28 13.32
E 22 71 0.027459 0.006396 460.07 6.18
E 22 73 0.027541 0.005281 399.51 12.71
E 22 74 0.027445 0.005619 427.95 0.15
E 22 75 0.025537 0.005491 390.51 0.05
E 22 76 0.025281 0.004262 370.77 12.71
E 22 77 0.025459 0.003618 393.62 14.07
E 22 80 0.023615 0.005040 372.59 1.26
E 22 82 0.023583 0.002337 364.53 0.33
E 22 83 0.002641 0.000000 272.00 1.20
E 22 87 0.025957 0.002035 429.75 0.00
E 23 24 0.022235 0.002035 351.93 37.91
E 23 30 0.022214 0.001685 360.25 9.66
E 23 34 0.023591 0.005292 372.11 5.30
E 23 35 0.023922 0.000113 394.98 47.90
E 23 37 0.027578 0.005126 432.86 24.60
E 23 41 0.029433 0.005512 399.84 35.31
E 23 45 0.026126 0.003816 395.34 146.86
E 23 47 0.004258 0.000000 416.00 22.83
E 23 48 0.024744 0.003107 391.18 59.81
E 23 51 0.029542 0.005669 445.50 5.83
E 23 52 0.025008 0.003258 385.08 29.24
E 23 54 0.022401 0.001819 374.27 0.65
E 23 57 0.023784 0.004301 359.29 44.33
E 23 59 0.027394 0.003419 419.28 18.92
E 23 60 0.025806 0.004545 364.67 53.59
E 23 61 0.025204 0.004400 387.32 21.71
E 23 65 0.026770 0.007207 414.56 0.07
E 23 66 0.027330 0.006322 378.41 1.24
E 23 80 0.024572 0.004485 364.25 4.85
E 23 82 0.021080 0.001345 347.56 2.27
E 23 90 0.020576 0.002190 329.53 5.52
E 24 34 0.024254 0.004518 377.23 13.46
E 24 36 0.030267 0.008452 479.05 0.05
E 24 37 0.025372 0.004925 386.17 0.02
E 24 38 0.027718 0.006614 413.30 0.61
E 24 39 0.022428 0.002374 370.01 38.04
E 24 40 0.029426 0.007493 429.53 15.65
E 24 41 0.027655 0.005551 408.94 0.69
E 24 42 0.021337 0.001247 345.86 37.74
E 24 45 0.028501 0.005936 487.39 184.14
E 24 46 0.021331 0.001285 314.00 37.46
E 24 47 0.027587 0.006162 397.19 49.20
E 24 48 0.024922 0.004907 392.57 5.11
E 24 50 0.029757 0.008468 424.99 1.96
E 24 51 0.027726 0.006205 430.51 0.06
E 24 53 0.025853 0.006513 372.53 0.04
E 24 54 0.021575 0.002742 392.78 1.15
E 24 58 0.028248 0.006285 436.18 6.86
E 24 59 0.026599 0.004775 394.17 5.05
E 24 60 0.026021 0.005007 394.60 9.42
E 24 61 0.025007 0.004346 384.36 0.10
E 24 64 0.029102 0.007759 440.95 0.89
E 24 65 0.024321 0.003790 370.59 5.60
E 24 66 0.026461 0.005461 426.12 2.84
E 24 68 0.022632 0.002480 361.53 37.10
E 24 69 0.031347 0.010704 462.46 3.74
E 24 70 0.028104 0.006388 406.09 0.10
E 24 73 0.027928 0.005683 418.98 30.19
E 24 75 0.029084 0.008518 407.92 0.90
E 24 76 0.030691 0.008383 490.16 27.94
E 24 77 0.022429 0.002374 352.66 37.47
E 24 80 0.025188 0.005348 401.31 0.34
E 24 82 0.021308 0.001413 380.96 0.82
E 24 84 0.029052 0.008494 378.94 0.44
E 24 85 0.028770 0.007762 433.74 5.98
E 24 86 0.022734 0.000170 469.31 0.81
E 24 88 0.028432 0.007147 400.10 9.09
E 25 26 0.021094 0.003163 333.33 36.10
E 25 27 0.018981 0.001807 314.16 831.43
E 25 28 0.020909 0.002861 323.40 77.30
E 25 29 0.019834 0.002666 305.44 12.22
E 25 31 0.021461 0.004664 344.32 36.29
E 25 33 0.020965 0.003158 333.87 0.00
E 25 35 0.019262 0.002237 295.75 3.35
E 25 43 0.020218 0.005263 333.23 8.01
E 25 45 0.022581 0.005279 363.97 25.05
E 25 49 0.019757 0.002733 326.23 2.64
E 25 55 0.018951 0.001740 310.51 23.30
E 25 56 0.019165 0.001985 323.01 1.73
E 25 62 0.021460 0.004212 339.06 450.17
E 25 63 0.019627 0.005999 316.38 272.61
E 25 67 0.021994 0.004559 335.27 1.21
E 25 71 0.020606 0.003731 316.21 67.39
E 25 72 0.019215 0.001039 321.27 1.61
E 25 74 0.022450 0.004558 361.52 2.96
E 25 78 0.019957 0.003069 303.93 5.49
E 25 79 0.018930 0.001721 281.58 1.17
E 25 81 0.019209 0.001989 306.60 87.89
E 25 83 0.021030 0.003784 320.00 6.42
E 25 87 0.021011 0.003662 320.49 0.00
E 26 27 0.021919 0.004048 324.53 681.97
E 26 28 0.021251 0.003169 334.12 0.39
E 26 29 0.021148 0.003197 306.12 1.26
E 26 30 0.002257 0.000000 224.00 1.06
E 26 31 0.020528 0.003188 311.07 1.10
E 26 33 0.021180 0.003289 329.78 0.15
E 26 35 0.021094 0.003412 319.41 0.26
E 26 43 0.021844 0.003602 324.77 3.20
E 26 44 0.023437 0.003465 375.98 297.71
E 26 45 0.021771 0.004963 370.07 3.47
E 26 49 0.021243 0.003209 364.82 0.90
E 26 51 0.022902 0.001696 493.15 2.98
E 26 55 0.021402 0.003082 327.70 26.74
E 26 56 0.021364 0.003326 343.02 10.71
E 26 62 0.021297 0.003025 337.14 3.70
E 26 63 0.021515 0.005161 321.40 5.16
E 26 66 0.002545 0.000000 260.00 3.24
E 26 67 0.022047 0.004485 324.52 5.76
E 26 71 0.020536 0.003423 322.19 56.30
E 26 74 0.022642 0.004781 358.33 2.65
E 26 75 0.002705 0.000000 280.00 0.51
E 26 76 0.003089 0.000000 328.00 4.46
E 26 78 0.021164 0.003700 323.75 21.08
E 26 79 0.021897 0.003858 334.36 1.49
E 26 81 0.021364 0.003326 310.25 373.58
E 26 83 0.021211 0.003533 336.61 0.00
E 26 87 0.021182 0.003907 351.97 0.00
E 27 28 0.020283 0.002714 312.19 71.19
E 27 29 0.018633 0.001003 290.20 10.88
E 27 33 0.021189 0.003547 327.78 22.30
E 27 35 0.019263 0.002397 296.77 38.89
E 27 43 0.018582 0.003261 303.78 13.13
E 27 49 0.017991 0.001056 284.19 113.30
E 27 55 0.016953 0.000697 262.19 0.12
E 27 56 0.016954 0.000710 270.98 8.30
E 27 62 0.020406 0.001542 354.10 94.30
E 27 63 0.019102 0.005762 307.04 0.03
E 27 67 0.022407 0.004799 343.60 14.68
E 27 72 0.016913 0.000678 282.82 1.03
E 27 74 0.021415 0.003722 338.72 8.50
E 27 78 0.018936 0.002834 337.84 4.39
E 27 79 0.016936 0.000684 267.93 14.94
E 27 81 0.017441 0.000933 267.63 0.37
E 28 29 0.020968 0.002956 346.72 15.80
E 28 31 0.021254 0.004353 314.64 25.39
E 28 33 0.021104 0.003383 353.02 2.95
E 28 35 0.020405 0.002595 310.87 0.11
E 28 36 0.021839 0.002762 453.17 0.64
E 28 43 0.020356 0.004094 315.69 1.41
E 28 49 0.020604 0.002765 320.38 3.34
E 28 52 0.024885 0.003660 388.72 0.61
E 28 55 0.020068 0.002257 313.36 87.71
E 28 56 0.020140 0.002273 308.47 4.64
E 28 62 0.020148 0.002364 316.89 0.16
E 28 63 0.020186 0.005289 337.61 140.06
E 28 67 0.022257 0.004451 340.97 10.05
E 28 72 0.019812 0.002411 327.04 0.26
E 28 74 0.022442 0.004587 343.88 0.81
E 28 75 0.023001 0.005233 323.12 0.26
E 28 78 0.020613 0.003190 323.16 0.45
E 28 79 0.020317 0.002637 331.53 0.21
E 28 81 0.020169 0.002544 313.90 105.37
E 28 83 0.020628 0.003270 326.71 2.55
E 28 87 0.021160 0.003702 328.85 0.88
E 28 89 0.022226 0.003901 352.67 0.00
E 29 30 0.002257 0.000000 224.00 0.02
E 29 33 0.021023 0.003293 352.33 3.04
E 29 35 0.018738 0.001733 307.31 102.59
E 29 43 0.018768 0.003824 300.02 0.03
E 29 44 0.028399 0.005698 388.01 20.58
E 29 45 0.023725 0.005129 363.44 0.07
E 29 49 0.018734 0.001272 303.52 0.28
E 29 51 0.022529 0.002510 481.15 74.95
E 29 52 0.025053 0.002120 384.99 0.00
E 29 55 0.018502 0.000920 280.02 15.39
E 29 56 0.018592 0.000783 301.42 4.22
E 29 62 0.019775 0.000382 331.96 249.64
E 29 63 0.019221 0.005266 305.47 39.88
E 29 66 0.002545 0.000000 260.00 6.52
E 29 67 0.022065 0.004347 350.79 0.03
E 29 71 0.020020 0.002831 291.20 46.88
E 29 72 0.017242 0.000324 266.90 22.69
E 29 74 0.022597 0.004726 368.76 10.76
E 29 75 0.002705 0.000000 280.00 101.04
E 29 76 0.003089 0.000000 328.00 35.76
E 29 78 0.018875 0.002891 298.36 21.99
E 29 79 0.017926 0.000982 307.62 0.00
E 29 81 0.018643 0.000811 298.37 24.31
E 29 83 0.019974 0.003022 336.57 0.00
E 29 87 0.021447 0.003491 361.82 29.51
E 30 34 0.023519 0.005027 417.16 2.40
E 30 35 0.024531 0.008277 388.94 102.24
E 30 37 0.026764 0.004813 386.06 5.13
E 30 39 0.022133 0.001336 351.21 9.41
E 30 42 0.022141 0.001062 368.67 9.44
E 30 45 0.026125 0.003816 413.23 0.05
E 30 46 0.022175 0.001054 332.34 9.45
E 30 48 0.024714 0.002994 365.04 8.44
E 30 51 0.026682 0.005902 410.81 80.02
E 30 52 0.025385 0.003996 408.88 0.00
E 30 54 0.022279 0.001181 345.33 0.84
E 30 57 0.023619 0.004189 353.75 0.03
E 30 59 0.026374 0.004669 398.83 5.30
E 30 60 0.025804 0.004540 386.24 0.03
E 30 61 0.025277 0.004322 372.52 0.03
E 30 65 0.026386 0.006117 376.54 3.44
E 30 66 0.027442 0.006487 414.65 3.00
E 30 68 0.022256 0.001108 345.51 9.25
E 30 73 0.027931 0.006047 418.68 7.84
E 30 74 0.023922 0.004410 316.23 17.95
E 30 77 0.023364 0.003021 382.41 9.60
E 30 80 0.024250 0.003762 376.32 0.00
E 30 82 0.022210 0.001062 346.38 25.68
E 30 90 0.022142 0.002351 337.92 0.00
E 31 33 0.002689 0.000032 220.00 36.30
E 31 36 0.024777 0.007418 366.44 0.00
E 31 43 0.002754 0.000032 228.00 0.03
E 31 44 0.022914 0.004505 356.25 3.18
E 31 45 0.021057 0.004869 338.71 0.11
E 31 49 0.001361 0.000000 112.00 0.83
E 31 56 0.001393 0.000000 116.00 0.11
E 31 62 0.017349 0.004285 279.81 2.27
E 31 67 0.002689 0.000032 220.00 0.08
E 31 71 0.019024 0.003968 296.86 11.94
E 31 75 0.024587 0.004370 379.45 191.76
E 31 78 0.018042 0.000226 234.84 16.40
E 31 83 0.019778 0.005009 314.44 0.00
E 31 87 0.021193 0.004927 342.77 130.87
E 32 34 0.023745 0.003644 370.03 13.06
E 32 37 0.026084 0.005071 375.23 88.96
E 32 38 0.016771 0.002902 273.54 191.98
E 32 40 0.018837 0.004324 300.47 6.58
E 32 41 0.031490 0.007571 442.46 1.52
E 32 47 0.019247 0.004975 313.12 0.05
E 32 48 0.026523 0.001187 436.99 1.85
E 32 58 0.027088 0.004183 461.64 0.33
E 32 59 0.029601 0.005088 411.71 0.78
E 32 61 0.026281 0.003943 386.99 0.19
E 32 64 0.024052 0.001670 389.06 3.89
E 32 68 0.023922 0.000000 501.00 13.58
E 32 73 0.029169 0.004161 413.12 7.47
E 32 80 0.022995 0.003103 339.64 40.85
E 32 85 0.016575 0.003593 281.93 18.07
E 32 88 0.016729 0.004636 266.74 0.00
E 33 35 0.021117 0.003356 349.70 0.18
E 33 43 0.021069 0.003896 341.08 5.29
E 33 44 0.016549 0.002688 1720.00 6.71
E 33 45 0.021731 0.005206 341.55 3.29
E 33 49 0.020963 0.003158 342.38 2.51
E 33 51 0.022531 0.002510 387.81 1.76
E 33 52 0.025678 0.005578 371.71 0.88
E 33 55 0.020891 0.002911 335.51 14.49
E 33 56 0.021015 0.003233 325.77 125.09
E 33 62 0.021886 0.002917 389.84 0.07
E 33 63 0.019910 0.006077 335.46 41.96
E 33 67 0.021884 0.004169 346.16 17.17
E 33 71 0.021213 0.003827 330.28 5.26
E 33 74 0.022595 0.004726 339.54 1.17
E 33 78 0.020929 0.003092 325.53 1.21
E 33 79 0.019894 0.001660 322.10 0.50
E 33 81 0.021012 0.003227 323.27 43.92
E 33 83 0.021100 0.003479 324.07 5.56
E 33 87 0.021192 0.003745 368.87 0.03
E 34 37 0.021752 0.006072 341.46 0.68
E 34 38 0.024486 0.003521 363.36 0.66
E 34 39 0.023064 0.005487 347.54 5.20
E 34 40 0.024649 0.004652 381.96 2.14
E 34 41 0.031778 0.007886 478.55 0.12
E 34 42 0.024509 0.005754 370.50 5.18
E 34 45 0.015973 0.001920 1648.00 63.95
E 34 46 0.024509 0.005754 410.23 5.17
E 34 47 0.020044 0.005002 332.06 6.37
E 34 48 0.027192 0.005182 418.04 1.58
E 34 52 0.024936 0.004325 355.56 0.82
E 34 54 0.024564 0.004291 347.34 3.72
E 34 57 0.026124 0.004749 430.43 0.56
E 34 59 0.028444 0.005215 411.43 0.19
E 34 60 0.029386 0.006426 401.12 5.96
E 34 61 0.025106 0.005483 376.09 34.46
E 34 65 0.029633 0.006940 440.64 3.31
E 34 66 0.030704 0.008519 429.18 3.23
E 34 68 0.025366 0.005573 411.17 5.07
E 34 73 0.030479 0.006203 416.99 6.20
E 34 77 0.027538 0.006872 404.40 5.24
E 34 80 0.024617 0.005690 407.22 0.74
E 34 82 0.023648 0.005757 365.32 1.06
E 34 88 0.015838 0.004839 257.73 0.00
E 34 90 0.024430 0.005437 379.34 0.00
E 35 43 0.019294 0.004070 329.97 607.87
E 35 45 0.023752 0.004579 335.99 263.25
E 35 49 0.019078 0.002347 304.69 1.57
E 35 51 0.023469 0.002374 359.40 0.38
E 35 52 0.023752 0.004579 396.36 0.09
E 35 54 0.022188 0.001611 342.40 4.16
E 35 55 0.019265 0.002397 303.02 44.05
E 35 56 0.019329 0.002546 302.34 1426.25
E 35 57 0.023978 0.004127 367.98 0.00
E 35 63 0.019233 0.006175 310.70 52.46
E 35 65 0.028332 0.008213 471.80 3.68
E 35 67 0.022161 0.004378 368.59 0.37
E 35 68 0.002257 0.000000 224.00 48.89
E 35 72 0.019070 0.002231 283.37 0.17
E 35 74 0.022516 0.004537 358.59 0.25
E 35 77 0.002257 0.000000 224.00 48.05
E 35 78 0.018879 0.002803 319.59 0.33
E 35 79 0.019330 0.002546 310.41 0.09
E 35 81 0.019285 0.002421 313.41 153.53
E 36 37 0.025786 0.004240 395.76 0.75
E 36 44 0.023630 0.006200 378.90 6.80
E 36 45 0.024322 0.006683 395.43 2.63
E 36 48 0.025788 0.003788 336.92 0.00
E 36 50 0.023519 0.005673 363.07 0.04
E 36 51 0.026917 0.006197 402.03 0.08
E 36 52 0.025248 0.006888 384.63 0.00
E 36 58 0.023733 0.006094 352.22 2.29
E 36 59 0.026251 0.006602 415.83 2.40
E 36 60 0.029078 0.004749 365.76 9.52
E 36 69 0.023430 0.005808 372.84 8.88
E 36 70 0.022222 0.004511 375.11 0.09
E 36 71 0.023642 0.006349 348.48 5.08
E 36 73 0.025573 0.006476 412.16 49.86
E 36 74 0.024224 0.006671 364.92 1.61
E 36 75 0.024818 0.005850 386.33 0.02
E 36 76 0.024106 0.005959 376.10 9.78
E 36 83 0.024465 0.006988 400.17 1.70
E 36 84 0.023359 0.005667 381.02 0.63
E 36 87 0.024465 0.006988 358.65 18.18
E 37 38 0.027591 0.005398 463.62 0.71
E 37 39 0.029252 0.005088 458.75 24.83
E 37 40 0.027360 0.005478 380.30 12.47
E 37 41 0.031231 0.007677 469.21 1.10
E 37 42 0.028044 0.005010 384.62 24.55
E 37 44 0.035115 0.006615 488.91 23.40
E 37 45 0.035789 0.005766 557.18 7.64
E 37 46 0.028750 0.005148 492.25 24.30
E 37 47 0.022152 0.005322 359.46 415.66
E 37 48 0.027233 0.004586 417.88 5.31
E 37 50 0.029122 0.010402 372.54 2.13
E 37 51 0.029109 0.005726 403.69 0.39
E 37 52 0.030251 0.005766 472.62 0.13
E 37 54 0.027679 0.004436 395.10 37.76
E 37 57 0.027877 0.003995 502.28 2.85
E 37 58 0.027198 0.005258 326.76 3.53
E 37 59 0.028412 0.005221 423.52 3.86
E 37 60 0.029408 0.006044 421.17 2.84
E 37 61 0.025450 0.005072 381.77 50.46
E 37 64 0.026933 0.005467 386.79 0.67
E 37 65 0.034181 0.006907 463.07 2.78
E 37 66 0.030577 0.008178 440.96 3.33
E 37 68 0.027436 0.004780 385.50 11.85
E 37 73 0.027903 0.005632 401.91 18.03
E 37 75 0.032906 0.008692 455.61 0.65
E 37 76 0.027231 0.005201 405.74 21.29
E 37 77 0.028516 0.006198 498.05 24.24
E 37 80 0.024623 0.005060 399.97 1.42
E 37 82 0.035794 0.005766 528.80 0.35
E 37 85 0.021979 0.005348 332.17 5.15
E 37 88 0.021513 0.005226 346.05 7.58
E 38 40 0.018782 0.004370 285.32 4.62
E 38 41 0.031878 0.008254 422.04 0.14
E 38 47 0.020429 0.004270 348.22 1.41
E 38 48 0.015013 0.000672 1528.00 0.31
E 38 53 0.014632 0.003231 230.50 0.01
E 38 58 0.022396 0.003426 383.72 1.28
E 38 59 0.029601 0.005088 422.89 1.05
E 38 61 0.027134 0.004374 413.35 6.28
E 38 64 0.023978 0.002092 420.06 1.50
E 38 73 0.025559 0.003616 2672.00 4.97
E 38 80 0.023064 0.001446 340.22 0.01
E 38 85 0.018004 0.003746 281.38 2.10
E 38 86 0.014734 0.003364 236.14 0.07
E 38 88 0.018167 0.005013 290.88 0.85
E 39 41 0.024674 0.003251 350.14 35.34
E 39 45 0.026872 0.007850 437.80 148.20
E 39 47 0.030028 0.007802 680.88 22.76
E 39 48 0.024603 0.002730 392.69 60.51
E 39 51 0.025943 0.005616 360.00 5.91
E 39 52 0.025097 0.003904 359.78 16.87
E 39 54 0.022283 0.001414 325.37 0.63
E 39 57 0.023684 0.004253 381.61 22.30
E 39 59 0.025940 0.004679 405.36 18.92
E 39 60 0.025381 0.004328 395.74 10.58
E 39 61 0.025092 0.004150 360.43 21.57
E 39 65 0.026202 0.005834 374.68 0.07
E 39 66 0.027065 0.005986 398.29 1.30
E 39 80 0.024803 0.004563 383.38 4.80
E 39 82 0.021706 0.001465 336.73 2.22
E 39 90 0.021628 0.002675 338.57 5.43
E 40 41 0.031380 0.008110 440.89 19.61
E 40 45 0.028104 0.003279 453.73 144.32
E 40 47 0.019092 0.005055 304.50 17.74
E 40 48 0.027044 0.001803 396.22 20.26
E 40 50 0.022226 0.001526 344.42 206.74
E 40 52 0.023017 0.000509 560.95 12.91
E 40 53 0.018737 0.004749 306.13 6.12
E 40 57 0.027484 0.002544 642.36 18.81
E 40 58 0.023240 0.003425 348.22 7.78
E 40 59 0.028406 0.002714 425.79 14.62
E 40 60 0.030765 0.004872 476.42 20.26
E 40 61 0.027338 0.004894 415.46 10.77
E 40 64 0.023798 0.002459 415.14 6.73
E 40 66 0.030252 0.005710 503.39 1.20
E 40 75 0.029970 0.006784 410.85 4.22
E 40 80 0.022252 0.002061 337.19 4.06
E 40 84 0.021963 0.003361 399.15 3.26
E 40 86 0.017553 0.005507 280.97 2.71
E 40 88 0.018905 0.004577 314.53 5.45
E 41 42 0.030875 0.006869 496.02 35.00
E 41 44 0.024079 0.004228 355.23 35.84
E 41 45 0.028104 0.003279 479.85 10.92
E 41 46 0.030875 0.006869 391.04 34.69
E 41 47 0.031459 0.007854 434.72 0.63
E 41 48 0.027164 0.004986 397.50 0.25
E 41 50 0.025459 0.004395 388.68 0.34
E 41 51 0.027684 0.006570 405.66 1.70
E 41 52 0.025596 0.004428 376.27 0.41
E 41 53 0.026975 0.003053 360.81 6.79
E 41 54 0.025617 0.004123 395.53 1.07
E 41 57 0.025912 0.004323 356.63 22.40
E 41 58 0.033349 0.008276 526.00 1.65
E 41 59 0.027140 0.005359 412.45 0.23
E 41 60 0.027102 0.004938 428.77 3.38
E 41 61 0.027496 0.004850 397.42 6.85
E 41 64 0.027219 0.005458 382.12 18.74
E 41 65 0.025738 0.006073 418.30 1.68
E 41 66 0.027179 0.005985 420.09 12.84
E 41 68 0.026694 0.004290 382.72 34.17
E 41 73 0.028033 0.005920 393.86 27.48
E 41 75 0.025277 0.005138 378.93 0.26
E 41 76 0.026480 0.005082 392.34 27.87
E 41 77 0.026613 0.004297 392.78 34.78
E 41 80 0.027265 0.005052 404.99 0.23
E 41 85 0.031721 0.008197 451.59 85.15
E 41 88 0.031722 0.008197 451.32 0.00
E 42 45 0.026126 0.003816 366.21 147.02
E 42 47 0.004258 0.000000 416.00 22.58
E 42 48 0.024937 0.003107 363.34 59.52
E 42 51 0.002481 0.000000 252.00 5.88
E 42 52 0.024238 0.002695 400.20 17.24
E 42 54 0.022348 0.001242 354.43 0.63
E 42 57 0.023786 0.004301 375.50 22.87
E 42 59 0.028708 0.003373 386.82 18.80
E 42 60 0.025807 0.004545 418.10 11.09
E 42 61 0.025228 0.004462 397.93 21.40
E 42 65 0.026838 0.006974 423.41 0.07
E 42 66 0.027250 0.006230 398.25 1.24
E 42 80 0.025048 0.005238 376.92 4.77
E 42 82 0.019340 0.000451 312.48 2.25
E 42 90 0.020091 0.003019 345.73 5.51
E 43 49 0.018911 0.003662 289.39 1.04
E 43 55 0.018657 0.003517 316.16 2.73
E 43 56 0.018807 0.003606 302.35 0.19
E 43 62 0.019938 0.002572 316.97 35.49
E 43 63 0.019474 0.005778 294.78 64.54
E 43 67 0.022276 0.004490 340.44 0.05
E 43 72 0.018764 0.003292 286.28 7.58
E 43 74 0.021955 0.004170 330.16 15.49
E 43 78 0.019685 0.003909 325.60 9.43
E 43 79 0.018808 0.003606 306.92 28.38
E 43 81 0.018711 0.003513 298.60 37.76
E 44 45 0.023348 0.004678 369.43 11.83
E 44 48 0.027240 0.005122 403.79 48.11
E 44 49 0.035115 0.000113 635.32 8.40
E 44 50 0.023575 0.004795 354.15 48.19
E 44 51 0.026893 0.005479 408.19 3.66
E 44 52 0.025143 0.004417 383.82 18.20
E 44 57 0.003313 0.000000 356.00 18.95
E 44 58 0.023321 0.004636 362.08 6.03
E 44 59 0.026126 0.005749 371.23 6.33
E 44 60 0.028125 0.004994 436.77 4.34
E 44 64 0.023488 0.004763 352.77 3.07
E 44 66 0.029291 0.005540 488.21 0.81
E 44 67 0.029417 0.004884 407.69 81.90
E 44 69 0.023566 0.004731 352.42 141.83
E 44 70 0.023651 0.004979 345.85 70.94
E 44 71 0.023537 0.004688 368.02 0.36
E 44 73 0.027507 0.005193 424.58 0.08
E 44 74 0.025413 0.005360 382.17 109.48
E 44 75 0.024477 0.004898 383.54 2.45
E 44 76 0.024231 0.004873 367.13 0.09
E 44 83 0.023602 0.004644 367.60 0.60
E 44 84 0.023576 0.004795 354.64 1.39
E 44 87 0.023622 0.004824 391.42 0.04
E 45 46 0.026126 0.003816 492.04 145.94
E 45 47 0.029263 0.002799 388.61 0.40
E 45 48 0.027947 0.003412 413.17 3.60
E 45 49 0.009236 0.000800 864.00 0.09
E 45 50 0.022204 0.004357 355.48 9.32
E 45 51 0.027433 0.004641 455.68 12.05
E 45 52 0.024890 0.005119 401.71 11.92
E 45 54 0.026125 0.003816 364.12 1.46
E 45 57 0.025229 0.005451 389.19 0.06
E 45 58 0.029178 0.006275 402.73 0.59
E 45 59 0.029654 0.004749 442.11 2.80
E 45 60 0.030533 0.007666 469.27 0.06
E 45 61 0.028104 0.003279 521.09 0.02
E 45 64 0.025616 0.003703 406.97 1.84
E 45 65 0.028031 0.005726 440.07 15.80
E 45 66 0.030258 0.005949 518.68 6.02
E 45 67 0.021346 0.005295 364.89 1.03
E 45 68 0.026126 0.003816 406.53 145.33
E 45 69 0.015124 0.003040 1600.00 7.45
E 45 71 0.021734 0.004916 339.30 21.62
E 45 73 0.033024 0.008167 468.00 121.35
E 45 74 0.022434 0.005010 364.25 51.02
E 45 75 0.024677 0.005034 373.68 7.47
E 45 76 0.024725 0.005543 382.31 128.74
E 45 77 0.026126 0.003816 397.33 145.43
E 45 80 0.027991 0.005088 364.75 127.06
E 45 82 0.011043 0.001056 1148.00 78.85
E 46 47 0.004258 0.000000 416.00 22.42
E 46 48 0.024937 0.003107 376.67 58.60
E 46 51 0.002481 0.000000 252.00 5.84
E 46 52 0.024613 0.003324 435.50 17.59
E 46 54 0.022343 0.001229 345.16 0.64
E 46 57 0.023585 0.003925 353.98 23.39
E 46 59 0.028263 0.003324 392.18 18.69
E 46 60 0.025878 0.004427 373.02 11.57
E 46 61 0.025195 0.004410 401.39 21.25
E 46 65 0.026837 0.006974 410.77 0.07
E 46 66 0.027297 0.006236 402.91 1.18
E 46 80 0.024891 0.005255 361.85 4.76
E 46 82 0.019967 0.000699 303.28 2.28
E 46 90 0.019914 0.002988 311.26 5.59
E 47 48 0.026523 0.001187 443.50 0.16
E 47 50 0.004226 0.000032 412.00 0.36
E 47 52 0.022987 0.000678 301.93 2.19
E 47 54 0.004258 0.000000 416.00 2.08
E 47 57 0.027483 0.002544 329.27 1.46
E 47 58 0.027086 0.004183 558.22 0.13
E 47 59 0.029600 0.005088 441.17 0.76
E 47 60 0.027257 0.000904 421.92 78.24
E 47 61 0.026034 0.003666 382.97 0.34
E 47 64 0.025445 0.001550 375.64 10.14
E 47 65 0.041730 0.007293 569.01 4.66
E 47 66 0.028960 0.004748 495.31 1.66
E 47 68 0.025533 0.005257 484.60 22.08
E 47 73 0.030480 0.006203 447.31 19.70
E 47 75 0.027653 0.001017 322.47 0.75
E 47 76 0.032739 0.000904 510.64 21.11
E 47 77 0.004258 0.000000 416.00 22.53
E 47 80 0.022994 0.003170 363.69 2.57
E 47 85 0.019106 0.004918 289.55 47.37
E 48 51 0.027108 0.006420 394.41 1.04
E 48 52 0.025073 0.003571 404.28 0.20
E 48 54 0.024889 0.003141 379.25 5.16
E 48 57 0.024856 0.004240 397.77 135.09
E 48 58 0.027233 0.005258 432.60 0.09
E 48 59 0.026824 0.004851 408.86 1.10
E 48 60 0.026131 0.004749 413.67 12.98
E 48 61 0.025177 0.003937 385.86 15.14
E 48 64 0.027721 0.003071 443.99 4.11
E 48 65 0.026074 0.005692 394.46 4.44
E 48 66 0.027289 0.005996 390.72 1.91
E 48 68 0.024709 0.003029 369.87 57.95
E 48 73 0.028105 0.005777 418.48 34.40
E 48 75 0.027079 0.007320 428.64 0.24
E 48 76 0.024671 0.004324 388.48 23.23
E 48 77 0.024867 0.002994 398.52 58.45
E 48 80 0.024822 0.003925 363.71 0.39
E 48 82 0.024936 0.003107 381.90 0.69
E 49 51 0.022677 0.001583 449.19 0.40
E 49 55 0.018574 0.001250 285.10 31.06
E 49 56 0.018480 0.001186 285.52 6.20
E 49 62 0.021771 0.002814 344.80 1.54
E 49 63 0.019743 0.006129 311.29 85.41
E 49 67 0.022194 0.004319 358.92 0.60
E 49 71 0.022310 0.003590 406.16 42.77
E 49 72 0.017181 0.000478 259.90 2.19
E 49 74 0.022805 0.005101 342.49 4.18
E 49 78 0.019347 0.003557 325.11 3.94
E 49 79 0.018456 0.001163 286.77 3.55
E 49 81 0.018685 0.001365 293.63 0.33
E 49 83 0.021190 0.003430 350.71 2.98
E 49 87 0.021114 0.002590 349.55 21.65
E 50 51 0.027006 0.005527 378.90 0.23
E 50 52 0.025036 0.003707 371.12 0.03
E 50 53 0.022352 0.007547 382.89 0.38
E 50 58 0.021079 0.003496 314.85 0.23
E 50 59 0.026674 0.006283 401.86 2.33
E 50 60 0.027763 0.002036 409.83 3.87
E 50 64 0.022942 0.003950 353.53 3.44
E 50 66 0.029404 0.005483 457.24 2.15
E 50 69 0.021035 0.003473 331.37 0.64
E 50 70 0.021085 0.003460 319.75 0.07
E 50 73 0.027053 0.005115 432.32 201.88
E 50 75 0.024876 0.005225 372.34 0.06
E 50 76 0.024147 0.004836 384.25 168.13
E 50 84 0.021198 0.003838 350.78 0.49
E 51 52 0.027624 0.005766 415.18 0.06
E 51 54 0.026745 0.005437 395.54 1.39
E 51 57 0.026415 0.005457 389.12 22.46
E 51 58 0.026848 0.005802 377.72 2.63
E 51 59 0.027993 0.006604 406.85 1.11
E 51 60 0.027132 0.005907 400.55 4.09
E 51 61 0.026984 0.005968 412.28 46.07
E 51 64 0.027043 0.005818 385.83 0.78
E 51 65 0.026553 0.006015 384.00 3.47
E 51 66 0.027145 0.005988 460.95 14.10
E 51 67 0.022531 0.002510 511.92 11.33
E 51 68 0.026772 0.006180 355.96 5.85
E 51 69 0.026856 0.005362 402.38 0.69
E 51 70 0.006019 0.000320 520.00 2.74
E 51 71 0.025705 0.004695 398.69 2.12
E 51 73 0.027914 0.006078 407.52 5.28
E 51 74 0.023799 0.003935 471.25 0.22
E 51 75 0.027044 0.005238 375.45 0.28
E 51 76 0.027381 0.005900 404.10 3.77
E 51 77 0.026624 0.006260 417.90 5.80
E 51 80 0.026873 0.005512 397.96 0.30
E 51 83 0.017958 0.002880 1780.00 0.15
E 51 84 0.027025 0.005369 404.15 0.42
E 51 87 0.022728 0.003392 2260.00 0.88
E 52 54 0.025369 0.004013 387.44 4.58
E 52 57 0.025375 0.004798 403.22 0.00
E 52 58 0.029179 0.006275 417.31 0.84
E 52 59 0.026953 0.005163 421.79 3.25
E 52 60 0.025919 0.004353 399.28 14.54
E 52 61 0.025963 0.005187 403.85 0.00
E 52 64 0.025414 0.000424 472.55 1.52
E 52 65 0.026798 0.006534 407.69 2.40
E 52 66 0.027056 0.005297 415.37 1.06
E 52 68 0.025107 0.003655 375.93 17.84
E 52 73 0.027996 0.006012 416.17 19.32
E 52 74 0.025230 0.003566 375.34 0.10
E 52 75 0.024937 0.005314 402.74 0.06
E 52 76 0.024913 0.003340 388.76 31.62
E 52 77 0.025104 0.003997 383.39 28.73
E 52 80 0.023868 0.002120 385.33 0.02
E 52 82 0.024615 0.003324 333.43 0.24
E 53 58 0.021741 0.004342 324.70 4.18
E 53 59 0.005122 0.000416 524.00 5.11
E 53 64 0.025447 0.005003 339.11 0.84
E 53 70 0.020320 0.005610 411.50 0.21
E 53 76 0.003089 0.000000 328.00 13.76
E 53 84 0.023290 0.005330 342.79 0.28
E 53 85 0.021102 0.005923 371.08 3.50
E 53 86 0.014263 0.001634 205.73 0.40
E 53 88 0.021452 0.006430 328.95 0.38
E 54 57 0.023678 0.004050 359.42 1.60
E 54 59 0.026769 0.004831 413.48 0.06
E 54 60 0.025802 0.004216 393.28 0.81
E 54 61 0.025361 0.004393 381.21 0.76
E 54 65 0.026516 0.007016 399.75 0.16
E 54 66 0.027283 0.006310 402.05 0.37
E 54 68 0.022289 0.001238 373.54 0.62
E 54 73 0.028019 0.006209 408.99 0.42
E 54 77 0.023697 0.003452 382.36 0.65
E 54 80 0.022586 0.002316 361.94 6.93
E 54 82 0.022344 0.001242 371.95 3.04
E 54 90 0.022354 0.002827 341.26 2.91
E 55 56 0.016344 0.000386 276.64 2.20
E 55 62 0.020116 0.001284 291.76 12.97
E 55 63 0.019437 0.005742 304.94 0.63
E 55 67 0.022327 0.004613 362.05 4.81
E 55 72 0.015896 0.000377 270.66 5.96
E 55 74 0.023922 0.005729 384.81 1.72
E 55 78 0.019242 0.003154 322.77 0.81
E 55 79 0.015888 0.000377 249.87 19.37
E 55 81 0.017479 0.000898 279.44 0.51
E 56 62 0.020114 0.001284 329.53 17.17
E 56 63 0.019416 0.005777 300.09 42.53
E 56 67 0.022234 0.004437 373.67 0.06
E 56 72 0.016307 0.000183 257.74 11.22
E 56 74 0.025198 0.007301 410.46 2.95
E 56 78 0.019355 0.003573 285.92 2.41
E 56 79 0.016303 0.000242 258.17 129.53
E 56 81 0.017475 0.000907 283.76 11.29
E 57 58 0.029179 0.006275 406.56 0.69
E 57 59 0.026840 0.005003 402.71 0.95
E 57 60 0.025651 0.004298 380.86 0.06
E 57 61 0.025362 0.004393 397.35 0.09
E 57 64 0.024939 0.002148 437.10 0.47
E 57 65 0.026689 0.007314 396.54 6.61
E 57 66 0.027055 0.005427 395.61 6.12
E 57 68 0.023662 0.004295 370.56 23.76
E 57 73 0.028018 0.006209 420.91 29.30
E 57 75 0.029077 0.009226 455.58 72.59
E 57 76 0.026041 0.002797 383.39 44.46
E 57 77 0.023680 0.004126 367.01 43.58
E 57 80 0.023775 0.004322 398.34 0.00
E 57 82 0.023784 0.004301 355.47 0.00
E 57 90 0.023587 0.003925 366.26 0.00
E 58 59 0.028928 0.004506 450.24 4.79
E 58 60 0.028855 0.004506 405.35 7.79
E 58 61 0.027087 0.004183 458.61 10.08
E 58 64 0.022676 0.003538 355.87 4.25
E 58 66 0.028355 0.004801 498.36 1.40
E 58 69 0.018691 0.003731 291.95 0.32
E 58 70 0.018904 0.003624 304.40 0.93
E 58 73 0.030982 0.005687 442.34 6.88
E 58 75 0.024808 0.005445 370.46 0.69
E 58 76 0.024395 0.004715 379.30 6.94
E 58 84 0.019137 0.003762 303.08 54.93
E 58 85 0.025956 0.003222 528.20 11.38
E 59 60 0.026838 0.004910 417.09 0.38
E 59 61 0.026700 0.004649 392.66 0.74
E 59 64 0.026569 0.004585 402.50 6.61
E 59 65 0.026771 0.005293 394.76 1.43
E 59 66 0.027193 0.005968 397.00 29.78
E 59 68 0.026703 0.004783 410.71 18.50
E 59 73 0.027996 0.005804 400.94 16.36
E 59 75 0.027100 0.005936 404.97 2.05
E 59 76 0.026769 0.005024 408.23 16.84
E 59 77 0.026745 0.004854 412.49 18.73
E 59 80 0.026701 0.004649 403.04 1.46
E 59 82 0.025949 0.005641 372.31 0.56
E 59 85 0.029149 0.003686 454.50 7.88
E 59 88 0.029150 0.005597 415.83 56.69
E 60 61 0.025714 0.004440 404.74 0.07
E 60 64 0.031183 0.004467 451.30 2.11
E 60 65 0.025930 0.005790 408.05 21.53
E 60 66 0.027530 0.006685 420.90 4.25
E 60 68 0.025707 0.004348 380.02 11.95
E 60 69 0.007954 0.000128 820.00 3.83
E 60 73 0.027893 0.005477 427.94 25.78
E 60 75 0.030992 0.007180 562.87 2.77
E 60 76 0.026424 0.004417 415.40 33.08
E 60 77 0.025596 0.004348 391.43 52.83
E 60 80 0.025747 0.004158 414.18 7.26
E 60 82 0.025282 0.004410 383.36 2.69
E 60 84 0.028128 0.000882 438.68 10.90
E 61 64 0.027370 0.003449 342.59 3.63
E 61 65 0.026147 0.005790 386.78 5.61
E 61 66 0.027369 0.006384 420.28 3.07
E 61 68 0.025169 0.004340 382.05 20.85
E 61 73 0.027920 0.005933 391.69 20.35
E 61 75 0.027653 0.001017 690.92 12.85
E 61 76 0.032740 0.001187 464.53 22.85
E 61 77 0.025239 0.004462 394.26 21.40
E 61 80 0.025039 0.004121 403.88 0.05
E 61 82 0.025094 0.004053 387.43 18.53
E 61 85 0.026127 0.001187 288.94 2.34
E 62 63 0.020241 0.005506 349.39 714.67
E 62 67 0.021755 0.002374 348.53 37.02
E 62 71 0.019322 0.003074 572.45 1050.37
E 62 72 0.020604 0.001809 316.70 1.04
E 62 74 0.023794 0.005597 354.60 4.03
E 62 78 0.021044 0.005088 315.78 8.17
E 62 79 0.020241 0.001331 353.25 1.50
E 62 81 0.019940 0.001958 271.83 254.76
E 62 83 0.019856 0.003386 310.03 0.00
E 62 87 0.021224 0.004093 316.18 0.55
E 63 67 0.022408 0.006358 369.53 102.17
E 63 72 0.019406 0.005635 314.36 3.78
E 63 78 0.019339 0.005475 311.48 49.54
E 63 79 0.019402 0.005706 312.50 8.07
E 63 81 0.019278 0.005802 309.29 0.17
E 64 66 0.029685 0.005246 454.08 4.79
E 64 69 0.022704 0.004116 373.92 0.50
E 64 70 0.022417 0.003452 355.38 1.53
E 64 73 0.027674 0.005255 407.30 6.20
E 64 75 0.024930 0.005302 366.09 0.87
E 64 76 0.024388 0.005024 408.55 6.25
E 64 84 0.022915 0.003858 343.65 3.20
E 64 85 0.024022 0.001018 373.52 2.06
E 64 88 0.025447 0.005823 303.89 0.75
E 65 66 0.027203 0.005947 410.32 0.11
E 65 68 0.026201 0.005834 380.85 0.09
E 65 73 0.028019 0.006209 427.52 0.11
E 65 77 0.026424 0.006508 389.64 0.09
E 65 80 0.026149 0.005790 387.11 1.61
E 65 82 0.026667 0.007103 395.79 1.55
E 65 90 0.026645 0.006721 379.67 0.00
E 66 68 0.027364 0.006384 405.18 1.15
E 66 73 0.027922 0.005822 419.81 0.72
E 66 75 0.028027 0.008847 428.97 0.33
E 66 76 0.026810 0.005251 413.18 0.88
E 66 77 0.027294 0.006236 387.21 1.17
E 66 80 0.027349 0.006406 405.47 3.52
E 66 82 0.027126 0.006067 411.70 10.45
E 66 90 0.026825 0.005957 417.98 0.00
E 67 71 0.021008 0.003184 333.29 31.29
E 67 74 0.022596 0.004726 362.69 5.00
E 67 78 0.022140 0.004337 334.01 36.88
E 67 79 0.022359 0.004739 345.15 0.48
E 67 81 0.022242 0.004494 355.08 16.77
E 67 83 0.022011 0.004433 337.75 0.00
E 67 87 0.022009 0.004433 339.52 186.18
E 68 80 0.024723 0.004452 382.95 4.68
E 68 82 0.022347 0.001431 354.48 2.00
E 68 90 0.022588 0.002148 368.22 2.19
E 69 70 0.018185 0.002512 302.22 0.41
E 69 71 0.021787 0.008626 324.00 101.97
E 69 75 0.025015 0.004939 363.02 1.32
E 69 76 0.024039 0.004444 368.04 1.67
E 69 83 0.003522 0.000096 324.00 3.16
E 69 84 0.018140 0.002452 303.76 3.40
E 69 87 0.001713 0.000000 156.00 0.00
E 70 75 0.029085 0.008518 495.64 0.11
E 70 76 0.027992 0.005088 534.33 113.93
E 70 84 0.017837 0.001212 284.71 0.16
E 71 74 0.022058 0.003742 329.47 5.35
E 71 75 0.024813 0.005570 365.95 2.96
E 71 83 0.019908 0.003438 313.43 0.80
E 71 87 0.021488 0.004382 338.23 0.11
E 72 78 0.019791 0.003691 337.15 0.71
E 72 79 0.015557 0.000276 253.69 0.22
E 72 81 0.017456 0.000855 297.77 0.67
E 73 75 0.027497 0.005668 389.37 3.93
E 73 80 0.027825 0.005865 381.82 5.75
E 73 82 0.036727 0.011533 593.40 1.34
E 74 75 0.024800 0.006002 370.99 0.16
E 74 78 0.022554 0.004636 360.74 0.23
E 74 81 0.022499 0.004597 358.86 9.88
E 74 83 0.022121 0.003938 355.61 0.68
E 74 87 0.022228 0.004180 358.40 29.54
E 75 76 0.024831 0.005290 391.49 3.60
E 75 84 0.024987 0.005106 396.12 0.57
E 76 84 0.024039 0.004444 373.19 3.07
E 77 80 0.024154 0.003613 389.35 4.80
E 77 82 0.023321 0.002986 367.86 2.30
E 77 90 0.023421 0.003095 359.65 5.62
E 78 79 0.019620 0.003540 315.81 0.05
E 78 81 0.019254 0.003377 308.24 2.04
E 78 87 0.021242 0.004383 362.36 0.72
E 79 81 0.017479 0.000915 290.64 1.08
E 80 82 0.024688 0.004762 381.04 0.05
E 80 90 0.024970 0.005083 379.43 2.41
E 82 90 0.019825 0.002831 313.29 511.06
E 83 87 0.021207 0.003970 332.68 0.11
E 83 89 0.019781 0.003300 319.55 2.31
E 85 88 0.016821 0.004428 259.15 4.27
E 87 89 0.021225 0.004093 332.96 20.38
END

SECTION Terminals
Root 4
Terminals 21
T 43
T 33
T 28
T 59
T 61
T 60
T 49
T 42
T 20
T 17
T 45
T 63
T 36
T 25
T 84
T 88
T 58
T 34
T 62
T 65
T 90
END

EOF