SECTION Comment
CREATOR "Carlos Araujo"
REMARK "Instance for QoS Multicast Routing Problem"
QoS METRICS "delay, jitter, bandwidth and estimate of link duration"
END

SECTION Graph
Nodes 70
Edges 602

E 1 2 0.023880 0.005653 415.61 0.01
E 1 5 0.023898 0.005981 358.63 0.15
E 1 6 0.020867 0.004304 395.80 0.06
E 1 10 0.023142 0.005587 349.05 0.11
E 1 11 0.023698 0.005753 385.12 0.22
E 1 12 0.023141 0.005587 350.74 0.47
E 1 13 0.024158 0.006292 382.26 0.13
E 1 14 0.024363 0.006710 383.59 0.30
E 1 15 0.021243 0.004107 357.59 7.68
E 1 17 0.023239 0.005462 360.53 10.64
E 1 23 0.023016 0.004297 355.41 0.07
E 1 25 0.021460 0.004671 323.51 0.05
E 1 31 0.023182 0.006264 353.75 68.33
E 1 34 0.028331 0.003222 449.45 14.72
E 1 37 0.022233 0.004641 348.26 0.10
E 1 40 0.025132 0.007535 423.87 0.02
E 1 43 0.023181 0.005553 391.76 0.22
E 1 45 0.023195 0.005088 338.73 62.12
E 1 49 0.022647 0.004821 367.36 0.08
E 1 51 0.004770 0.000576 480.00 149.44
E 1 52 0.004578 0.001152 456.00 38.31
E 1 56 0.023001 0.004940 355.39 0.05
E 1 57 0.023020 0.005612 348.69 0.16
E 1 58 0.023483 0.005455 367.47 0.09
E 1 60 0.023002 0.004138 349.65 35.99
E 1 61 0.023376 0.005224 368.68 0.35
E 1 62 0.022872 0.004560 337.57 18.13
E 1 64 0.022754 0.004646 353.54 0.23
E 1 67 0.023134 0.005470 347.28 1.52
E 2 4 0.019749 0.002798 349.74 0.27
E 2 5 0.021755 0.004097 286.09 0.17
E 2 7 0.007075 0.000160 652.00 0.00
E 2 9 0.001937 0.000000 184.00 0.00
E 2 10 0.021848 0.004760 361.37 0.17
E 2 11 0.024869 0.006581 361.97 0.22
E 2 12 0.023676 0.005221 379.44 0.20
E 2 14 0.022411 0.005716 355.61 0.24
E 2 15 0.023092 0.006407 357.23 166.40
E 2 17 0.021241 0.004579 325.44 0.48
E 2 18 0.019173 0.000678 275.48 0.11
E 2 25 0.020262 0.003320 344.97 0.06
E 2 28 0.024740 0.006501 419.78 16.92
E 2 31 0.022667 0.006398 359.50 0.01
E 2 32 0.021320 0.003618 547.55 0.27
E 2 37 0.023846 0.006973 377.48 0.16
E 2 42 0.024373 0.011758 374.73 0.15
E 2 43 0.021364 0.004010 334.25 0.35
E 2 45 0.021737 0.005870 362.55 319.71
E 2 49 0.022325 0.004925 356.44 0.21
E 2 53 0.021208 0.006784 324.23 0.09
E 2 54 0.019511 0.000227 395.33 48.68
E 2 56 0.022957 0.006596 374.50 0.26
E 2 57 0.022185 0.004710 389.65 384.31
E 2 58 0.020327 0.003093 334.72 0.49
E 2 59 0.014442 0.002337 233.62 0.54
E 2 60 0.018079 0.002752 446.37 12.52
E 2 61 0.021609 0.004482 350.35 134.46
E 2 64 0.020977 0.003976 328.02 15.11
E 2 68 0.021208 0.006784 464.95 34.43
E 3 18 0.018492 0.004904 294.86 8395.79
E 3 20 0.021248 0.004516 310.12 0.00
E 3 32 0.019772 0.004604 298.71 0.08
E 3 41 0.017299 0.004048 291.68 0.08
E 3 42 0.020000 0.004523 324.64 0.00
E 3 47 0.018397 0.004602 292.33 171.46
E 3 50 0.020335 0.004050 326.85 1.19
E 3 53 0.019782 0.003460 305.13 29.70
E 3 54 0.020613 0.003308 342.69 2.62
E 3 63 0.020675 0.003271 287.70 0.05
E 3 68 0.019964 0.003686 283.32 0.46
E 3 69 0.018375 0.004441 308.22 2.63
E 4 5 0.016687 0.001390 273.07 3125.91
E 4 6 0.016946 0.001816 274.98 140.76
E 4 8 0.018656 0.002661 321.24 0.36
E 4 10 0.019244 0.001150 351.07 0.00
E 4 17 0.018669 0.002210 311.45 32.26
E 4 25 0.017505 0.000792 280.39 0.01
E 4 28 0.016324 0.001832 255.88 0.53
E 4 31 0.020674 0.005936 374.98 302.81
E 4 43 0.017860 0.000724 285.77 0.00
E 4 49 0.021947 0.004930 330.36 949.00
E 4 57 0.021799 0.006106 331.33 0.43
E 4 59 0.016315 0.002384 248.91 0.00
E 4 61 0.018877 0.001747 316.28 0.29
E 4 62 0.018315 0.002935 312.82 215.75
E 4 64 0.021144 0.003497 340.68 0.98
E 4 67 0.020267 0.002714 299.15 2.25
E 5 6 0.021834 0.004455 328.92 0.00
E 5 8 0.022590 0.004749 342.18 0.23
E 5 10 0.022695 0.003276 350.32 118.48
E 5 11 0.022721 0.004175 341.13 804.89
E 5 13 0.021602 0.003260 322.14 0.00
E 5 14 0.022647 0.003489 334.68 0.00
E 5 17 0.021105 0.002530 359.13 23.23
E 5 31 0.024160 0.005657 409.06 132.79
E 5 34 0.023243 0.002374 408.67 20.65
E 5 37 0.021822 0.003625 416.46 248.94
E 5 43 0.021164 0.002374 316.38 161.95
E 5 45 0.019883 0.003630 329.05 80.21
E 5 56 0.021574 0.004297 349.56 0.37
E 5 57 0.023601 0.003754 403.37 0.35
E 5 58 0.023846 0.002789 358.04 0.18
E 5 59 0.016857 0.005707 298.00 12.95
E 5 60 0.003362 0.000064 304.00 44.18
E 5 61 0.021786 0.004791 353.13 0.24
E 5 62 0.018698 0.003998 291.07 99.59
E 5 64 0.021523 0.003532 364.54 1.15
E 5 67 0.023788 0.005476 369.63 1.77
E 6 8 0.018021 0.003333 289.91 0.24
E 6 10 0.022422 0.003145 354.15 70.35
E 6 11 0.018959 0.003964 293.41 0.00
E 6 13 0.018090 0.002565 330.87 54.82
E 6 17 0.017658 0.002047 331.47 30.35
E 6 30 0.017398 0.002959 260.19 0.00
E 6 31 0.021544 0.005759 330.13 87.89
E 6 34 0.019918 0.004037 364.00 19.60
E 6 37 0.019148 0.003075 312.89 34.21
E 6 43 0.023922 0.003460 609.49 6.98
E 6 49 0.021869 0.005754 353.72 0.00
E 6 52 0.021717 0.004749 265.88 116.48
E 6 57 0.021644 0.002883 387.42 0.37
E 6 59 0.017273 0.002255 265.78 83.59
E 6 62 0.004034 0.000736 388.00 88.50
E 6 64 0.018833 0.002551 293.75 1.18
E 6 67 0.020349 0.003075 318.05 2.13
E 6 70 0.017508 0.003250 285.20 0.38
E 7 16 0.020719 0.004199 324.57 35.41
E 7 18 0.020919 0.003192 364.53 0.97
E 7 28 0.020134 0.003392 440.83 5.13
E 7 41 0.020891 0.002397 552.56 0.29
E 7 50 0.020587 0.003941 323.55 0.54
E 7 54 0.020640 0.004616 337.06 4.10
E 7 60 0.020935 0.004605 310.86 3.22
E 7 63 0.020707 0.004163 314.36 33.62
E 7 65 0.022339 0.005050 400.08 0.94
E 7 68 0.020639 0.004481 323.56 0.86
E 7 69 0.020501 0.003928 356.02 3.90
E 8 10 0.023946 0.003862 322.89 0.21
E 8 11 0.019822 0.004282 297.03 0.17
E 8 12 0.022718 0.004471 337.52 0.40
E 8 13 0.016901 0.002139 288.20 0.17
E 8 14 0.024503 0.002956 412.88 0.30
E 8 24 0.013214 0.000669 205.00 1.88
E 8 26 0.013265 0.000678 194.71 0.88
E 8 29 0.013214 0.000669 218.81 1.89
E 8 30 0.013265 0.000745 203.79 0.89
E 8 31 0.025423 0.007123 486.06 10.51
E 8 34 0.020147 0.004037 317.04 48.39
E 8 37 0.020709 0.003256 313.21 0.21
E 8 44 0.013215 0.001715 215.04 0.85
E 8 49 0.022884 0.007123 350.87 0.23
E 8 52 0.019738 0.004749 326.96 17.69
E 8 57 0.021887 0.001753 359.43 0.81
E 8 59 0.018451 0.002360 282.55 0.21
E 8 62 0.005458 0.000256 508.00 22.44
E 8 64 0.020385 0.002326 409.44 2.36
E 8 67 0.021344 0.001628 289.84 2.63
E 8 70 0.013153 0.001597 211.32 0.22
E 9 16 0.020001 0.003667 332.67 36.62
E 9 18 0.021497 0.003101 332.41 0.98
E 9 41 0.019715 0.001990 306.52 0.31
E 9 50 0.020050 0.003753 315.14 0.55
E 9 54 0.019722 0.004283 338.86 4.21
E 9 60 0.019381 0.003125 317.20 3.19
E 9 63 0.019795 0.003462 310.27 34.72
E 9 65 0.019945 0.004462 320.91 0.93
E 9 68 0.020251 0.004780 307.07 0.87
E 9 69 0.020250 0.005058 310.05 3.93
E 10 11 0.022425 0.003040 405.46 59.74
E 10 13 0.022500 0.002868 338.41 0.06
E 10 14 0.022860 0.003565 356.06 295.14
E 10 15 0.022581 0.004781 356.29 2.24
E 10 17 0.021211 0.002595 337.93 20.61
E 10 23 0.018962 0.005766 308.30 0.00
E 10 28 0.019967 0.001331 314.49 0.79
E 10 31 0.022388 0.006172 356.83 118.29
E 10 34 0.025752 0.004681 402.50 21.14
E 10 37 0.020705 0.002869 326.18 0.00
E 10 40 0.026720 0.004834 404.07 0.05
E 10 43 0.021081 0.002049 323.10 0.00
E 10 45 0.021188 0.004337 345.20 77.06
E 10 49 0.021849 0.005074 329.91 1294.55
E 10 52 0.024261 0.006106 281.53 146.71
E 10 56 0.021154 0.004484 371.36 0.33
E 10 57 0.022444 0.003998 336.82 0.58
E 10 58 0.020916 0.001947 322.81 0.22
E 10 60 0.025391 0.001809 366.67 55.48
E 10 61 0.021154 0.003668 318.03 0.41
E 10 62 0.022556 0.002835 338.26 97.49
E 10 64 0.021522 0.003579 352.57 1.47
E 10 67 0.021921 0.003959 336.44 1.56
E 11 13 0.016908 0.002994 275.00 289.40
E 11 14 0.021922 0.003186 358.46 0.00
E 11 15 0.018110 0.003295 291.23 0.62
E 11 17 0.022643 0.005348 345.42 6.73
E 11 22 0.019083 0.002171 295.40 0.40
E 11 23 0.019530 0.003036 270.43 2.48
E 11 28 0.019962 0.003935 361.48 10.26
E 11 31 0.022902 0.006985 354.85 68.38
E 11 34 0.017966 0.004419 284.23 17.42
E 11 36 0.015005 0.003324 246.75 37.51
E 11 37 0.021411 0.004656 318.90 13.32
E 11 40 0.021094 0.002352 316.28 0.05
E 11 43 0.025109 0.002261 420.73 2.40
E 11 49 0.023305 0.005962 397.91 39.86
E 11 51 0.015508 0.003463 248.94 158.19
E 11 52 0.022565 0.003392 451.40 106.59
E 11 57 0.022709 0.003659 434.70 0.64
E 11 67 0.022632 0.003596 365.42 1.98
E 11 70 0.018646 0.005503 322.92 0.42
E 12 15 0.022068 0.004625 339.64 0.39
E 12 17 0.022047 0.003574 345.30 24.68
E 12 28 0.021849 0.003222 332.25 159.83
E 12 31 0.022190 0.006157 355.35 132.09
E 12 34 0.005426 0.000672 504.00 20.55
E 12 40 0.022056 0.001526 243.16 0.06
E 12 45 0.022501 0.004671 343.91 83.28
E 12 52 0.001713 0.000000 156.00 138.98
E 12 56 0.022817 0.004968 358.97 0.17
E 12 57 0.022762 0.004725 346.86 0.59
E 12 58 0.022657 0.004289 355.30 0.12
E 12 60 0.008084 0.000384 720.00 49.63
E 12 61 0.022749 0.004820 350.35 0.34
E 12 62 0.022565 0.004431 347.13 97.26
E 12 64 0.022273 0.004125 357.19 1.43
E 12 67 0.022992 0.005028 360.31 1.52
E 13 14 0.021911 0.003116 315.53 227.27
E 13 15 0.017965 0.003342 305.25 0.66
E 13 17 0.019037 0.002035 297.68 7.24
E 13 22 0.016938 0.004768 252.80 2.03
E 13 23 0.017663 0.004322 302.73 218.38
E 13 26 0.015803 0.002261 262.60 275.42
E 13 28 0.019316 0.003440 346.15 0.83
E 13 30 0.015854 0.002423 246.24 912.82
E 13 31 0.023468 0.005917 375.30 72.87
E 13 34 0.018144 0.004606 272.63 17.42
E 13 36 0.015848 0.003783 262.31 38.94
E 13 37 0.020201 0.003821 303.99 6.59
E 13 40 0.017381 0.003567 269.79 0.04
E 13 43 0.022989 0.002782 332.73 132.14
E 13 49 0.023656 0.006337 397.76 0.00
E 13 51 0.016185 0.003791 246.24 162.24
E 13 52 0.016819 0.003426 257.53 104.75
E 13 57 0.023845 0.003920 438.00 0.38
E 13 67 0.023197 0.003822 337.16 1.86
E 13 70 0.018382 0.004297 423.00 0.38
E 14 15 0.021031 0.003961 335.93 2.51
E 14 16 0.018127 0.004424 322.78 131.74
E 14 17 0.022477 0.003359 346.95 15.78
E 14 20 0.020359 0.004149 335.88 124.08
E 14 23 0.020920 0.008565 362.25 57.15
E 14 25 0.022139 0.003534 339.02 3582.79
E 14 28 0.022430 0.004085 354.14 0.52
E 14 31 0.024424 0.005218 368.51 130.31
E 14 34 0.020699 0.002374 376.92 21.37
E 14 37 0.021876 0.003609 350.41 173.89
E 14 40 0.023583 0.003222 443.35 0.08
E 14 43 0.022403 0.003379 363.45 48.17
E 14 45 0.022467 0.005338 353.47 84.26
E 14 49 0.022180 0.004351 369.06 0.00
E 14 50 0.017929 0.004587 283.94 4.41
E 14 54 0.019627 0.004370 360.03 1.46
E 14 56 0.022363 0.005267 341.95 1.65
E 14 57 0.022863 0.003312 361.39 0.33
E 14 58 0.022282 0.003255 347.67 0.15
E 14 60 0.019106 0.004679 307.95 56.34
E 14 61 0.023579 0.006388 357.98 0.33
E 14 62 0.022485 0.003671 343.87 75.01
E 14 63 0.018392 0.003930 361.04 121.72
E 14 64 0.022666 0.004150 354.83 1.97
E 14 65 0.017579 0.004257 302.57 1.16
E 14 67 0.022930 0.004727 378.85 1.55
E 15 17 0.022394 0.006513 369.12 0.00
E 15 19 0.018834 0.006396 337.80 0.95
E 15 22 0.017714 0.005131 271.94 3.52
E 15 23 0.019782 0.004905 318.64 3.44
E 15 25 0.022551 0.004373 325.76 3.11
E 15 28 0.020014 0.003910 294.71 0.61
E 15 31 0.020750 0.004853 348.15 0.05
E 15 34 0.018010 0.003112 283.65 6.37
E 15 36 0.018017 0.002352 298.65 12.15
E 15 37 0.019867 0.003914 336.88 2.39
E 15 39 0.017856 0.006063 332.81 10.14
E 15 40 0.017637 0.002651 313.66 1.35
E 15 43 0.022551 0.004373 345.12 6.96
E 15 46 0.017597 0.004132 278.79 14.67
E 15 49 0.020432 0.003791 357.32 4.44
E 15 51 0.018209 0.002940 270.02 4.54
E 15 52 0.017905 0.004301 259.43 5.39
E 15 56 0.022547 0.004986 359.62 0.90
E 15 57 0.021747 0.004299 336.03 3.91
E 15 58 0.022726 0.005231 324.24 1.36
E 15 60 0.021387 0.003410 368.00 22.42
E 15 61 0.022547 0.004986 357.61 0.50
E 15 67 0.021694 0.003731 357.24 0.01
E 16 19 0.018438 0.000169 372.95 6.51
E 16 20 0.021199 0.004445 325.30 40.61
E 16 25 0.020125 0.003243 341.29 112.96
E 16 35 0.019375 0.004749 366.27 37.61
E 16 36 0.019510 0.004494 320.67 5.69
E 16 42 0.019212 0.002075 303.73 20.00
E 16 50 0.019344 0.002420 297.85 3.24
E 16 51 0.003714 0.000800 348.00 8.43
E 16 55 0.018357 0.000340 287.16 0.43
E 16 60 0.018936 0.003288 280.94 0.00
E 16 63 0.019676 0.003235 301.43 0.04
E 16 65 0.021347 0.005597 353.21 2.60
E 16 68 0.018994 0.002062 308.04 1.47
E 16 69 0.019328 0.004222 295.19 4.19
E 17 31 0.022004 0.005778 360.86 147.06
E 17 37 0.019290 0.003289 297.10 5.90
E 17 43 0.021258 0.003269 335.62 22.25
E 17 45 0.022039 0.005028 353.06 9.88
E 17 49 0.021049 0.003602 337.92 29.70
E 17 56 0.021421 0.003480 341.31 31.02
E 17 57 0.021844 0.003408 328.92 2.56
E 17 58 0.021050 0.002544 361.93 17.01
E 17 59 0.017331 0.001526 284.87 38.46
E 17 60 0.020812 0.002205 294.62 0.84
E 17 61 0.021774 0.005227 341.73 1.94
E 17 62 0.021060 0.002662 337.06 0.37
E 17 64 0.020732 0.003226 317.94 0.31
E 17 67 0.022135 0.004263 341.13 0.31
E 18 20 0.021532 0.003646 356.18 1.56
E 18 25 0.021281 0.003034 329.38 1.21
E 18 32 0.020687 0.002891 349.73 6.28
E 18 38 0.022607 0.005470 377.57 2.33
E 18 41 0.020035 0.002364 342.10 0.07
E 18 42 0.019944 0.002000 331.32 1.59
E 18 47 0.011486 0.000529 164.37 4.54
E 18 50 0.019738 0.002109 336.68 0.79
E 18 53 0.019967 0.002337 290.23 0.63
E 18 54 0.021078 0.003589 368.35 0.61
E 18 63 0.020942 0.003554 365.04 43.78
E 18 68 0.019876 0.002578 346.68 0.69
E 18 69 0.018313 0.004255 305.52 3.44
E 19 21 0.014064 0.002141 267.29 0.47
E 19 22 0.010853 0.002880 1008.00 0.26
E 19 23 0.019715 0.005653 324.62 1.29
E 19 27 0.016359 0.003365 265.35 1.01
E 19 28 0.017137 0.003324 314.52 1.89
E 19 33 0.016988 0.004003 271.40 1.49
E 19 36 0.017456 0.001884 253.27 5.93
E 19 46 0.015601 0.003305 238.07 195.64
E 19 48 0.016528 0.005147 248.86 1.61
E 19 51 0.016383 0.002212 275.63 2.69
E 19 52 0.016992 0.002568 311.60 0.50
E 19 55 0.015423 0.002798 269.01 4.24
E 19 63 0.001489 0.000000 128.00 17.22
E 19 65 0.022872 0.005643 364.79 0.32
E 19 66 0.015691 0.003189 244.10 7.01
E 20 25 0.021388 0.003116 309.75 0.00
E 20 32 0.021143 0.004295 323.79 1658.62
E 20 38 0.021143 0.005073 332.17 0.00
E 20 41 0.021184 0.004362 349.05 0.20
E 20 42 0.021200 0.004445 346.45 0.00
E 20 54 0.021111 0.005188 345.48 4.23
E 20 63 0.021165 0.004656 362.47 37.57
E 20 65 0.021275 0.004866 358.93 0.87
E 20 69 0.021849 0.004372 319.07 3.64
E 21 27 0.013432 0.002270 215.70 0.06
E 21 35 0.017050 0.002807 275.42 418.52
E 21 36 0.019341 0.004452 288.08 34.35
E 21 38 0.017111 0.002279 273.11 557.40
E 21 48 0.013765 0.000807 251.35 4.49
E 21 55 0.017755 0.003272 319.38 6.75
E 22 23 0.018745 0.005941 287.71 0.03
E 22 28 0.018298 0.002698 292.29 0.38
E 22 34 0.017997 0.004410 301.02 20.34
E 22 36 0.016864 0.004250 254.88 38.64
E 22 37 0.019219 0.004053 324.97 0.11
E 22 39 0.017112 0.004664 276.65 8.82
E 22 40 0.017239 0.004340 278.55 0.03
E 22 46 0.016024 0.005150 272.26 23.59
E 22 51 0.016683 0.003920 260.24 36.63
E 22 52 0.016849 0.004065 286.24 149.47
E 23 28 0.019456 0.003463 298.39 0.79
E 23 34 0.018310 0.005222 324.06 13.74
E 23 36 0.018136 0.005314 283.96 13.61
E 23 37 0.019783 0.004541 316.77 0.00
E 23 40 0.018318 0.004845 282.21 0.12
E 23 49 0.018050 0.006127 310.86 242.87
E 23 51 0.018641 0.005921 285.79 105.86
E 23 52 0.019171 0.006129 292.71 56.56
E 23 57 0.022527 0.005096 365.23 0.80
E 23 60 0.019036 0.003713 319.60 10.65
E 24 39 0.017646 0.003307 332.90 6.99
E 24 70 0.012802 0.001151 194.61 0.25
E 25 28 0.018195 0.001755 286.82 0.78
E 25 32 0.020703 0.003107 334.41 493.08
E 25 42 0.020838 0.003208 370.77 1.68
E 25 45 0.018548 0.003053 320.36 248.44
E 25 50 0.021772 0.003561 335.67 0.36
E 25 53 0.020733 0.003307 374.20 21.11
E 25 54 0.020376 0.003901 322.94 2.11
E 25 57 0.021986 0.004689 326.33 0.70
E 25 58 0.016560 0.000689 255.37 0.21
E 25 60 0.020680 0.003490 372.81 6.56
E 25 61 0.018958 0.001696 297.88 0.48
E 25 63 0.020790 0.003731 347.44 103.73
E 25 67 0.021077 0.003451 295.08 0.13
E 25 68 0.020880 0.003405 312.22 0.59
E 26 30 0.012786 0.000760 191.84 0.00
E 26 39 0.017646 0.003307 288.14 6.91
E 26 70 0.012871 0.001386 189.14 0.25
E 27 33 0.018113 0.004777 294.82 0.03
E 27 35 0.017075 0.003706 272.80 0.02
E 27 36 0.018471 0.004022 286.01 8.55
E 27 48 0.011531 0.000894 164.98 1.26
E 27 55 0.017608 0.003354 305.73 16.56
E 27 65 0.022327 0.005495 328.63 0.33
E 27 66 0.015629 0.003212 265.55 12.78
E 28 31 0.024429 0.004862 458.89 0.15
E 28 34 0.018321 0.002698 303.76 4.82
E 28 36 0.021170 0.005050 296.51 17.54
E 28 37 0.020452 0.003882 333.86 23.05
E 28 39 0.019255 0.006361 287.05 16.54
E 28 40 0.018323 0.002629 273.44 3.46
E 28 43 0.018400 0.001837 279.83 9.73
E 28 46 0.015970 0.002544 283.71 8.39
E 28 49 0.001969 0.000000 188.00 2.04
E 28 51 0.018356 0.002933 300.73 5.82
E 28 52 0.018249 0.003033 319.65 7.67
E 28 54 0.019035 0.003229 346.01 0.11
E 28 56 0.020143 0.003978 309.99 0.48
E 28 57 0.022004 0.004466 363.91 0.42
E 28 58 0.018177 0.001722 303.37 0.92
E 28 60 0.021732 0.003546 317.54 26.58
E 28 61 0.019199 0.002035 339.25 1.65
E 28 66 0.016629 0.000848 198.96 21.68
E 29 39 0.017646 0.003307 275.09 7.01
E 29 70 0.012801 0.001135 199.67 0.25
E 30 39 0.017646 0.003307 253.45 6.96
E 30 70 0.012871 0.001386 215.79 0.28
E 31 37 0.021536 0.005121 346.50 31.17
E 31 43 0.024664 0.004695 395.92 137.84
E 31 45 0.024167 0.005858 358.15 0.76
E 31 49 0.021979 0.006060 362.84 101.06
E 31 56 0.024036 0.005837 378.68 101.21
E 31 57 0.022570 0.005490 351.51 7.44
E 31 58 0.025414 0.005597 355.65 105.26
E 31 59 0.020450 0.006287 315.28 399.07
E 31 61 0.024036 0.005837 354.21 20.08
E 31 62 0.024239 0.005926 346.50 11.88
E 31 64 0.022119 0.006118 334.62 30.97
E 31 67 0.022378 0.005983 357.97 229.78
E 32 38 0.019453 0.004658 290.09 2.55
E 32 41 0.020553 0.002374 359.64 0.13
E 32 42 0.019926 0.002653 307.45 15.42
E 32 50 0.019927 0.002653 318.75 2.46
E 32 53 0.019928 0.002653 325.03 21.22
E 32 54 0.020320 0.004415 358.90 1.59
E 32 63 0.019983 0.003235 315.97 8.23
E 32 68 0.019891 0.002675 313.13 0.70
E 32 69 0.019890 0.004454 329.93 3.52
E 33 35 0.017122 0.002963 260.82 1497.76
E 33 36 0.018154 0.003867 319.74 31.18
E 33 40 0.017308 0.003222 289.98 0.11
E 33 46 0.016810 0.003807 285.58 0.77
E 33 55 0.016542 0.003813 252.00 14.51
E 33 65 0.017851 0.003258 285.18 0.87
E 33 66 0.017076 0.004148 264.25 17.40
E 34 36 0.017666 0.004617 283.63 0.04
E 34 37 0.019816 0.004127 321.75 16.17
E 34 40 0.017773 0.004230 316.87 14.97
E 34 43 0.003810 0.000640 360.00 21.97
E 34 46 0.017646 0.002714 339.73 2.71
E 34 49 0.025617 0.006445 557.18 19.50
E 34 51 0.017652 0.004511 269.28 15.30
E 34 52 0.017738 0.004086 290.05 0.21
E 34 57 0.024713 0.004070 451.20 15.58
E 34 60 0.003842 0.000608 364.00 3.97
E 35 36 0.019270 0.006411 324.45 27.67
E 35 38 0.017730 0.005754 278.47 0.00
E 35 41 0.017225 0.002774 290.02 0.13
E 35 48 0.017886 0.004628 309.34 2.12
E 35 55 0.017092 0.002913 287.33 8.85
E 35 63 0.019068 0.003482 284.06 35.86
E 35 65 0.017885 0.003361 302.92 0.32
E 36 37 0.019467 0.004229 334.91 3.73
E 36 39 0.017172 0.003543 317.11 0.15
E 36 40 0.014906 0.001344 226.77 7.46
E 36 46 0.016840 0.004071 263.27 0.48
E 36 48 0.019208 0.003958 268.92 3.19
E 36 51 0.015894 0.002265 246.91 135.54
E 36 52 0.015076 0.002041 263.77 0.07
E 36 55 0.018659 0.003552 365.18 15.31
E 36 63 0.022395 0.004494 337.34 6.36
E 36 65 0.022419 0.005229 354.96 14.65
E 37 40 0.020080 0.003704 324.14 0.07
E 37 43 0.021741 0.003540 384.90 0.00
E 37 49 0.021244 0.004127 344.93 1331.36
E 37 51 0.019876 0.003955 298.80 152.96
E 37 52 0.019844 0.003627 307.18 112.83
E 37 57 0.022857 0.005006 350.49 0.56
E 37 60 0.004722 0.000128 416.00 53.53
E 37 67 0.021961 0.004526 372.57 2.01
E 38 41 0.017378 0.004128 262.45 0.10
E 38 50 0.020388 0.002205 345.99 0.53
E 38 63 0.018859 0.004533 289.80 19.09
E 38 69 0.018608 0.001922 290.12 1.16
E 39 44 0.017646 0.003307 285.99 6.97
E 39 46 0.015110 0.003510 238.83 1.46
E 39 52 0.016838 0.004897 296.69 3.63
E 39 66 0.014581 0.003140 231.18 17.59
E 40 51 0.015646 0.001988 256.67 59.25
E 40 52 0.015127 0.001761 238.21 40.53
E 40 57 0.023583 0.002940 350.38 0.33
E 40 60 0.019276 0.003287 305.29 54.34
E 41 42 0.019694 0.001951 305.38 0.12
E 41 47 0.016926 0.001396 272.30 0.09
E 41 50 0.020219 0.001611 303.00 0.09
E 41 53 0.018387 0.003519 310.30 0.24
E 41 54 0.020765 0.003053 323.25 5.29
E 41 68 0.017661 0.001148 306.09 1.00
E 41 69 0.019273 0.004439 325.87 2.81
E 42 50 0.019383 0.002181 292.95 0.90
E 42 53 0.018557 0.001728 278.16 83.82
E 42 54 0.019983 0.004414 311.91 1.63
E 42 63 0.019682 0.003235 319.84 17.27
E 42 68 0.018560 0.001748 312.70 0.54
E 42 69 0.018565 0.004280 294.11 3.68
E 43 45 0.020174 0.004767 323.84 70.52
E 43 49 0.023921 0.005742 329.94 263.72
E 43 56 0.020858 0.004321 334.64 1.65
E 43 57 0.022060 0.003784 341.04 0.37
E 43 58 0.018734 0.002184 278.63 0.22
E 43 60 0.020699 0.001017 272.44 74.86
E 43 61 0.020738 0.004295 338.38 0.32
E 43 62 0.018624 0.002189 329.31 67.49
E 43 64 0.021283 0.002676 343.71 1.64
E 43 67 0.021923 0.003831 354.75 1.57
E 44 70 0.012913 0.001285 202.71 0.25
E 45 56 0.020637 0.003991 315.59 122.75
E 45 57 0.022043 0.004655 363.13 5.37
E 45 58 0.020427 0.004743 324.67 74.63
E 45 60 0.018154 0.000904 272.33 14.01
E 45 61 0.020311 0.003943 322.05 20.15
E 45 62 0.020034 0.003941 314.42 1.74
E 45 64 0.021261 0.004489 362.49 2.70
E 45 67 0.021877 0.004856 336.73 14.76
E 46 51 0.016435 0.003392 283.58 2.93
E 46 52 0.017691 0.004545 306.36 2.74
E 46 55 0.014946 0.000834 225.11 20.99
E 46 66 0.014807 0.003300 225.97 36.30
E 47 50 0.020278 0.001589 316.91 1.35
E 47 69 0.019157 0.004240 301.77 2.02
E 48 55 0.016864 0.001323 255.19 3.68
E 49 52 0.010885 0.003072 1012.00 117.17
E 49 56 0.021564 0.004123 361.14 0.08
E 49 57 0.022025 0.004878 372.38 0.37
E 49 59 0.021892 0.004849 318.66 145.48
E 49 61 0.021564 0.004123 313.03 0.26
E 49 62 0.025957 0.004297 289.97 76.17
E 49 64 0.022029 0.004849 329.53 1.29
E 49 67 0.021582 0.004454 334.48 2.08
E 50 53 0.019405 0.002207 321.65 0.58
E 50 54 0.019824 0.004203 320.88 3.43
E 50 63 0.019675 0.003222 309.42 51.55
E 50 68 0.019439 0.002238 293.77 0.45
E 50 69 0.019458 0.004587 308.50 2.65
E 51 52 0.015553 0.002241 242.69 0.03
E 51 60 0.003202 0.000096 284.00 1.68
E 51 65 0.020870 0.002827 298.36 5.17
E 53 54 0.019966 0.004424 309.07 3.45
E 53 68 0.016008 0.001519 263.14 0.53
E 53 69 0.017749 0.004563 287.94 2.87
E 54 63 0.019698 0.004230 317.57 3.45
E 54 68 0.019968 0.004424 300.84 0.95
E 54 69 0.020677 0.003350 320.30 4.08
E 55 63 0.020764 0.003244 331.90 0.24
E 55 65 0.017849 0.003258 290.76 0.31
E 55 66 0.015475 0.003932 238.43 0.10
E 56 57 0.022042 0.004650 348.75 0.67
E 56 58 0.021098 0.004677 335.17 0.35
E 56 61 0.020591 0.003827 361.79 0.20
E 56 62 0.020871 0.004158 328.17 78.29
E 56 64 0.021236 0.003799 328.90 1.28
E 56 67 0.021838 0.004613 348.06 2.13
E 57 58 0.022017 0.003663 349.97 0.54
E 57 60 0.024712 0.004070 312.96 4.40
E 57 61 0.022042 0.004457 339.20 2.39
E 57 62 0.022828 0.002488 389.32 3.53
E 57 64 0.025958 0.001865 367.62 0.43
E 57 67 0.022423 0.004015 357.47 0.86
E 58 60 0.017515 0.000904 287.77 117.13
E 58 61 0.020959 0.004390 316.35 0.17
E 58 67 0.022013 0.003967 330.25 1.46
E 59 62 0.009109 0.000128 732.00 213.36
E 59 64 0.021105 0.003539 325.61 1.03
E 60 63 0.019470 0.003125 339.03 0.03
E 60 65 0.017767 0.003297 285.63 23.57
E 60 67 0.006947 0.000256 636.00 0.46
E 61 62 0.020452 0.003601 322.77 3.33
E 61 64 0.021236 0.003779 339.39 0.32
E 61 67 0.021838 0.003846 347.51 0.32
E 62 64 0.021047 0.003496 328.83 0.25
E 62 67 0.021921 0.004088 349.01 0.27
E 63 65 0.019667 0.004070 323.00 1.64
E 64 67 0.022122 0.004064 353.97 0.20
E 65 66 0.022627 0.005211 329.00 1.14
E 68 69 0.017932 0.004661 287.43 0.13
END

SECTION Terminals
Root 27
Terminals 15
T 15
T 45
T 54
T 34
T 10
T 40
T 59
T 12
T 58
T 28
T 29
T 5
T 36
T 53
T 30
END

EOF