SECTION Comment
CREATOR "Carlos Araujo"
REMARK "Instance for QoS Multicast Routing Problem"
QoS METRICS "delay, jitter, bandwidth and estimate of link duration"
END

SECTION Graph
Nodes 70
Edges 850

E 1 5 0.029161 0.005568 465.30 0.04
E 1 8 0.028400 0.005964 396.65 4.56
E 1 10 0.028507 0.006283 388.15 2.81
E 1 13 0.029479 0.005521 432.76 0.32
E 1 17 0.026149 0.007094 408.02 1.78
E 1 20 0.026569 0.005500 386.53 1.10
E 1 39 0.026135 0.005559 395.80 13.26
E 1 42 0.024261 0.000339 374.63 1.69
E 1 45 0.029346 0.005621 410.41 3.01
E 1 46 0.024260 0.000611 393.50 0.15
E 1 48 0.026729 0.005265 421.28 0.09
E 1 50 0.026418 0.005345 363.05 0.01
E 1 51 0.028291 0.006049 425.60 3.55
E 1 52 0.027230 0.005561 400.21 0.16
E 1 54 0.027050 0.005985 422.74 5.72
E 1 57 0.027111 0.005798 407.34 2.61
E 1 58 0.003714 0.000096 348.00 81.25
E 1 59 0.026539 0.005453 399.10 2.59
E 1 60 0.026568 0.005500 378.28 17.60
E 1 61 0.026826 0.005450 410.82 3.13
E 1 64 0.025956 0.004658 403.32 5.11
E 1 65 0.027050 0.006377 431.51 1.12
E 1 66 0.026568 0.005500 426.08 1.96
E 2 5 0.023506 0.002601 378.45 0.29
E 2 7 0.024100 0.002937 382.92 756.55
E 2 9 0.026901 0.005984 375.46 28.98
E 2 18 0.024722 0.003977 407.37 21.01
E 2 20 0.022718 0.001908 370.78 4.98
E 2 22 0.025107 0.003033 401.84 1675.52
E 2 24 0.022359 0.002216 354.11 0.00
E 2 35 0.023710 0.005020 366.17 286.31
E 2 39 0.022687 0.001856 346.89 12.18
E 2 42 0.022741 0.001963 339.62 0.68
E 2 45 0.021772 0.003441 389.39 4.16
E 2 46 0.022741 0.001963 366.51 0.29
E 2 48 0.024365 0.003048 388.11 0.13
E 2 51 0.026481 0.005865 400.55 5.73
E 2 52 0.025079 0.003410 372.84 4.23
E 2 54 0.023037 0.002475 368.17 1.59
E 2 57 0.023886 0.004369 352.01 3.35
E 2 59 0.026154 0.005132 415.23 5.52
E 2 60 0.025036 0.004448 384.93 17.70
E 2 61 0.024805 0.004041 380.62 2.92
E 2 65 0.025430 0.006432 408.32 2.82
E 2 66 0.026496 0.005155 406.97 2.02
E 3 4 0.016057 0.001592 246.81 2.69
E 3 13 0.019397 0.004989 290.56 0.45
E 3 25 0.022106 0.004247 335.57 36.51
E 3 26 0.020961 0.002603 356.90 7.54
E 3 28 0.021254 0.002819 346.03 4.70
E 3 45 0.021170 0.004992 309.03 0.76
E 3 62 0.015276 0.001516 234.74 16.17
E 4 5 0.007459 0.000032 700.00 1.55
E 4 11 0.018246 0.004428 307.53 6.11
E 4 15 0.024975 0.007535 360.88 5.46
E 4 16 0.020577 0.002811 312.59 5.44
E 4 25 0.021910 0.004083 356.86 4.44
E 4 26 0.021221 0.002987 341.97 0.84
E 4 27 0.020800 0.001470 347.23 5.47
E 4 28 0.021626 0.003341 336.08 3.74
E 4 29 0.019876 0.001569 328.63 4.86
E 4 31 0.018976 0.004944 280.26 5.77
E 4 33 0.023395 0.006568 347.67 2.38
E 4 35 0.022301 0.005616 345.36 2.77
E 4 43 0.020849 0.002932 335.55 1.03
E 4 49 0.019817 0.001890 340.07 4.28
E 4 55 0.021058 0.001929 326.41 0.58
E 4 56 0.020290 0.001475 292.07 5.03
E 4 62 0.014614 0.001381 230.92 0.14
E 4 63 0.020800 0.005349 367.09 2.42
E 4 67 0.023650 0.005272 372.53 0.52
E 5 6 0.023130 0.000791 360.02 0.19
E 5 8 0.020824 0.002629 342.43 3.32
E 5 10 0.021775 0.004943 358.48 2.02
E 5 13 0.021284 0.003566 363.42 0.74
E 5 15 0.022904 0.005241 360.49 0.04
E 5 16 0.007186 0.002560 724.00 0.23
E 5 17 0.025351 0.007584 332.95 1.31
E 5 18 0.023830 0.004025 444.97 0.09
E 5 19 0.023752 0.000170 387.15 0.19
E 5 20 0.024487 0.001244 413.44 0.56
E 5 22 0.026302 0.003663 442.32 0.09
E 5 23 0.004482 0.000032 444.00 0.19
E 5 25 0.021801 0.003769 383.76 16.73
E 5 26 0.022206 0.003505 361.70 1.49
E 5 29 0.022011 0.001712 352.62 0.06
E 5 30 0.022904 0.000763 450.97 0.04
E 5 31 0.018733 0.002295 291.09 0.21
E 5 33 0.023257 0.007242 388.45 0.06
E 5 35 0.021614 0.005020 379.00 0.06
E 5 36 0.024466 0.006550 377.53 10.99
E 5 41 0.028088 0.004095 403.93 0.20
E 5 44 0.023045 0.004591 351.82 0.10
E 5 45 0.021640 0.004410 353.79 1.63
E 5 48 0.025515 0.002341 428.59 0.09
E 5 49 0.021763 0.001295 355.82 0.97
E 5 51 0.029086 0.006406 445.79 3.89
E 5 52 0.025764 0.003581 372.02 0.37
E 5 54 0.022606 0.001187 416.34 0.39
E 5 57 0.026091 0.006490 409.40 3.78
E 5 58 0.016994 0.000848 264.81 111.80
E 5 59 0.027058 0.005088 364.39 5.76
E 5 60 0.029235 0.007236 390.38 4.42
E 5 61 0.004482 0.000032 444.00 2.93
E 5 64 0.022872 0.004559 337.83 4.20
E 5 65 0.025243 0.005733 380.89 0.75
E 5 66 0.017062 0.000896 1668.00 1.55
E 5 67 0.023750 0.003901 384.16 0.71
E 5 68 0.023752 0.000170 380.63 0.19
E 5 69 0.020738 0.002831 309.54 2.65
E 5 70 0.016995 0.000848 353.54 8.94
E 6 20 0.022417 0.001403 340.71 2.14
E 6 39 0.021361 0.000697 327.60 10.25
E 6 42 0.020744 0.000521 313.36 0.74
E 6 45 0.022395 0.000170 397.32 3.99
E 6 46 0.020744 0.000909 307.79 0.12
E 6 48 0.024366 0.002956 382.51 0.10
E 6 51 0.029043 0.007038 423.58 13.45
E 6 52 0.025790 0.003218 395.93 0.53
E 6 54 0.022002 0.000893 353.62 5.01
E 6 57 0.023639 0.004050 369.32 2.56
E 6 59 0.026885 0.004038 418.41 2.59
E 6 60 0.025513 0.004843 417.56 18.26
E 6 61 0.024743 0.003791 382.10 2.77
E 6 65 0.025696 0.006646 396.03 1.39
E 6 66 0.026814 0.005900 394.07 1.75
E 7 8 0.026057 0.004844 433.99 3.15
E 7 9 0.028047 0.005371 433.06 0.00
E 7 10 0.025788 0.005675 406.67 1.16
E 7 13 0.025618 0.002714 403.23 0.24
E 7 17 0.025049 0.008084 411.88 1.76
E 7 18 0.024901 0.003430 404.75 0.00
E 7 20 0.024704 0.003571 372.82 0.65
E 7 24 0.025729 0.004650 377.29 952.10
E 7 30 0.024683 0.003505 398.54 1219.53
E 7 32 0.026847 0.004709 428.14 0.57
E 7 36 0.024006 0.006805 335.45 0.77
E 7 37 0.024765 0.004386 392.94 196.02
E 7 38 0.033079 0.006445 720.96 3.57
E 7 39 0.024796 0.003381 359.02 8.07
E 7 40 0.035116 0.001244 383.29 9.81
E 7 42 0.025665 0.004176 390.37 0.71
E 7 44 0.021887 0.004494 378.59 0.00
E 7 46 0.025490 0.003783 363.94 0.43
E 7 47 0.026595 0.003891 417.03 1.07
E 7 48 0.024464 0.003279 401.00 0.10
E 7 51 0.026748 0.006254 378.62 3.81
E 7 52 0.025173 0.003807 374.14 0.07
E 7 54 0.024558 0.003455 379.87 4.44
E 7 57 0.024346 0.004040 380.68 3.92
E 7 59 0.026098 0.005026 410.53 2.60
E 7 60 0.025710 0.005088 411.36 16.10
E 7 61 0.025004 0.004187 385.87 2.20
E 7 64 0.021801 0.002035 402.78 5.01
E 7 65 0.025055 0.005339 390.43 0.85
E 7 66 0.027249 0.006677 450.14 0.85
E 8 9 0.028089 0.005325 399.93 0.89
E 8 10 0.022992 0.004463 343.94 0.81
E 8 12 0.025484 0.004664 385.14 0.46
E 8 13 0.024416 0.004100 390.06 1.18
E 8 14 0.021133 0.005303 330.67 1.70
E 8 17 0.024934 0.005600 397.08 1.26
E 8 20 0.023583 0.003004 423.60 0.52
E 8 21 0.026581 0.005338 415.34 4.37
E 8 22 0.026762 0.004474 392.56 0.39
E 8 24 0.029921 0.007877 443.10 0.80
E 8 30 0.002705 0.000000 280.00 0.17
E 8 32 0.026262 0.005559 391.85 2.24
E 8 36 0.023629 0.005304 339.61 2.02
E 8 37 0.025979 0.004885 432.01 0.60
E 8 38 0.026011 0.008189 369.15 15.50
E 8 40 0.026360 0.005224 386.78 1.28
E 8 41 0.027759 0.005453 401.04 3.74
E 8 44 0.022862 0.004305 373.68 0.21
E 8 47 0.025806 0.004884 417.56 0.11
E 8 48 0.026634 0.004737 395.74 0.12
E 8 50 0.021433 0.003872 341.17 0.10
E 8 51 0.027997 0.006784 396.53 6.62
E 8 52 0.025744 0.002671 423.11 9.53
E 8 53 0.029010 0.003731 663.98 3.80
E 8 58 0.019468 0.002544 316.47 20.53
E 8 59 0.026485 0.003962 398.77 1.07
E 8 60 0.029254 0.007180 407.31 6.49
E 8 61 0.029350 0.003731 459.28 1.65
E 8 64 0.022634 0.004120 332.32 2.34
E 8 66 0.028489 0.004562 399.78 2.91
E 8 69 0.020933 0.002838 336.27 1.44
E 8 70 0.017419 0.001630 282.29 1.12
E 9 10 0.028199 0.005396 428.00 1.17
E 9 13 0.025892 0.005171 381.01 0.29
E 9 15 0.022478 0.004790 371.52 650.70
E 9 17 0.028437 0.004968 435.42 1.37
E 9 20 0.028231 0.005647 446.01 0.55
E 9 24 0.030212 0.008114 486.35 788.84
E 9 26 0.021907 0.004603 326.45 0.04
E 9 27 0.019596 0.003074 331.20 1404.78
E 9 29 0.019596 0.003074 347.14 106.10
E 9 30 0.028137 0.005505 425.32 90.11
E 9 32 0.028441 0.005559 430.06 0.62
E 9 33 0.019592 0.003074 300.48 201.44
E 9 34 0.028777 0.004857 428.84 0.00
E 9 36 0.025853 0.006801 411.35 8.43
E 9 37 0.028495 0.005404 419.50 569.15
E 9 38 0.027950 0.007180 385.12 12.44
E 9 39 0.028174 0.004357 396.26 7.64
E 9 40 0.028412 0.004969 409.32 8.76
E 9 42 0.030366 0.005573 434.74 0.69
E 9 43 0.019411 0.004376 278.79 1.19
E 9 44 0.026837 0.006072 414.53 0.00
E 9 45 0.020703 0.005013 358.36 4.54
E 9 46 0.028557 0.004862 419.84 0.44
E 9 47 0.028504 0.005357 378.94 1.21
E 9 48 0.028135 0.005505 433.10 0.07
E 9 50 0.028201 0.007493 423.05 0.01
E 9 51 0.030049 0.008078 418.36 3.58
E 9 52 0.025276 0.004695 377.59 0.01
E 9 54 0.027781 0.006251 426.33 5.99
E 9 57 0.026912 0.005489 461.88 4.08
E 9 58 0.031892 0.005088 387.00 76.47
E 9 59 0.028300 0.005516 408.31 2.94
E 9 60 0.028555 0.006203 405.27 19.44
E 9 61 0.028457 0.005314 434.55 3.05
E 9 64 0.028649 0.006160 426.94 5.25
E 9 65 0.028230 0.008141 405.00 0.94
E 9 66 0.029538 0.006017 415.94 0.91
E 10 12 0.022929 0.004342 342.72 2.87
E 10 13 0.025310 0.005452 373.67 0.56
E 10 14 0.022929 0.006127 332.81 2.73
E 10 17 0.024870 0.005542 371.20 0.00
E 10 20 0.023922 0.003731 374.94 0.10
E 10 21 0.024614 0.004438 371.16 2.81
E 10 22 0.027132 0.006516 404.34 1.70
E 10 24 0.029099 0.007144 430.08 2.03
E 10 30 0.022905 0.002487 473.19 2.67
E 10 32 0.022012 0.003678 338.20 1.55
E 10 36 0.023790 0.005597 408.88 9.10
E 10 37 0.025134 0.005147 390.28 1.87
E 10 38 0.024617 0.006595 395.50 12.33
E 10 40 0.022032 0.003462 343.43 1.06
E 10 41 0.028254 0.005886 408.03 1.89
E 10 44 0.023416 0.005151 341.48 2.56
E 10 45 0.004226 0.000032 412.00 1.12
E 10 47 0.024814 0.005191 396.79 1.52
E 10 48 0.026958 0.006245 369.46 3.80
E 10 50 0.023035 0.004928 352.04 0.91
E 10 51 0.027732 0.006460 458.46 24.96
E 10 52 0.026537 0.003604 415.31 2.27
E 10 58 0.021354 0.004110 317.56 0.67
E 10 59 0.026643 0.005673 385.22 2.65
E 10 60 0.029254 0.007180 443.71 0.11
E 10 61 0.025166 0.005239 343.29 0.03
E 10 64 0.023069 0.004676 348.65 0.07
E 10 66 0.027992 0.005276 422.90 0.08
E 10 69 0.022851 0.004900 359.35 0.09
E 10 70 0.019424 0.003632 304.06 0.29
E 11 13 0.019231 0.005487 330.16 0.49
E 11 15 0.023971 0.006860 371.56 0.04
E 11 16 0.019597 0.004943 299.07 81.30
E 11 25 0.022106 0.004247 322.95 38.98
E 11 26 0.021112 0.005807 320.51 0.54
E 11 28 0.021434 0.003138 292.11 93.41
E 11 45 0.020954 0.004808 320.30 5.11
E 11 62 0.016879 0.003510 273.67 16.01
E 12 13 0.024098 0.003279 335.42 0.27
E 12 17 0.025702 0.005067 375.12 1.34
E 12 24 0.031101 0.008668 442.52 189.17
E 12 32 0.016821 0.002593 250.29 0.87
E 12 36 0.022882 0.003571 355.70 0.41
E 12 40 0.017702 0.004986 308.01 9.92
E 12 47 0.018130 0.005911 319.19 1.74
E 12 50 0.022392 0.004704 334.66 0.22
E 12 51 0.029665 0.006716 465.85 4.55
E 12 53 0.017526 0.002222 280.35 2.90
E 12 58 0.020062 0.004368 296.38 36.26
E 12 64 0.024820 0.005776 356.24 3.30
E 12 69 0.020406 0.003566 320.80 1.69
E 12 70 0.020500 0.003437 336.08 2.73
E 13 14 0.024098 0.005605 374.74 0.06
E 13 17 0.024595 0.004421 437.66 0.32
E 13 20 0.002865 0.000000 300.00 19.28
E 13 21 0.024098 0.003528 372.57 0.30
E 13 22 0.027053 0.004491 377.68 0.05
E 13 24 0.028686 0.007717 432.72 0.15
E 13 26 0.023117 0.007844 377.18 0.05
E 13 31 0.019565 0.004410 323.34 0.45
E 13 32 0.023845 0.004259 380.43 0.40
E 13 36 0.024033 0.006045 370.16 0.44
E 13 37 0.027347 0.004956 389.85 0.12
E 13 40 0.024667 0.004391 389.16 1.04
E 13 41 0.029160 0.007617 447.14 0.26
E 13 44 0.022821 0.004142 361.23 0.05
E 13 45 0.021372 0.004685 332.90 7.17
E 13 47 0.023845 0.003610 379.98 0.05
E 13 48 0.027250 0.003731 401.89 0.02
E 13 50 0.022838 0.005205 344.52 0.08
E 13 51 0.030039 0.007024 410.92 2.45
E 13 52 0.025793 0.002714 396.29 0.00
E 13 53 0.026184 0.003618 391.65 2.56
E 13 58 0.023144 0.003876 354.51 100.83
E 13 59 0.027198 0.004099 404.96 3.30
E 13 60 0.031383 0.010330 394.56 7.92
E 13 61 0.023583 0.003505 402.76 3.39
E 13 64 0.025484 0.006275 375.16 1.56
E 13 66 0.028445 0.003844 380.77 0.19
E 13 69 0.023013 0.002993 321.99 0.07
E 14 17 0.025701 0.005279 382.09 1.53
E 14 24 0.031102 0.008668 469.39 189.46
E 14 32 0.020918 0.005156 326.95 0.87
E 14 36 0.022881 0.005865 397.71 0.54
E 14 40 0.020769 0.005062 340.66 6.03
E 14 47 0.020951 0.005879 314.48 1.75
E 14 50 0.022351 0.005783 361.40 0.22
E 14 51 0.029665 0.007632 463.69 4.17
E 14 53 0.020534 0.004732 316.12 6.00
E 14 58 0.021380 0.006150 336.71 35.40
E 14 64 0.022791 0.005527 358.70 3.25
E 14 69 0.021594 0.006334 353.64 1.74
E 14 70 0.021629 0.005434 314.27 2.72
E 15 16 0.023805 0.006430 383.41 956.77
E 15 22 0.023414 0.005292 371.43 36.28
E 15 25 0.023229 0.006015 346.59 74.15
E 15 26 0.023477 0.006126 373.35 1.83
E 15 29 0.024125 0.006402 369.06 229.53
E 15 33 0.023690 0.006094 385.06 7.40
E 15 43 0.022735 0.002374 305.60 7.10
E 15 44 0.025036 0.007075 387.08 8.80
E 15 45 0.023529 0.005745 359.43 4.48
E 15 49 0.023053 0.004579 387.94 0.96
E 15 51 0.024160 0.004545 428.95 3.95
E 15 54 0.021699 0.003358 363.51 1.91
E 15 57 0.021731 0.003300 329.05 0.04
E 15 59 0.023414 0.005292 354.20 0.01
E 15 62 0.024072 0.007159 353.97 12.80
E 15 67 0.023532 0.006052 381.10 0.98
E 16 25 0.020006 0.002611 326.53 71.82
E 16 26 0.021715 0.003366 340.51 1.88
E 16 33 0.021063 0.003355 362.24 0.00
E 16 44 0.023136 0.004086 366.60 4.94
E 16 45 0.021997 0.005628 335.81 3.11
E 16 49 0.017572 0.000894 281.90 0.97
E 16 55 0.016290 0.000531 262.21 1.12
E 16 62 0.019684 0.002423 306.07 13.48
E 16 63 0.020396 0.005643 328.27 3.04
E 16 67 0.022177 0.004938 324.97 0.92
E 17 21 0.024985 0.004178 357.59 1.57
E 17 22 0.025352 0.008341 443.25 1.66
E 17 24 0.028559 0.006687 452.41 1.02
E 17 32 0.024876 0.004862 378.19 0.42
E 17 36 0.024672 0.005707 367.45 0.34
E 17 37 0.025401 0.005293 418.81 0.93
E 17 38 0.022924 0.007370 403.23 4.54
E 17 40 0.024656 0.004623 362.78 2.60
E 17 41 0.026405 0.006489 405.60 1.47
E 17 44 0.025425 0.007060 394.25 1.14
E 17 47 0.024825 0.005603 358.14 0.92
E 17 48 0.024523 0.005839 357.39 0.45
E 17 50 0.025356 0.006202 370.28 1.21
E 17 51 0.027682 0.007481 416.59 1.80
E 17 52 0.024938 0.008050 415.91 13.75
E 17 53 0.023808 0.002601 503.98 0.32
E 17 58 0.024522 0.006106 396.51 49.14
E 17 59 0.025862 0.006879 417.09 69.78
E 17 60 0.025983 0.007341 409.67 224.93
E 17 64 0.025275 0.005922 383.76 102.00
E 17 66 0.025205 0.007889 374.05 8.39
E 17 69 0.024998 0.006513 380.58 0.00
E 18 20 0.024231 0.003473 399.96 5.13
E 18 22 0.027583 0.004427 402.59 0.00
E 18 25 0.019091 0.002873 316.31 244.31
E 18 26 0.022350 0.004124 335.10 39.36
E 18 27 0.019246 0.002682 290.29 1096.13
E 18 29 0.019073 0.002660 316.79 87.30
E 18 30 0.023919 0.003473 347.66 82.74
E 18 33 0.019322 0.002960 310.84 166.44
E 18 35 0.021248 0.003158 323.22 0.00
E 18 39 0.023920 0.003473 371.06 12.28
E 18 42 0.024377 0.003653 381.78 0.77
E 18 43 0.018945 0.004730 306.05 1.19
E 18 45 0.022660 0.004506 379.10 2.50
E 18 46 0.024377 0.003653 371.27 0.40
E 18 48 0.026722 0.004209 409.16 0.11
E 18 49 0.018881 0.002471 310.80 10.70
E 18 51 0.029971 0.006671 432.93 5.62
E 18 52 0.025643 0.003659 394.91 5.37
E 18 54 0.023286 0.003298 377.52 1.67
E 18 55 0.019069 0.002549 309.54 1.18
E 18 56 0.018880 0.002471 290.62 0.00
E 18 57 0.024890 0.005001 393.35 3.50
E 18 59 0.027293 0.005242 400.79 6.68
E 18 60 0.028237 0.005967 397.64 7.32
E 18 61 0.027991 0.004709 432.75 2.83
E 18 63 0.019141 0.004896 321.12 2.72
E 18 65 0.026916 0.007155 428.31 2.62
E 18 66 0.032314 0.006848 451.13 1.81
E 18 67 0.021297 0.004308 320.08 3.40
E 19 20 0.022430 0.001422 350.48 4.45
E 19 39 0.021134 0.000697 342.38 10.17
E 19 42 0.020040 0.000354 316.25 0.74
E 19 45 0.022395 0.000170 443.87 4.40
E 19 46 0.020070 0.000759 332.83 0.06
E 19 48 0.024390 0.002966 382.04 0.10
E 19 51 0.029595 0.007617 371.44 12.34
E 19 52 0.025744 0.003170 377.76 2.40
E 19 54 0.022001 0.000881 356.99 3.75
E 19 57 0.023861 0.004410 371.60 3.47
E 19 59 0.027858 0.004896 452.75 5.92
E 19 60 0.025667 0.004794 375.02 6.64
E 19 61 0.024743 0.003791 378.19 2.77
E 19 65 0.025881 0.007014 397.51 2.93
E 19 66 0.026847 0.005998 401.78 1.77
E 20 22 0.025172 0.003094 382.37 4.40
E 20 23 0.022430 0.001649 343.99 4.49
E 20 24 0.022410 0.002292 375.01 5.95
E 20 30 0.022593 0.001696 355.32 4.38
E 20 34 0.024428 0.004927 382.97 2.53
E 20 37 0.026381 0.004346 363.40 5.69
E 20 41 0.025940 0.004236 388.57 5.62
E 20 42 0.022410 0.001475 344.55 3.91
E 20 45 0.028218 0.005653 441.64 0.65
E 20 46 0.022423 0.001443 342.96 4.48
E 20 48 0.024382 0.002956 391.64 0.10
E 20 51 0.026932 0.005828 368.18 5.64
E 20 54 0.022428 0.001499 371.68 0.78
E 20 59 0.026164 0.005023 388.98 0.00
E 20 60 0.025375 0.004682 404.00 2.44
E 20 61 0.024777 0.003854 378.69 0.85
E 20 65 0.025600 0.005780 364.28 0.38
E 20 66 0.026990 0.006100 395.32 307.65
E 20 68 0.022384 0.001366 352.43 4.51
E 21 36 0.022644 0.003755 358.58 0.53
E 21 40 0.017658 0.005088 281.22 9.35
E 21 47 0.020153 0.004711 285.57 1.30
E 21 50 0.022174 0.004533 355.30 0.14
E 21 51 0.029531 0.006367 447.00 5.75
E 21 53 0.015001 0.001828 225.64 5.23
E 21 58 0.020386 0.004768 332.77 40.02
E 21 64 0.024361 0.004926 355.95 3.33
E 21 69 0.020185 0.003856 340.34 1.70
E 21 70 0.019042 0.002912 315.49 2.71
E 22 24 0.023736 0.002097 388.01 558.50
E 22 29 0.026080 0.001881 426.55 28.98
E 22 30 0.025173 0.003094 364.15 2649.33
E 22 33 0.026080 0.005145 353.01 47.46
E 22 36 0.025225 0.007123 378.42 0.38
E 22 39 0.024920 0.003205 395.38 12.80
E 22 42 0.023583 0.000226 454.22 0.69
E 22 44 0.025224 0.004558 384.60 0.00
E 22 45 0.026718 0.005132 370.64 3.87
E 22 46 0.025447 0.001866 461.97 0.49
E 22 48 0.025172 0.003096 391.71 0.07
E 22 50 0.024890 0.003856 376.65 0.01
E 22 51 0.028075 0.005265 394.71 3.33
E 22 52 0.025411 0.003494 406.60 0.20
E 22 54 0.025305 0.003226 390.94 5.85
E 22 57 0.025235 0.003613 428.53 3.98
E 22 59 0.025984 0.004884 380.26 2.53
E 22 60 0.025639 0.004939 389.95 19.57
E 22 61 0.025173 0.004166 403.06 3.36
E 22 64 0.024954 0.004187 391.98 5.50
E 22 65 0.025235 0.005658 392.47 1.12
E 22 66 0.026423 0.005369 397.08 1.76
E 23 39 0.021360 0.001596 348.34 10.09
E 23 42 0.020237 0.000980 319.62 0.73
E 23 45 0.004226 0.000032 412.00 4.42
E 23 46 0.020237 0.000980 321.94 0.06
E 23 48 0.024360 0.003006 379.75 0.10
E 23 51 0.029397 0.005815 432.17 10.73
E 23 52 0.025168 0.003094 381.71 2.42
E 23 54 0.022170 0.001747 344.19 3.73
E 23 57 0.023800 0.004245 368.23 3.49
E 23 59 0.027501 0.004127 422.67 5.96
E 23 60 0.025667 0.004794 390.78 6.53
E 23 61 0.024709 0.003957 391.29 2.78
E 23 65 0.025882 0.007014 375.61 2.94
E 23 66 0.026847 0.005998 394.82 1.80
E 24 30 0.022410 0.002292 375.57 0.00
E 24 32 0.030025 0.007430 513.18 1.07
E 24 34 0.024130 0.004762 362.57 161.82
E 24 36 0.031523 0.008201 450.22 1.55
E 24 38 0.029148 0.007604 408.23 14.33
E 24 39 0.022358 0.002216 339.43 14.86
E 24 40 0.030559 0.007337 435.87 8.32
E 24 42 0.021340 0.001178 318.97 0.65
E 24 46 0.021334 0.001211 360.35 0.32
E 24 47 0.028120 0.006419 424.49 2.40
E 24 48 0.024644 0.004564 400.64 0.07
E 24 50 0.031473 0.008962 478.31 0.03
E 24 51 0.027726 0.006205 403.60 3.30
E 24 54 0.021575 0.002742 389.59 6.14
E 24 58 0.032174 0.005032 509.68 69.57
E 24 59 0.025962 0.004848 420.66 2.79
E 24 60 0.025778 0.005003 393.44 19.02
E 24 61 0.024929 0.004041 372.60 3.08
E 24 64 0.031094 0.008514 453.88 4.90
E 24 65 0.024321 0.003790 382.89 1.32
E 24 66 0.025778 0.004873 412.50 0.91
E 24 69 0.031347 0.010704 428.21 0.74
E 25 26 0.021466 0.003430 346.48 1.03
E 25 27 0.019257 0.002226 297.23 304.54
E 25 28 0.020875 0.002870 321.23 8.23
E 25 29 0.019951 0.002663 305.74 252.63
E 25 31 0.022106 0.004247 367.99 231.07
E 25 33 0.020954 0.003203 311.62 206.07
E 25 35 0.019434 0.002569 317.00 255.22
E 25 43 0.019913 0.005263 331.05 0.79
E 25 45 0.022581 0.005279 378.61 0.49
E 25 49 0.019830 0.002758 318.57 85.03
E 25 55 0.019219 0.002148 309.96 4.64
E 25 56 0.019444 0.002353 305.01 337.48
E 25 62 0.022106 0.004247 322.06 0.72
E 25 63 0.019627 0.005999 295.79 5.38
E 25 67 0.022124 0.004947 365.69 13.65
E 26 27 0.022630 0.004453 323.05 1.87
E 26 28 0.021636 0.003442 340.00 2.18
E 26 29 0.021676 0.003616 342.28 1.06
E 26 31 0.020504 0.003646 319.07 6.87
E 26 33 0.021566 0.003624 348.32 1.06
E 26 35 0.021920 0.004316 344.74 1.50
E 26 43 0.022737 0.004218 330.28 0.98
E 26 44 0.021446 0.001255 365.63 2.87
E 26 45 0.021174 0.005082 318.39 8.83
E 26 49 0.021862 0.003611 348.56 2.03
E 26 55 0.022225 0.003709 335.29 35.35
E 26 56 0.022242 0.003936 345.91 1.52
E 26 62 0.021444 0.003171 319.50 8.49
E 26 63 0.022226 0.005159 355.38 0.66
E 26 67 0.022238 0.004994 352.85 0.51
E 27 28 0.020729 0.002902 332.21 18.66
E 27 29 0.018539 0.001013 292.16 85.08
E 27 33 0.021169 0.003547 318.95 0.66
E 27 35 0.018876 0.001951 295.44 2020.26
E 27 43 0.018684 0.003465 297.46 1.50
E 27 49 0.017746 0.000981 294.99 1.50
E 27 55 0.017014 0.000651 264.30 0.98
E 27 56 0.017010 0.000657 275.83 573.71
E 27 63 0.019123 0.005859 310.48 2.27
E 27 67 0.022444 0.004963 371.12 3.47
E 28 29 0.020970 0.002881 332.52 14.68
E 28 31 0.021254 0.004018 343.02 5.50
E 28 33 0.021119 0.003486 337.22 18.26
E 28 35 0.020649 0.002662 347.30 16.80
E 28 36 0.021839 0.002762 330.59 0.14
E 28 43 0.020819 0.004918 340.16 3.00
E 28 44 0.022122 0.001774 335.58 0.62
E 28 45 0.021757 0.005851 345.79 0.90
E 28 49 0.020821 0.002888 318.21 1.66
E 28 55 0.021777 0.003307 329.92 3.21
E 28 56 0.021543 0.003091 332.78 17.93
E 28 62 0.021208 0.002976 376.36 1.11
E 28 63 0.021804 0.004991 332.85 3.04
E 28 67 0.022416 0.004766 348.06 3.22
E 29 33 0.021031 0.003376 324.21 0.00
E 29 35 0.018432 0.001411 295.88 47.06
E 29 43 0.019003 0.004070 332.02 3.31
E 29 45 0.022285 0.005628 365.50 4.28
E 29 49 0.018213 0.000725 281.81 1.33
E 29 52 0.025053 0.002120 383.82 5.34
E 29 55 0.018191 0.001007 289.45 1.64
E 29 56 0.018334 0.000844 286.63 32.40
E 29 62 0.010757 0.000192 996.00 31.45
E 29 63 0.019221 0.005266 326.46 2.63
E 29 67 0.022259 0.004842 351.41 3.08
E 30 34 0.022800 0.004698 371.21 182.08
E 30 37 0.026381 0.004346 387.69 0.00
E 30 39 0.021694 0.000727 337.07 10.55
E 30 42 0.021692 0.000605 348.54 0.44
E 30 45 0.022508 0.000226 385.73 4.09
E 30 46 0.021743 0.001038 356.29 0.15
E 30 48 0.024345 0.002918 370.29 0.07
E 30 51 0.026932 0.005828 362.24 3.74
E 30 52 0.025133 0.003588 400.27 1.10
E 30 54 0.021990 0.000889 357.71 1.52
E 30 57 0.023628 0.004114 355.38 2.68
E 30 59 0.026265 0.005116 389.37 2.66
E 30 60 0.025375 0.004682 397.17 16.20
E 30 61 0.024777 0.003854 379.66 2.61
E 30 65 0.025246 0.005597 376.85 1.31
E 30 66 0.026990 0.006100 420.94 1.66
E 31 36 0.024777 0.007418 387.05 0.27
E 31 45 0.021057 0.004869 321.42 1.02
E 31 62 0.017676 0.004593 262.37 16.12
E 32 34 0.022604 0.005177 333.63 0.11
E 32 37 0.025750 0.005088 375.59 0.34
E 32 38 0.016800 0.004165 283.13 5.57
E 32 40 0.017800 0.004511 292.89 2.23
E 32 41 0.030100 0.007217 411.26 0.64
E 32 47 0.018338 0.005206 306.78 0.35
E 32 53 0.015480 0.003277 242.93 7.46
E 32 59 0.026636 0.000000 384.04 2.69
E 32 61 0.024412 0.002638 414.36 2.83
E 32 64 0.022905 0.002431 341.08 5.47
E 33 35 0.021115 0.003421 317.60 17.23
E 33 43 0.021064 0.004264 315.35 4.06
E 33 45 0.021480 0.005310 361.56 3.82
E 33 49 0.020966 0.003233 335.12 0.94
E 33 52 0.025678 0.005578 399.75 3.32
E 33 55 0.020869 0.002952 339.54 2.02
E 33 56 0.021006 0.003285 333.51 7.55
E 33 62 0.008803 0.001536 868.00 35.78
E 33 63 0.019910 0.006077 323.01 2.49
E 33 67 0.022038 0.004634 349.99 1.24
E 34 37 0.020760 0.005928 335.25 244.88
E 34 38 0.023194 0.001502 342.18 3.62
E 34 39 0.022451 0.005665 336.73 7.81
E 34 40 0.021124 0.001211 418.02 9.86
E 34 42 0.024279 0.006225 432.21 0.72
E 34 46 0.024279 0.006225 367.31 0.44
E 34 47 0.018773 0.005193 306.61 1.10
E 34 48 0.026896 0.004946 436.81 0.12
E 34 52 0.002193 0.000000 216.00 0.03
E 34 54 0.024444 0.004101 400.50 4.50
E 34 57 0.028246 0.006360 503.18 4.00
E 34 59 0.027869 0.004240 467.75 2.58
E 34 60 0.029619 0.007666 419.98 16.54
E 34 61 0.024553 0.005848 366.99 2.25
E 34 65 0.002001 0.000000 192.00 0.82
E 34 66 0.031591 0.008845 427.31 0.79
E 35 43 0.019086 0.004317 304.63 2.37
E 35 45 0.023752 0.004579 319.47 6.70
E 35 49 0.018785 0.002086 311.18 1.44
E 35 52 0.023752 0.004579 414.27 3.16
E 35 54 0.022188 0.001727 398.49 215.02
E 35 55 0.018878 0.001951 300.43 1.79
E 35 56 0.018910 0.001994 295.41 0.00
E 35 57 0.023886 0.003910 421.77 4.46
E 35 63 0.019260 0.006140 303.69 2.50
E 35 65 0.026099 0.007349 394.04 2.69
E 35 67 0.022323 0.005082 356.88 2.26
E 36 37 0.025786 0.004240 449.04 0.30
E 36 41 0.025228 0.006477 389.01 0.38
E 36 44 0.024001 0.006154 375.69 0.39
E 36 45 0.024322 0.006683 365.09 17.42
E 36 48 0.025788 0.003788 433.69 1.26
E 36 50 0.023756 0.005391 365.57 0.44
E 36 51 0.027642 0.006858 424.72 0.17
E 36 58 0.023894 0.005766 359.24 1.36
E 36 59 0.026251 0.006602 403.78 1.23
E 36 60 0.030536 0.005936 466.79 20.78
E 36 64 0.023780 0.005578 374.47 3.00
E 36 66 0.030706 0.005427 552.04 3.64
E 36 69 0.023842 0.005670 372.31 1.78
E 36 70 0.022647 0.003201 334.42 1.78
E 37 38 0.027293 0.005699 384.21 10.40
E 37 39 0.002193 0.000000 216.00 7.74
E 37 40 0.027074 0.005029 389.52 8.65
E 37 42 0.026151 0.004216 441.18 0.64
E 37 46 0.027930 0.004718 450.04 0.27
E 37 47 0.021193 0.005114 343.84 2.62
E 37 48 0.026972 0.004160 385.78 0.07
E 37 50 0.028264 0.010922 561.44 0.01
E 37 51 0.030559 0.007777 467.23 3.61
E 37 54 0.025473 0.003150 647.78 5.96
E 37 57 0.006546 0.000032 644.00 2.95
E 37 58 0.023244 0.005088 713.22 77.48
E 37 59 0.027161 0.004778 412.53 2.82
E 37 60 0.030116 0.007982 427.19 18.81
E 37 61 0.024862 0.004662 374.14 2.92
E 37 64 0.026493 0.005558 363.56 5.20
E 37 66 0.031592 0.008845 441.44 1.00
E 38 40 0.017769 0.004557 277.70 2.64
E 38 41 0.029091 0.008056 434.23 14.40
E 38 47 0.020605 0.004988 346.23 5.49
E 38 58 0.020385 0.003004 259.60 18.93
E 38 59 0.005026 0.000000 512.00 4.43
E 38 61 0.026126 0.003053 494.77 6.03
E 38 64 0.022498 0.003595 488.05 13.15
E 39 41 0.024667 0.003334 388.40 7.75
E 39 42 0.021176 0.000969 338.64 10.90
E 39 46 0.021221 0.000997 356.80 10.41
E 39 48 0.024189 0.002615 360.01 3.55
E 39 51 0.025943 0.005616 368.72 0.54
E 39 52 0.025129 0.003855 387.76 1.15
E 39 54 0.021979 0.000912 354.41 1.53
E 39 57 0.023697 0.004182 360.63 0.35
E 39 59 0.025607 0.005286 408.10 0.20
E 39 60 0.025214 0.004569 395.25 1.35
E 39 61 0.024619 0.003706 393.33 1.31
E 39 65 0.024987 0.005225 375.36 47.76
E 39 66 0.026491 0.005561 398.31 54.99
E 39 68 0.022143 0.001229 351.20 0.73
E 40 41 0.029588 0.007438 391.31 8.64
E 40 47 0.018416 0.005258 287.56 6.72
E 40 48 0.027404 0.002097 449.67 2.62
E 40 50 0.020598 0.001696 280.25 25.61
E 40 53 0.017604 0.004878 281.85 3.11
E 40 58 0.021037 0.004494 339.78 0.82
E 40 59 0.026633 0.001314 468.80 1.65
E 40 60 0.034232 0.009701 484.59 3.08
E 40 61 0.023074 0.001211 364.47 6.48
E 40 64 0.023821 0.003691 350.52 1.14
E 40 66 0.009716 0.000800 924.00 3.17
E 41 42 0.029213 0.008277 445.42 1.91
E 41 46 0.029213 0.008276 419.64 0.15
E 41 47 0.030100 0.007217 455.28 0.25
E 41 48 0.026364 0.004636 392.85 0.09
E 41 50 0.025419 0.004735 363.66 0.02
E 41 51 0.027632 0.006459 403.99 10.15
E 41 52 0.025239 0.004214 380.60 0.01
E 41 54 0.024948 0.004089 400.10 5.86
E 41 57 0.025219 0.004109 360.90 2.83
E 41 58 0.028246 0.005851 389.50 77.65
E 41 59 0.026301 0.005245 386.29 3.03
E 41 60 0.026278 0.004821 415.83 17.65
E 41 61 0.026437 0.004342 407.19 2.88
E 41 64 0.025977 0.004807 442.47 4.92
E 41 65 0.025154 0.005807 388.79 0.95
E 41 66 0.026591 0.005621 389.94 1.05
E 42 45 0.022396 0.000170 364.37 0.61
E 42 46 0.019309 0.000769 318.51 0.39
E 42 48 0.024565 0.003039 380.34 0.70
E 42 52 0.024104 0.002097 401.83 2.11
E 42 54 0.022111 0.001048 359.67 2.07
E 42 57 0.023802 0.004245 398.08 1.03
E 42 59 0.027701 0.002375 435.15 5.81
E 42 60 0.025668 0.004794 380.47 1.34
E 42 61 0.024729 0.004021 390.31 1.65
E 42 65 0.025950 0.006722 394.04 5.75
E 42 66 0.026743 0.005881 404.80 1.67
E 42 68 0.022182 0.001244 317.12 0.04
E 43 49 0.018912 0.003821 292.43 5.73
E 43 55 0.018761 0.003747 294.65 0.20
E 43 56 0.018934 0.003780 292.65 1.32
E 43 63 0.019521 0.005693 316.01 8.98
E 43 67 0.022398 0.004888 344.60 1.80
E 44 45 0.022906 0.004387 356.60 3.99
E 44 48 0.027943 0.004749 464.51 0.14
E 44 50 0.023100 0.004576 339.85 0.06
E 44 51 0.028146 0.006071 406.90 3.15
E 44 52 0.025060 0.004417 382.92 0.10
E 44 58 0.023064 0.004481 353.39 80.12
E 44 59 0.026126 0.005749 390.11 2.52
E 44 60 0.025617 0.002374 341.16 17.26
E 44 64 0.023062 0.004733 360.49 3.20
E 44 69 0.023101 0.004532 374.06 3.70
E 44 70 0.023186 0.004894 380.71 5.81
E 45 46 0.004226 0.000032 412.00 5.05
E 45 48 0.027941 0.002859 406.07 3.60
E 45 49 0.009236 0.000800 864.00 22.08
E 45 51 0.031014 0.005653 436.99 6.14
E 45 52 0.024975 0.005250 362.52 0.34
E 45 54 0.022395 0.000170 345.30 0.35
E 45 57 0.025353 0.006030 393.49 0.84
E 45 58 0.002097 0.000000 204.00 0.70
E 45 59 0.027568 0.003392 494.08 12.40
E 45 60 0.033010 0.014721 478.42 9.45
E 45 64 0.004225 0.000032 412.00 5.66
E 45 65 0.024938 0.005936 412.23 0.46
E 45 66 0.004225 0.000032 412.00 0.48
E 45 67 0.021356 0.005185 328.67 0.70
E 45 68 0.022396 0.000170 630.89 0.78
E 46 48 0.024565 0.003039 386.03 0.10
E 46 52 0.024702 0.003157 363.36 16.24
E 46 54 0.022108 0.001111 365.18 0.87
E 46 57 0.023591 0.003847 357.18 4.49
E 46 59 0.026935 0.002487 431.20 6.86
E 46 60 0.025668 0.004794 373.97 5.12
E 46 61 0.024699 0.003968 371.93 2.27
E 46 65 0.025949 0.006722 377.61 2.37
E 46 66 0.026817 0.005900 431.27 1.03
E 46 68 0.022185 0.001259 343.42 0.06
E 47 59 0.026636 0.001781 314.22 2.59
E 47 61 0.024168 0.002471 397.69 3.23
E 48 51 0.027931 0.006961 391.41 1.61
E 48 52 0.025202 0.003704 393.99 80.56
E 48 54 0.024476 0.003032 399.00 0.77
E 48 57 0.024432 0.004225 373.94 2.84
E 48 58 0.029010 0.005088 389.48 22.69
E 48 59 0.026258 0.005040 384.56 1.72
E 48 60 0.025406 0.004947 384.26 21.63
E 48 61 0.024605 0.003533 372.11 14.17
E 48 64 0.027549 0.004652 435.51 6.16
E 48 65 0.024986 0.005225 403.16 0.87
E 48 66 0.026688 0.005784 377.56 1.07
E 48 68 0.024334 0.002956 392.91 0.10
E 49 55 0.017667 0.000807 277.37 2.10
E 49 56 0.017640 0.000772 298.57 1.38
E 49 62 0.020454 0.002337 454.83 30.93
E 49 63 0.019737 0.006014 315.06 2.52
E 49 67 0.022337 0.004754 326.71 18.63
E 50 51 0.027948 0.006039 393.86 3.24
E 50 58 0.021406 0.003848 341.56 38.28
E 50 59 0.025982 0.006016 439.46 2.73
E 50 64 0.022800 0.004482 348.56 3.83
E 50 69 0.021295 0.003780 337.30 1.23
E 50 70 0.021413 0.003848 327.38 0.69
E 51 52 0.028064 0.005993 401.32 0.60
E 51 54 0.027006 0.005332 392.06 4.21
E 51 57 0.026809 0.005449 407.99 3.55
E 51 58 0.029094 0.006756 443.75 0.57
E 51 59 0.027938 0.006879 399.32 4.26
E 51 60 0.027997 0.006368 408.33 5.23
E 51 61 0.026932 0.005828 421.02 9.47
E 51 64 0.027779 0.006196 421.70 4.03
E 51 65 0.026810 0.005449 393.47 5.56
E 51 66 0.028100 0.006555 392.98 5.48
E 51 68 0.026740 0.005957 429.80 11.74
E 51 69 0.029664 0.006716 463.33 8.75
E 52 54 0.025174 0.003463 381.13 4.42
E 52 57 0.025173 0.004760 402.12 1.06
E 52 59 0.026340 0.005459 379.98 35.89
E 52 60 0.025599 0.004886 411.10 0.48
E 52 61 0.025339 0.004653 390.76 0.87
E 52 65 0.025676 0.006090 395.14 4.20
E 52 66 0.026251 0.004503 399.80 4.00
E 52 68 0.025134 0.003588 401.97 28.35
E 53 58 0.017732 0.001272 332.75 2.30
E 54 57 0.023687 0.003985 370.39 0.40
E 54 59 0.026165 0.005023 366.75 1.18
E 54 60 0.025580 0.004569 382.17 0.76
E 54 61 0.024810 0.003876 355.77 0.40
E 54 65 0.025679 0.006681 379.34 2.66
E 54 66 0.026704 0.005926 422.01 2.29
E 54 68 0.022078 0.001032 355.10 1.36
E 55 56 0.016154 0.000349 249.66 1.00
E 55 63 0.019425 0.005812 310.04 3.33
E 55 67 0.022445 0.004963 340.25 3.87
E 56 63 0.019399 0.005676 301.45 2.11
E 56 67 0.022351 0.004825 337.62 4.13
E 57 59 0.026227 0.005246 391.35 0.41
E 57 60 0.025344 0.004288 385.06 0.31
E 57 61 0.024811 0.004225 373.78 0.14
E 57 65 0.025842 0.007157 398.94 0.77
E 57 66 0.026384 0.004798 374.41 1.21
E 57 68 0.023698 0.004251 370.53 1.21
E 58 59 0.026636 0.005088 598.54 1.78
E 58 60 0.025617 0.005088 380.75 0.21
E 58 64 0.022488 0.004169 363.44 0.17
E 59 60 0.026264 0.005116 428.95 6.82
E 59 61 0.026096 0.004961 387.75 5.05
E 59 64 0.025897 0.004823 388.77 89.65
E 59 65 0.026155 0.005132 357.42 249.79
E 59 66 0.026550 0.005536 432.04 88.38
E 59 68 0.026096 0.004961 366.65 9.67
E 60 61 0.025442 0.004391 380.93 0.28
E 60 64 0.034231 0.009702 435.72 0.11
E 60 65 0.025218 0.005225 397.91 0.17
E 60 66 0.027013 0.006584 419.02 0.17
E 60 68 0.025439 0.004755 397.45 3.12
E 61 65 0.025054 0.005339 410.94 0.07
E 61 66 0.026929 0.006179 402.46 0.07
E 61 68 0.024678 0.003896 355.36 0.44
E 62 67 0.022972 0.003596 303.83 0.34
E 63 67 0.022445 0.006607 332.02 0.23
E 64 66 0.005089 0.001088 520.00 0.09
E 64 69 0.022802 0.004507 360.45 0.28
E 64 70 0.022203 0.003802 357.80 0.89
E 65 66 0.026568 0.005448 411.16 0.91
E 65 68 0.024986 0.005225 377.96 3.08
E 66 68 0.026896 0.006078 386.23 1.20
E 69 70 0.017856 0.002352 279.35 133.46
END

SECTION Terminals
Root 44
Terminals 19
T 33
T 3
T 50
T 41
T 54
T 28
T 56
T 48
T 39
T 11
T 53
T 4
T 23
T 38
T 35
T 7
T 64
T 17
T 16
END

EOF