SECTION Comment
CREATOR "Carlos Araujo"
REMARK "Instance for QoS Multicast Routing Problem"
QoS METRICS "delay, jitter, bandwidth and estimate of link duration"
END

SECTION Graph
Nodes 20
Edges 63

E 1 2 0.024684 0.004820 347.44 1.40
E 1 3 0.001050 0.000000 48.00 1.61
E 1 5 0.020275 0.000170 296.40 3.92
E 1 6 0.026567 0.006309 412.57 6.03
E 1 7 0.024722 0.005187 384.45 8.96
E 1 8 0.028557 0.007462 457.86 5.11
E 1 9 0.008866 0.002784 876.00 5.03
E 1 10 0.027701 0.006493 509.26 0.73
E 1 11 0.001051 0.000000 48.00 1.64
E 1 13 0.001051 0.000000 48.00 0.46
E 1 17 0.024948 0.007042 354.78 0.12
E 1 20 0.024377 0.005029 399.68 1.62
E 2 6 0.021610 0.001447 323.23 0.11
E 2 7 0.022900 0.001755 356.77 1.34
E 2 9 0.023498 0.007378 310.95 36.21
E 2 19 0.021615 0.001515 345.55 5.49
E 2 20 0.021615 0.001447 341.39 4.46
E 3 4 0.017409 0.003888 296.68 3.77
E 3 5 0.016860 0.001187 256.10 1.06
E 3 13 0.019279 0.004817 301.35 246.64
E 3 15 0.024600 0.004410 435.60 92.74
E 4 11 0.019129 0.005929 306.26 3.12
E 5 8 0.019490 0.002167 315.65 7.32
E 5 9 0.022901 0.006037 409.42 63.12
E 5 10 0.020138 0.003229 309.13 21.82
E 5 13 0.018973 0.004949 311.61 159.69
E 5 15 0.022904 0.002781 377.33 29.00
E 5 17 0.025052 0.008616 381.56 11.59
E 6 7 0.023555 0.001131 350.21 0.53
E 6 9 0.024374 0.009385 533.93 55.05
E 6 19 0.019204 0.000330 340.35 10.74
E 6 20 0.021078 0.000571 355.12 0.21
E 7 8 0.024940 0.002714 330.77 0.66
E 7 9 0.024713 0.007378 311.91 2.98
E 7 10 0.024714 0.002205 482.99 1.94
E 7 17 0.024829 0.007659 416.42 31.89
E 7 19 0.023721 0.000961 405.76 6.61
E 7 20 0.022868 0.001835 378.83 2.20
E 8 9 0.023496 0.007378 428.19 2.66
E 8 10 0.020367 0.003092 360.20 0.57
E 8 12 0.006610 0.000896 652.00 0.96
E 8 13 0.021150 0.004885 350.13 1.77
E 8 14 0.018871 0.006407 336.24 13.83
E 8 17 0.024936 0.007476 380.90 14.17
E 8 20 0.027654 0.000000 418.85 0.00
E 9 10 0.023977 0.007378 385.39 0.53
E 9 13 0.020378 0.005573 290.99 0.79
E 9 15 0.022807 0.004762 372.52 2.19
E 9 18 0.020376 0.003969 359.70 1.69
E 10 12 0.020246 0.002615 311.44 1.12
E 10 13 0.024599 0.004885 307.05 0.12
E 10 14 0.021293 0.006841 335.22 0.46
E 10 17 0.024936 0.007476 371.69 0.42
E 10 20 0.023922 0.003731 393.86 0.00
E 11 13 0.019077 0.005220 287.48 256.57
E 12 14 0.021143 0.006823 361.55 0.64
E 12 17 0.027701 0.006699 430.78 2.13
E 13 15 0.022225 0.004675 334.56 0.27
E 14 17 0.026847 0.006699 439.63 0.18
E 15 16 0.023105 0.002647 341.42 0.09
E 15 18 0.022941 0.004661 369.55 0.20
E 16 18 0.020327 0.002205 319.53 0.05
E 19 20 0.021067 0.000587 348.12 0.99
END

SECTION Terminals
Root 12
Terminals 7
T 5
T 2
T 14
T 15
T 20
T 1
T 7
END

EOF