SECTION Comment
CREATOR "Carlos Araujo"
REMARK "Instance for QoS Multicast Routing Problem"
QoS METRICS "delay, jitter, bandwidth and estimate of link duration"
END

SECTION Graph
Nodes 90
Edges 1506

E 1 2 0.023365 0.005176 353.39 2.50
E 1 3 0.021903 0.003785 356.30 0.00
E 1 4 0.021408 0.004303 323.03 26.04
E 1 5 0.023432 0.005497 345.34 35.79
E 1 6 0.020732 0.004093 300.74 0.02
E 1 7 0.022014 0.003995 358.20 1.07
E 1 9 0.023379 0.004230 400.84 4.30
E 1 10 0.022969 0.005358 352.76 59.73
E 1 11 0.022387 0.004275 317.87 2.23
E 1 12 0.022969 0.005358 360.90 44.05
E 1 13 0.023454 0.005554 344.45 39.84
E 1 17 0.022935 0.005040 357.57 0.88
E 1 18 0.021305 0.003489 330.33 26.09
E 1 20 0.022560 0.004483 355.19 0.00
E 1 25 0.021591 0.004307 346.25 21.42
E 1 31 0.023187 0.006264 382.62 154.39
E 1 32 0.021305 0.003489 402.24 13.35
E 1 33 0.023547 0.003700 349.38 6.42
E 1 37 0.022009 0.004525 356.06 0.00
E 1 38 0.022050 0.003876 387.50 0.51
E 1 41 0.021903 0.003785 342.43 70.26
E 1 45 0.022681 0.004506 338.42 2.40
E 1 49 0.022642 0.004764 343.06 9.93
E 1 50 0.021749 0.005031 311.21 0.00
E 1 51 0.021732 0.002159 342.35 0.10
E 1 52 0.020266 0.003166 377.03 1.64
E 1 53 0.024013 0.003785 393.26 6.92
E 1 54 0.023896 0.005597 387.97 3.79
E 1 55 0.021751 0.003324 365.93 104.06
E 1 56 0.022709 0.005020 368.12 0.26
E 1 58 0.022720 0.004574 342.82 90.79
E 1 60 0.021453 0.002749 343.79 1.26
E 1 61 0.023383 0.005191 360.16 0.81
E 1 62 0.022872 0.004506 359.52 4.85
E 1 63 0.021899 0.003785 358.10 1.27
E 1 64 0.022378 0.004088 353.03 0.80
E 1 65 0.023354 0.007689 310.30 1.26
E 1 67 0.022449 0.004608 367.60 0.18
E 1 71 0.023936 0.006170 339.10 1.97
E 1 72 0.021749 0.002374 374.77 30.08
E 1 73 0.024596 0.002578 510.12 2.28
E 1 74 0.022013 0.003785 330.68 2.33
E 1 78 0.022199 0.003988 340.23 1.61
E 1 82 0.022446 0.005116 362.59 0.51
E 1 83 0.022701 0.004857 347.57 3.14
E 1 85 0.023147 0.005235 375.08 0.65
E 1 86 0.021626 0.004135 368.49 511.13
E 1 87 0.022123 0.003785 370.47 9.65
E 1 88 0.022393 0.003448 388.60 2.67
E 1 89 0.021749 0.004104 370.75 2.99
E 1 90 0.024644 0.004410 412.46 146.58
E 2 3 0.020728 0.002388 355.47 38.35
E 2 4 0.019510 0.002985 322.49 0.33
E 2 5 0.021755 0.004097 317.31 1.92
E 2 7 0.020671 0.002582 335.55 11.03
E 2 9 0.022180 0.004911 335.13 1.37
E 2 10 0.021940 0.004924 355.46 10.41
E 2 11 0.024869 0.006581 476.09 1.56
E 2 12 0.023529 0.005239 367.89 6.10
E 2 13 0.008340 0.000960 752.00 0.21
E 2 18 0.019700 0.001564 322.87 11.91
E 2 20 0.022753 0.005332 370.33 2.71
E 2 25 0.021165 0.003822 326.56 1.85
E 2 31 0.022667 0.006398 345.12 507.42
E 2 32 0.020348 0.002455 323.38 8.92
E 2 33 0.022854 0.003586 459.23 12.45
E 2 38 0.021566 0.003413 329.18 5.73
E 2 41 0.021582 0.003785 333.12 0.63
E 2 42 0.020580 0.004868 344.42 1.08
E 2 45 0.021713 0.004705 343.07 3.45
E 2 47 0.021160 0.002176 310.51 46.03
E 2 49 0.022473 0.005114 347.00 180.43
E 2 50 0.021768 0.004325 384.93 1.81
E 2 53 0.021234 0.004183 328.33 0.93
E 2 54 0.024145 0.005657 412.70 0.62
E 2 56 0.022358 0.006004 367.61 0.00
E 2 58 0.020327 0.003093 332.44 3.08
E 2 59 0.014442 0.002337 237.60 9.10
E 2 60 0.018290 0.002578 316.84 7.76
E 2 61 0.021662 0.004579 361.55 142.61
E 2 62 0.019053 0.003986 320.74 23.00
E 2 63 0.021885 0.003844 402.70 86.60
E 2 64 0.020977 0.003826 346.54 0.00
E 2 67 0.022422 0.004267 376.37 27.21
E 2 68 0.019934 0.002042 326.88 5.33
E 2 69 0.020705 0.003554 341.27 4.73
E 2 71 0.019399 0.005330 344.48 86.38
E 2 72 0.021467 0.004292 365.89 0.14
E 2 74 0.021977 0.004286 317.99 12.21
E 2 78 0.008355 0.000640 812.00 57.09
E 2 81 0.019899 0.002120 301.97 1.26
E 2 82 0.021820 0.002681 348.56 1.27
E 2 83 0.022457 0.005237 305.88 10.46
E 2 84 0.019934 0.003208 325.88 5.34
E 2 86 0.023388 0.007414 428.92 1.15
E 2 87 0.021299 0.002862 347.43 8.44
E 2 88 0.021320 0.003251 358.25 115.23
E 2 89 0.020682 0.003511 353.81 107.52
E 2 90 0.022622 0.004523 374.22 1.74
E 3 7 0.020868 0.003177 310.20 1.39
E 3 9 0.021178 0.004159 313.73 1.20
E 3 16 0.022201 0.003707 361.57 0.02
E 3 18 0.019481 0.004979 292.92 0.25
E 3 20 0.021691 0.004740 329.28 5.45
E 3 25 0.021880 0.003853 359.33 2.33
E 3 32 0.019871 0.004688 316.09 0.36
E 3 33 0.022855 0.003586 404.75 1.09
E 3 38 0.018764 0.004191 297.47 1.23
E 3 41 0.019053 0.004077 312.76 6.32
E 3 42 0.021240 0.004119 339.85 0.71
E 3 45 0.022611 0.003528 314.95 0.56
E 3 47 0.019812 0.004399 322.52 3.68
E 3 50 0.020610 0.003929 336.86 8.58
E 3 53 0.020958 0.003292 354.46 2.93
E 3 54 0.022975 0.004990 400.75 2.10
E 3 56 0.003873 0.000000 368.00 0.00
E 3 63 0.021401 0.003663 351.12 26.50
E 3 67 0.021452 0.003731 335.78 19.05
E 3 68 0.021301 0.003859 344.12 2.74
E 3 69 0.019775 0.004380 306.91 1.65
E 3 72 0.020916 0.003973 317.52 0.62
E 3 74 0.021295 0.003857 331.98 0.03
E 3 81 0.021342 0.003498 320.56 0.52
E 3 82 0.018764 0.003589 312.63 2.22
E 3 84 0.021301 0.003859 345.61 2.74
E 3 87 0.021359 0.003556 335.39 3.59
E 3 88 0.020093 0.004211 320.01 0.08
E 3 89 0.020803 0.004090 321.10 0.07
E 3 90 0.023583 0.004749 396.17 1.02
E 4 5 0.016687 0.001390 279.67 0.00
E 4 6 0.017508 0.001802 271.51 0.02
E 4 8 0.018180 0.001832 290.93 0.02
E 4 10 0.019244 0.001150 328.58 0.46
E 4 12 0.020839 0.002949 333.89 0.45
E 4 15 0.017445 0.003639 273.24 0.14
E 4 17 0.018464 0.002210 346.72 8.70
E 4 22 0.016120 0.004274 244.18 0.22
E 4 24 0.015914 0.001404 272.51 0.55
E 4 26 0.017321 0.002621 294.40 0.85
E 4 28 0.016508 0.001832 312.78 1.82
E 4 29 0.017096 0.001696 243.61 0.22
E 4 30 0.015743 0.001908 253.34 0.24
E 4 31 0.021073 0.005396 341.07 0.23
E 4 37 0.022735 0.002290 308.27 1.23
E 4 39 0.016308 0.003290 290.45 0.35
E 4 43 0.017860 0.000724 270.71 0.19
E 4 44 0.016257 0.003753 278.77 0.13
E 4 45 0.019341 0.003364 326.68 0.35
E 4 49 0.022568 0.005539 374.65 46.11
E 4 57 0.021020 0.004625 310.98 0.22
E 4 59 0.015990 0.002158 263.02 0.23
E 4 61 0.018709 0.001747 291.56 0.17
E 4 62 0.018008 0.003252 288.47 2.33
E 4 67 0.020365 0.002964 298.15 7.65
E 4 70 0.016430 0.003350 262.18 0.21
E 4 77 0.018690 0.001372 277.67 0.13
E 4 79 0.018706 0.001289 296.08 0.23
E 4 83 0.019616 0.003133 311.59 1.90
E 4 85 0.020499 0.003290 321.72 6.24
E 5 6 0.022857 0.004010 364.23 3.02
E 5 8 0.023204 0.004382 365.84 1.19
E 5 10 0.024135 0.004246 373.13 15.90
E 5 11 0.021580 0.002985 350.83 2.01
E 5 12 0.023054 0.004178 353.06 2.94
E 5 13 0.022624 0.003600 381.42 2.00
E 5 14 0.023697 0.004519 395.33 0.58
E 5 17 0.022058 0.002490 335.68 89.81
E 5 18 0.022564 0.002956 367.52 1.02
E 5 23 0.023439 0.006057 361.01 1.08
E 5 24 0.023853 0.003188 404.18 3.66
E 5 26 0.024651 0.005245 369.44 11.72
E 5 29 0.023445 0.002841 461.27 2.94
E 5 30 0.024756 0.004279 443.23 3.52
E 5 31 0.023775 0.005463 358.44 3.10
E 5 32 0.022632 0.000396 343.62 0.87
E 5 34 0.022463 0.003356 368.34 3.32
E 5 37 0.022750 0.003904 376.42 2.34
E 5 40 0.023718 0.005498 381.01 0.97
E 5 43 0.022774 0.003955 368.99 0.48
E 5 45 0.019280 0.002968 330.49 3.07
E 5 49 0.023402 0.005475 406.90 7.50
E 5 52 0.022536 0.003864 370.89 5.64
E 5 56 0.021167 0.004430 328.68 312.16
E 5 57 0.024082 0.005088 358.41 1.61
E 5 58 0.022979 0.003086 401.20 0.52
E 5 59 0.021452 0.004876 346.38 3.49
E 5 60 0.023240 0.004382 355.38 2.26
E 5 61 0.023205 0.004347 395.12 11.19
E 5 62 0.018345 0.003018 283.11 8.39
E 5 64 0.021466 0.003948 343.06 77.89
E 5 65 0.022648 0.003707 357.09 4.11
E 5 67 0.022845 0.004935 365.81 17.61
E 5 73 0.022054 0.002964 353.10 6.05
E 5 77 0.022488 0.003838 369.78 0.58
E 5 78 0.021802 0.002544 336.27 1.94
E 5 79 0.023209 0.004240 362.60 3.74
E 5 83 0.022450 0.004170 365.73 5.58
E 5 85 0.022032 0.003764 334.52 16.68
E 5 86 0.022046 0.003249 364.09 0.77
E 6 8 0.019506 0.002931 299.27 0.08
E 6 10 0.024373 0.004145 372.46 4.29
E 6 11 0.019146 0.003698 317.33 1.36
E 6 12 0.022322 0.003996 347.20 0.95
E 6 13 0.019762 0.002530 344.83 3.21
E 6 14 0.023891 0.004212 346.62 2.48
E 6 17 0.019139 0.002503 292.56 2.32
E 6 18 0.022090 0.002544 317.24 0.28
E 6 23 0.023070 0.005682 387.74 0.22
E 6 24 0.018683 0.002817 274.04 0.06
E 6 26 0.018587 0.002802 292.79 3.33
E 6 29 0.018737 0.002757 296.14 0.14
E 6 30 0.018731 0.002700 321.31 0.16
E 6 31 0.021563 0.005421 362.81 64.22
E 6 32 0.021717 0.000339 408.90 0.69
E 6 34 0.021630 0.004023 331.27 0.04
E 6 37 0.020543 0.003134 354.58 4.96
E 6 40 0.023917 0.005486 336.66 2.81
E 6 43 0.023794 0.004410 373.09 1.75
E 6 49 0.022738 0.005618 358.76 20.49
E 6 52 0.021533 0.003382 346.59 2.71
E 6 56 0.022951 0.005331 389.95 0.01
E 6 57 0.024318 0.005407 399.15 0.25
E 6 58 0.021717 0.001018 356.57 0.52
E 6 59 0.018803 0.002454 298.08 1.09
E 6 60 0.022355 0.003128 369.12 6.22
E 6 61 0.024491 0.003687 368.54 9.54
E 6 62 0.020693 0.002199 298.78 2.36
E 6 64 0.020294 0.004003 331.97 0.00
E 6 65 0.021933 0.003707 492.52 35.25
E 6 67 0.020417 0.003750 334.31 45.78
E 6 71 0.011429 0.002432 1080.00 0.50
E 6 73 0.022089 0.002996 325.70 432.58
E 6 77 0.022754 0.004587 381.08 21.73
E 6 79 0.022292 0.003501 341.85 0.07
E 6 83 0.020889 0.003543 329.14 3.59
E 6 85 0.021600 0.003819 330.44 9.02
E 6 86 0.020741 0.001998 310.32 1.16
E 7 9 0.020903 0.004403 323.07 1.52
E 7 11 0.023117 0.007317 385.73 9.54
E 7 14 0.019103 0.004545 332.39 0.06
E 7 16 0.020818 0.004204 333.66 0.13
E 7 18 0.021001 0.003322 336.02 0.03
E 7 19 0.024091 0.006445 432.25 1.66
E 7 20 0.021903 0.004908 335.49 2.16
E 7 21 0.021818 0.003256 342.84 35.20
E 7 28 0.020134 0.003392 371.57 0.45
E 7 32 0.020592 0.003766 331.79 0.01
E 7 33 0.022928 0.004211 392.89 0.39
E 7 36 0.021818 0.007925 343.87 2.69
E 7 38 0.021157 0.004827 340.60 2.57
E 7 41 0.020933 0.002831 332.44 1.59
E 7 50 0.020818 0.003772 319.37 2.98
E 7 51 0.005810 0.002304 552.00 3.89
E 7 54 0.020849 0.005016 328.81 2.88
E 7 55 0.021906 0.003816 331.57 1.21
E 7 63 0.020920 0.003905 328.81 1.57
E 7 65 0.020885 0.003961 344.87 0.02
E 7 66 0.024091 0.006445 328.56 3.83
E 7 68 0.020581 0.004489 342.10 0.36
E 7 71 0.001713 0.000000 156.00 2.96
E 7 72 0.020798 0.003771 331.87 1.46
E 7 74 0.020949 0.004060 323.19 1.22
E 7 78 0.021138 0.003121 295.91 1.73
E 7 82 0.020957 0.003337 324.06 2.78
E 7 84 0.020514 0.004320 303.40 0.52
E 7 87 0.021076 0.004192 321.84 3.72
E 7 88 0.020978 0.003754 316.08 1.27
E 7 89 0.021026 0.004288 338.24 1.26
E 7 90 0.021007 0.004124 339.20 1.11
E 8 10 0.025347 0.005061 367.83 8.43
E 8 11 0.018676 0.002437 285.51 3.11
E 8 12 0.022994 0.004070 358.43 1.17
E 8 13 0.018940 0.002518 315.75 3.19
E 8 14 0.025245 0.005178 383.42 4.89
E 8 17 0.024518 0.005866 382.75 7.01
E 8 18 0.021548 0.002544 680.90 0.29
E 8 23 0.024595 0.005682 368.46 0.34
E 8 24 0.014888 0.001267 222.51 0.05
E 8 26 0.015060 0.001225 244.73 4.09
E 8 29 0.014963 0.001253 219.87 0.11
E 8 30 0.014987 0.001565 256.46 0.09
E 8 31 0.023224 0.005276 356.63 96.83
E 8 34 0.021630 0.004023 322.09 0.06
E 8 37 0.021028 0.003301 357.58 6.18
E 8 40 0.023917 0.005486 377.14 1.95
E 8 43 0.023918 0.004636 353.82 2.61
E 8 49 0.023643 0.006072 357.04 22.88
E 8 52 0.021295 0.003382 304.34 1796.78
E 8 56 0.021886 0.004681 361.68 0.00
E 8 57 0.024565 0.005565 380.25 0.42
E 8 58 0.001649 0.000000 148.00 0.84
E 8 59 0.020068 0.002774 323.18 0.66
E 8 61 0.024492 0.004296 356.44 21.73
E 8 62 0.020249 0.002625 322.87 3.72
E 8 64 0.021736 0.005132 384.23 0.00
E 8 65 0.021933 0.003707 345.20 18.01
E 8 67 0.021344 0.001628 368.62 39.45
E 8 73 0.025240 0.004900 389.43 379.53
E 8 77 0.025897 0.007236 375.77 5.60
E 8 79 0.023265 0.003698 367.67 0.14
E 8 83 0.022782 0.004402 386.27 4.94
E 8 85 0.022563 0.003304 340.26 18.35
E 8 86 0.021479 0.003154 385.45 0.62
E 9 11 0.022673 0.006488 362.50 1.05
E 9 14 0.019601 0.005359 304.96 0.15
E 9 18 0.020655 0.003447 332.28 2.65
E 9 19 0.021038 0.002544 342.46 1.08
E 9 20 0.021659 0.004944 339.34 0.61
E 9 21 0.022902 0.004664 382.86 1.44
E 9 32 0.020342 0.003886 339.99 7.48
E 9 33 0.023240 0.004791 406.97 13.94
E 9 35 0.019965 0.004410 341.29 8.21
E 9 36 0.022903 0.008169 337.47 2.75
E 9 38 0.020771 0.004582 318.14 2.81
E 9 41 0.021226 0.003860 313.15 1.38
E 9 42 0.020397 0.003920 313.58 1.41
E 9 50 0.020702 0.004280 324.02 0.64
E 9 51 0.022565 0.008141 320.07 0.75
E 9 55 0.022581 0.005013 352.90 3.32
E 9 60 0.019381 0.003125 315.08 11.03
E 9 63 0.020514 0.004038 326.75 2.50
E 9 64 0.002129 0.000000 208.00 14.77
E 9 65 0.020495 0.003341 341.89 10.78
E 9 66 0.021038 0.001993 309.51 0.73
E 9 68 0.020251 0.004780 297.76 1.41
E 9 69 0.020801 0.004780 337.32 44.54
E 9 71 0.021292 0.002035 561.47 0.88
E 9 72 0.020722 0.004120 320.90 1.03
E 9 73 0.020146 0.003651 330.06 6.47
E 9 74 0.020584 0.004096 323.70 1.12
E 9 75 0.019437 0.003925 302.48 3.91
E 9 76 0.011636 0.003520 1164.00 0.99
E 9 78 0.021681 0.003121 311.92 2.32
E 9 81 0.019817 0.002680 320.10 1.50
E 9 82 0.020754 0.004127 338.10 2.61
E 9 84 0.020189 0.004639 327.17 1.41
E 9 87 0.020949 0.004058 348.52 1.79
E 9 88 0.020642 0.003950 327.85 1.17
E 9 89 0.020625 0.003913 340.56 1.17
E 9 90 0.020698 0.004025 323.46 0.78
E 10 11 0.024183 0.003829 365.83 0.82
E 10 12 0.023102 0.004964 348.84 0.12
E 10 13 0.024396 0.004150 380.53 1.93
E 10 14 0.024251 0.004414 377.04 0.79
E 10 15 0.022639 0.004715 354.64 1.82
E 10 17 0.022278 0.002963 356.08 2.14
E 10 23 0.022809 0.005975 349.46 0.41
E 10 24 0.024725 0.005258 378.71 0.12
E 10 25 0.019510 0.000757 311.74 63.44
E 10 26 0.024569 0.005936 407.41 4.51
E 10 28 0.019967 0.001201 304.65 0.47
E 10 29 0.024296 0.005766 410.39 6.45
E 10 30 0.024296 0.005766 350.77 31.50
E 10 34 0.026042 0.005078 370.22 22.63
E 10 37 0.022603 0.003266 338.36 14.88
E 10 40 0.026074 0.005208 462.21 0.92
E 10 43 0.022405 0.002938 381.79 6.96
E 10 45 0.021272 0.004063 340.67 2.27
E 10 49 0.022748 0.005088 352.99 19.80
E 10 51 0.028840 0.005540 404.13 11.96
E 10 52 0.026031 0.004975 426.61 1.75
E 10 56 0.021939 0.004684 349.10 1.01
E 10 57 0.022899 0.004202 348.81 0.13
E 10 58 0.021052 0.002046 355.02 7.40
E 10 59 0.026488 0.005815 421.53 21.68
E 10 60 0.027211 0.004250 469.39 6.75
E 10 61 0.022327 0.003615 345.90 205.83
E 10 62 0.022594 0.002994 338.38 142.94
E 10 64 0.022633 0.004010 363.83 3.40
E 10 65 0.024188 0.003460 357.06 8.70
E 10 67 0.021999 0.004008 345.55 27.04
E 10 71 0.022300 0.003699 378.12 17.70
E 10 73 0.024852 0.004368 358.30 56.50
E 10 77 0.022275 0.003073 357.19 1.43
E 10 79 0.022359 0.003654 351.58 4.93
E 10 83 0.022612 0.003531 338.15 1.83
E 10 85 0.022404 0.003436 354.28 7.65
E 10 86 0.022604 0.003161 332.91 105.82
E 11 12 0.022621 0.003696 382.98 0.71
E 11 13 0.017423 0.002542 288.27 1.50
E 11 14 0.022275 0.003202 367.44 1.33
E 11 15 0.018110 0.003020 302.51 0.79
E 11 16 0.022435 0.005088 418.33 16.05
E 11 17 0.022643 0.005348 360.68 0.02
E 11 19 0.022105 0.005122 326.75 5.68
E 11 20 0.022451 0.004975 331.02 1.06
E 11 21 0.022805 0.005960 335.69 0.76
E 11 22 0.019083 0.002171 328.42 0.58
E 11 23 0.018438 0.004526 297.97 0.07
E 11 24 0.018707 0.006190 325.73 0.74
E 11 26 0.018231 0.005503 333.42 1.39
E 11 28 0.019701 0.003710 304.48 50.81
E 11 29 0.018707 0.006190 357.65 0.99
E 11 30 0.018231 0.005503 344.40 0.71
E 11 33 0.022950 0.005745 379.77 13.24
E 11 34 0.019340 0.004755 325.30 9.27
E 11 36 0.017796 0.004508 303.13 5.60
E 11 38 0.023525 0.006784 326.84 1.73
E 11 40 0.018679 0.002480 311.58 1.81
E 11 43 0.023526 0.003222 441.86 1.36
E 11 44 0.030706 0.000000 625.70 0.07
E 11 49 0.023440 0.005793 379.05 3.15
E 11 50 0.022904 0.005902 455.29 1.10
E 11 51 0.017540 0.002790 267.88 5.71
E 11 55 0.022351 0.006057 336.40 1.36
E 11 57 0.024075 0.004811 331.68 1.66
E 11 60 0.019681 0.000766 364.71 1.05
E 11 63 0.023580 0.006523 371.31 6.89
E 11 65 0.023141 0.004942 330.54 37.72
E 11 66 0.022105 0.005122 353.21 3.94
E 11 67 0.022632 0.003596 327.29 1.64
E 11 70 0.018707 0.006190 283.62 0.71
E 11 71 0.019381 0.004417 320.81 3.68
E 11 72 0.022905 0.005330 330.37 0.96
E 11 73 0.008899 0.002240 880.00 4.26
E 11 74 0.022286 0.005119 439.02 1.76
E 11 76 0.009923 0.001728 1008.00 0.39
E 11 77 0.020191 0.001583 352.81 2.12
E 11 78 0.018985 0.004124 306.94 3.40
E 11 79 0.022974 0.004968 337.92 0.68
E 11 82 0.023525 0.006784 426.22 1.63
E 11 83 0.020098 0.002874 357.92 0.17
E 11 86 0.019058 0.002414 295.11 1.09
E 11 87 0.023751 0.002883 436.94 3.04
E 11 88 0.023413 0.005766 334.90 1.72
E 11 89 0.022319 0.005710 434.74 1.72
E 11 90 0.024849 0.005998 451.74 1.45
E 12 13 0.023184 0.004055 383.40 2.26
E 12 14 0.023253 0.004670 350.94 0.30
E 12 15 0.022138 0.004770 348.94 1.52
E 12 17 0.022244 0.003893 359.10 5.68
E 12 23 0.022981 0.005809 330.23 0.39
E 12 24 0.023919 0.004253 343.91 0.09
E 12 25 0.022337 0.004843 342.16 1.15
E 12 26 0.023676 0.003731 340.41 7.55
E 12 28 0.021744 0.003288 351.95 0.91
E 12 29 0.023549 0.003762 381.99 0.28
E 12 30 0.023241 0.003448 381.88 3.90
E 12 34 0.022968 0.003848 357.16 2.16
E 12 37 0.022111 0.003715 343.12 9.15
E 12 40 0.023009 0.003852 354.93 394.89
E 12 43 0.022785 0.004564 350.87 9.01
E 12 45 0.022430 0.004347 345.50 2.09
E 12 49 0.022652 0.005088 363.82 26.22
E 12 51 0.021472 0.002224 380.49 3.39
E 12 52 0.022968 0.003424 369.28 2.43
E 12 56 0.022707 0.004912 350.70 0.00
E 12 57 0.022904 0.004523 354.02 0.08
E 12 58 0.022583 0.004457 355.43 7.79
E 12 59 0.022915 0.003862 368.35 3.26
E 12 60 0.022965 0.004049 372.10 4.83
E 12 61 0.022748 0.004674 380.19 356.95
E 12 62 0.022685 0.004624 326.03 37.80
E 12 64 0.022412 0.004178 351.63 3.21
E 12 65 0.025995 0.004325 399.41 9.74
E 12 67 0.023089 0.005206 359.56 28.28
E 12 71 0.020704 0.003731 312.60 21.25
E 12 73 0.025784 0.005130 378.28 96.23
E 12 77 0.022786 0.004710 361.87 0.74
E 12 78 0.021319 0.003053 353.09 2.97
E 12 79 0.022729 0.004623 348.62 1.12
E 12 83 0.022540 0.004007 359.88 2.62
E 12 85 0.022680 0.004182 359.60 18.86
E 12 86 0.021792 0.002767 325.93 75.00
E 13 14 0.023439 0.004423 370.02 2.86
E 13 15 0.017919 0.003146 307.48 13.16
E 13 17 0.019878 0.002573 305.90 21.43
E 13 18 0.021547 0.003053 363.75 11.54
E 13 22 0.016938 0.004768 282.58 0.87
E 13 23 0.019563 0.005743 304.28 0.79
E 13 24 0.019743 0.002596 297.34 2.26
E 13 26 0.018471 0.001576 288.66 0.27
E 13 28 0.019081 0.003234 338.77 1.53
E 13 29 0.021885 0.003957 375.92 2.74
E 13 30 0.018575 0.002869 282.03 3.23
E 13 31 0.023468 0.005917 404.36 1.09
E 13 32 0.021547 0.000000 289.69 11.89
E 13 34 0.019702 0.004274 325.73 3.24
E 13 37 0.020335 0.003498 311.67 4.11
E 13 40 0.019087 0.002714 302.51 2.37
E 13 43 0.024246 0.004423 419.58 4.72
E 13 44 0.005202 0.001216 476.00 0.20
E 13 49 0.023741 0.005398 397.78 0.75
E 13 51 0.017277 0.003060 284.79 3.29
E 13 52 0.018852 0.002416 294.91 2.58
E 13 57 0.024711 0.004923 386.13 1.85
E 13 58 0.021547 0.000000 519.59 106.75
E 13 59 0.022468 0.002450 360.70 4.27
E 13 60 0.020926 0.001696 301.90 2.63
E 13 61 0.024490 0.003481 375.47 2.55
E 13 62 0.021683 0.000543 278.23 8.66
E 13 64 0.022606 0.003011 349.03 6.11
E 13 65 0.021932 0.003707 305.36 9.85
E 13 67 0.023197 0.003822 337.83 4.22
E 13 70 0.018382 0.004297 303.62 4.35
E 13 71 0.018295 0.003118 304.82 0.57
E 13 73 0.021104 0.003680 351.14 0.75
E 13 77 0.025184 0.006538 443.04 3.59
E 13 78 0.018832 0.002953 325.20 1.39
E 13 79 0.023204 0.004146 352.39 2.76
E 13 83 0.022188 0.004223 349.28 0.27
E 13 85 0.022676 0.003593 320.01 1.16
E 13 86 0.018792 0.002162 302.43 4.94
E 14 16 0.018127 0.004424 315.40 0.82
E 14 17 0.023179 0.003899 349.76 67.29
E 14 18 0.024833 0.004827 382.54 0.81
E 14 20 0.020359 0.004149 327.88 4.36
E 14 23 0.023558 0.006819 360.05 0.22
E 14 24 0.029519 0.004749 430.44 0.12
E 14 26 0.026748 0.005540 385.11 5.48
E 14 29 0.024826 0.004579 491.61 0.20
E 14 30 0.024261 0.004216 338.29 12.88
E 14 31 0.024053 0.005282 343.55 165.61
E 14 32 0.025164 0.004608 445.61 1.63
E 14 34 0.024739 0.005813 361.67 5.66
E 14 37 0.022633 0.004089 378.85 17.42
E 14 40 0.024841 0.005521 368.56 0.77
E 14 43 0.023131 0.004121 363.04 0.12
E 14 49 0.022941 0.004779 356.93 24.74
E 14 52 0.025386 0.006677 364.92 0.93
E 14 57 0.023784 0.004107 356.66 2.14
E 14 58 0.023070 0.003871 359.27 2.07
E 14 59 0.024287 0.005949 370.75 10.49
E 14 60 0.020641 0.004508 326.87 6.84
E 14 61 0.024002 0.005072 366.07 62.22
E 14 62 0.022508 0.003599 329.57 10.93
E 14 65 0.019759 0.004559 338.48 330.03
E 14 67 0.022784 0.004394 355.08 39.85
E 14 73 0.019071 0.004150 319.66 6.36
E 14 74 0.020843 0.005064 317.11 27.32
E 14 77 0.023210 0.003991 360.08 3.65
E 14 78 0.018832 0.004052 277.98 85.97
E 14 79 0.023237 0.004547 361.25 3.33
E 14 83 0.023223 0.003974 363.05 79.26
E 14 85 0.023090 0.004372 373.48 150.60
E 14 86 0.021767 0.003316 327.31 0.09
E 14 87 0.020452 0.005088 302.39 0.15
E 14 90 0.018718 0.004070 282.13 7.88
E 15 16 0.020262 0.006057 357.43 0.17
E 15 22 0.016265 0.004526 260.30 2.13
E 15 23 0.019589 0.005122 323.13 0.03
E 15 24 0.016798 0.001526 254.91 0.21
E 15 26 0.019766 0.002460 299.96 20.00
E 15 28 0.017733 0.003428 287.80 8.18
E 15 29 0.018031 0.002405 370.82 0.30
E 15 30 0.016332 0.001993 283.57 0.92
E 15 31 0.020621 0.004853 344.63 128.77
E 15 34 0.019109 0.003670 311.77 0.51
E 15 37 0.020048 0.004112 324.05 8.32
E 15 39 0.016631 0.004013 272.32 2.56
E 15 46 0.015582 0.002023 257.84 7.97
E 15 49 0.020297 0.004028 321.98 2.50
E 15 52 0.018863 0.004515 299.96 0.55
E 15 60 0.021387 0.003410 330.26 6.61
E 15 61 0.022640 0.004900 361.52 95.82
E 15 70 0.015846 0.003293 251.29 0.22
E 15 79 0.021731 0.003716 347.62 7.52
E 15 83 0.019598 0.003901 324.21 9.79
E 16 18 0.020099 0.002699 302.16 0.38
E 16 19 0.019308 0.003212 305.66 1.86
E 16 20 0.021178 0.004237 331.77 0.21
E 16 21 0.017930 0.000848 429.94 0.26
E 16 22 0.020262 0.006057 336.02 1.59
E 16 23 0.017559 0.004736 1672.00 1.10
E 16 25 0.020125 0.003243 324.63 0.02
E 16 26 0.021209 0.003053 361.85 70.48
E 16 27 0.018249 0.001734 281.64 0.19
E 16 28 0.019615 0.005766 324.73 1.29
E 16 32 0.019813 0.002720 316.47 0.11
E 16 33 0.018492 0.003701 279.58 0.01
E 16 34 0.022268 0.005639 350.36 1.71
E 16 35 0.019143 0.004984 313.06 0.03
E 16 36 0.018937 0.002563 311.73 0.59
E 16 42 0.019212 0.002075 308.56 0.02
E 16 46 0.019615 0.005177 289.73 0.29
E 16 49 0.024826 0.004749 344.55 38.89
E 16 50 0.019371 0.002462 315.01 0.40
E 16 51 0.020095 0.004655 279.47 2.04
E 16 52 0.025900 0.005639 397.05 0.44
E 16 53 0.019325 0.002255 301.50 0.36
E 16 54 0.019739 0.004364 319.17 0.02
E 16 55 0.019370 0.002286 307.36 19.08
E 16 60 0.018936 0.003288 328.51 3.02
E 16 63 0.019748 0.003060 309.18 0.93
E 16 65 0.020837 0.004417 341.03 1.04
E 16 66 0.018763 0.002809 309.47 2.11
E 16 68 0.018994 0.002062 317.65 0.01
E 16 69 0.019328 0.004222 295.89 0.00
E 16 70 0.020262 0.006057 340.48 0.18
E 16 71 0.019294 0.004535 322.79 16.69
E 16 72 0.019212 0.002918 322.76 0.03
E 16 73 0.020107 0.003021 324.23 19.41
E 16 74 0.020132 0.003881 324.98 0.17
E 16 75 0.019430 0.002375 278.87 0.03
E 16 76 0.019597 0.003336 339.39 0.06
E 16 80 0.019308 0.007402 344.00 0.01
E 16 81 0.018854 0.002014 316.94 0.01
E 16 82 0.019351 0.002332 285.48 0.12
E 16 83 0.025685 0.007462 361.39 4.15
E 16 84 0.019326 0.002790 311.29 0.01
E 16 86 0.020756 0.004410 332.49 0.65
E 16 87 0.020989 0.005004 344.95 0.69
E 16 88 0.019369 0.004261 331.98 0.04
E 16 89 0.019426 0.003377 321.42 0.04
E 16 90 0.019951 0.003155 327.19 3.67
E 17 18 0.020943 0.004070 331.89 4.74
E 17 23 0.021129 0.007332 331.02 0.75
E 17 31 0.022028 0.005559 343.11 297.00
E 17 32 0.020051 0.003867 328.07 4.55
E 17 37 0.019290 0.003289 288.00 0.28
E 17 40 0.024754 0.004975 391.68 16.08
E 17 43 0.022276 0.003904 331.99 30.36
E 17 49 0.021151 0.003782 320.17 14.03
E 17 56 0.021415 0.004858 348.40 1.75
E 17 57 0.023108 0.004337 328.99 35.69
E 17 58 0.019959 0.002500 328.52 5.48
E 17 59 0.017331 0.001333 287.26 32.10
E 17 60 0.020823 0.002407 302.79 3.23
E 17 61 0.022789 0.004866 349.20 0.81
E 17 62 0.021178 0.002655 348.66 0.10
E 17 67 0.021646 0.004085 342.32 0.49
E 17 73 0.024684 0.005382 437.18 55.56
E 17 77 0.020439 0.002641 321.97 7.32
E 17 79 0.021905 0.003369 339.85 1.67
E 17 83 0.019466 0.003020 342.89 9.42
E 17 85 0.021818 0.003820 347.76 152.36
E 17 86 0.019427 0.003782 380.66 45.06
E 18 20 0.022234 0.004699 349.32 0.25
E 18 23 0.027595 0.006784 312.83 0.82
E 18 25 0.020627 0.003841 318.59 12.59
E 18 32 0.020200 0.002525 318.61 0.87
E 18 38 0.022607 0.005470 331.51 6.92
E 18 40 0.023920 0.002544 334.09 3.40
E 18 41 0.019547 0.002071 306.54 0.31
E 18 43 0.026125 0.004070 432.71 0.87
E 18 45 0.020866 0.004039 365.70 0.32
E 18 47 0.011519 0.000530 160.99 0.29
E 18 50 0.019423 0.001992 352.14 0.29
E 18 53 0.019534 0.002164 315.79 0.50
E 18 54 0.022162 0.004545 342.24 0.71
E 18 56 0.020629 0.002834 328.57 30.88
E 18 57 0.026030 0.006143 405.24 1.95
E 18 58 0.021028 0.003480 328.20 0.25
E 18 60 0.017079 0.004192 1612.00 3.22
E 18 61 0.025031 0.004564 328.80 14.36
E 18 63 0.020953 0.003533 345.73 15.96
E 18 64 0.027265 0.003844 424.09 32.15
E 18 67 0.021055 0.002850 294.07 4.79
E 18 68 0.019437 0.002382 321.14 16.63
E 18 69 0.018452 0.004012 294.80 1.19
E 18 72 0.020952 0.003840 335.27 0.27
E 18 73 0.020698 0.003449 343.48 6.22
E 18 74 0.021398 0.003705 348.50 0.24
E 18 77 0.025248 0.005597 360.10 0.88
E 18 79 0.022854 0.002544 375.96 0.80
E 18 82 0.022607 0.005470 326.97 1.22
E 18 84 0.019304 0.003189 317.99 16.00
E 18 85 0.024923 0.004321 396.35 12.15
E 18 87 0.021408 0.004539 327.42 1.94
E 18 88 0.019999 0.003935 308.94 0.25
E 18 89 0.021125 0.004556 328.35 0.25
E 18 90 0.020625 0.003989 344.34 0.33
E 19 21 0.014064 0.002141 220.29 10.10
E 19 23 0.019733 0.006027 313.58 0.05
E 19 27 0.016443 0.002941 257.90 4.55
E 19 28 0.017622 0.004313 265.84 1.05
E 19 33 0.016803 0.003528 271.15 1.24
E 19 34 0.018042 0.005060 277.51 0.22
E 19 36 0.017455 0.001956 248.52 9.31
E 19 46 0.015613 0.003353 242.58 0.05
E 19 48 0.016528 0.005147 271.58 11.21
E 19 51 0.017446 0.002838 283.96 4.53
E 19 52 0.016992 0.002568 278.74 2.54
E 19 55 0.016087 0.002951 247.46 5.10
E 19 63 0.020718 0.002318 359.46 9.01
E 19 65 0.020957 0.004390 331.96 4.45
E 19 66 0.016057 0.002863 249.03 3.66
E 19 71 0.019591 0.004640 287.34 80.90
E 19 76 0.014993 0.003162 277.02 22.19
E 19 78 0.017264 0.002431 259.37 21.97
E 19 90 0.023634 0.004618 376.84 0.14
E 20 25 0.022191 0.004138 342.49 5.31
E 20 32 0.021517 0.004773 328.47 0.54
E 20 33 0.022927 0.004834 425.32 3.02
E 20 38 0.021580 0.005093 332.61 1.77
E 20 41 0.021614 0.004615 335.81 2.71
E 20 42 0.021609 0.004780 339.81 0.98
E 20 45 0.022970 0.005122 335.32 0.33
E 20 50 0.021721 0.004855 331.13 0.03
E 20 53 0.022799 0.005486 368.91 17.09
E 20 54 0.021795 0.005551 382.40 5.47
E 20 55 0.022457 0.004708 381.60 3.75
E 20 60 0.021447 0.003884 311.19 6.58
E 20 63 0.021630 0.004783 340.16 2.12
E 20 65 0.021526 0.004948 334.67 4.87
E 20 67 0.032062 0.003586 391.16 29.46
E 20 69 0.022419 0.005088 336.62 0.92
E 20 72 0.021721 0.004855 367.91 0.70
E 20 74 0.021639 0.004901 353.31 3.71
E 20 75 0.021155 0.004129 330.42 0.55
E 20 78 0.023808 0.004296 415.61 156.22
E 20 82 0.021565 0.004541 333.23 0.66
E 20 87 0.021650 0.004944 332.80 6.76
E 20 88 0.021590 0.004579 334.95 9.52
E 20 89 0.021669 0.004741 344.55 8.55
E 20 90 0.021627 0.004783 349.85 0.70
E 21 27 0.013382 0.002156 194.08 0.19
E 21 33 0.018299 0.002084 328.28 4.27
E 21 35 0.016834 0.003125 272.80 0.29
E 21 36 0.017862 0.004134 303.80 1.81
E 21 38 0.017743 0.002846 300.48 2.85
E 21 48 0.014491 0.001298 225.74 1.38
E 21 50 0.001457 0.000000 124.00 28.71
E 21 55 0.018601 0.002692 294.50 0.13
E 21 63 0.028671 0.010515 576.11 31.39
E 21 65 0.019794 0.003081 298.13 10.74
E 21 66 0.001425 0.000000 120.00 32.50
E 21 75 0.018376 0.003915 272.30 1.87
E 21 76 0.015449 0.002529 247.93 0.13
E 21 80 0.015116 0.002284 234.24 0.01
E 21 82 0.018355 0.002813 291.00 2.80
E 21 88 0.001457 0.000000 124.00 3.37
E 21 89 0.001457 0.000000 124.00 3.61
E 21 90 0.022959 0.003392 366.33 9.56
E 22 23 0.018745 0.005941 282.65 0.04
E 22 24 0.016539 0.003033 253.20 0.08
E 22 26 0.016572 0.004212 293.58 369.89
E 22 28 0.017072 0.004059 276.51 0.75
E 22 29 0.017057 0.003392 251.81 1.31
E 22 30 0.016119 0.004212 249.85 0.42
E 22 33 0.001361 0.000000 112.00 0.47
E 22 34 0.018154 0.004395 278.69 0.08
E 22 37 0.019405 0.003780 297.40 7.32
E 22 39 0.016565 0.004631 256.15 2.28
E 22 44 0.014764 0.002278 392.12 0.51
E 22 46 0.015250 0.003861 242.69 3.68
E 22 52 0.016885 0.004415 260.78 1.93
E 22 70 0.015921 0.003865 258.46 7.63
E 23 24 0.025618 0.009837 403.58 0.56
E 23 26 0.027448 0.008345 375.78 1.43
E 23 28 0.019239 0.003324 300.86 0.14
E 23 29 0.025787 0.007039 412.24 1.06
E 23 30 0.025786 0.007039 383.41 0.73
E 23 31 0.018050 0.006127 282.87 12.71
E 23 32 0.025446 0.006360 339.17 1.58
E 23 34 0.019504 0.005387 309.42 0.23
E 23 36 0.018213 0.005466 299.90 0.00
E 23 40 0.019619 0.005531 328.67 0.24
E 23 43 0.024829 0.005350 338.27 0.26
E 23 49 0.021653 0.006315 323.19 9.26
E 23 51 0.018836 0.005874 307.21 0.23
E 23 52 0.019923 0.006140 313.84 0.38
E 23 56 0.023583 0.003731 329.76 21.82
E 23 57 0.023378 0.005312 385.02 0.13
E 23 58 0.027595 0.006784 456.99 0.62
E 23 59 0.023362 0.006352 387.23 1.22
E 23 60 0.019063 0.004628 321.32 0.96
E 23 61 0.024984 0.006857 381.36 3.89
E 23 65 0.029009 0.006105 413.72 20.41
E 23 71 0.018614 0.004532 285.13 7.13
E 23 73 0.027100 0.008480 397.97 8.91
E 23 77 0.025733 0.007051 382.39 0.30
E 23 78 0.018620 0.005291 300.08 198.07
E 23 79 0.023362 0.005392 363.02 0.20
E 23 83 0.024241 0.005470 369.96 0.85
E 23 85 0.024547 0.005886 393.28 2.28
E 23 86 0.018977 0.005334 307.56 0.73
E 24 26 0.013973 0.000726 217.43 2.42
E 24 29 0.013905 0.000695 216.98 0.03
E 24 30 0.014828 0.001894 240.23 0.05
E 24 31 0.021411 0.002934 337.18 7.15
E 24 34 0.022806 0.003998 339.41 0.04
E 24 37 0.022743 0.003053 357.34 10.33
E 24 39 0.016697 0.003523 273.31 0.19
E 24 40 0.029519 0.004749 519.24 0.10
E 24 43 0.028925 0.006038 462.68 0.14
E 24 44 0.013119 0.001342 207.26 1.23
E 24 49 0.024175 0.003957 382.53 11.08
E 24 52 0.024225 0.005427 338.16 0.06
E 24 57 0.029519 0.004749 602.63 0.05
E 24 59 0.021607 0.003721 333.47 0.10
E 24 60 0.023520 0.002991 365.33 4.26
E 24 61 0.025200 0.002975 401.00 14.56
E 24 62 0.021302 0.002810 345.99 20.81
E 24 65 0.029517 0.004749 372.86 37.18
E 24 70 0.013092 0.001250 202.19 0.15
E 24 77 0.027789 0.006038 469.73 0.16
E 24 79 0.026579 0.005145 387.79 0.05
E 24 83 0.024377 0.005516 362.97 6.24
E 24 85 0.001873 0.000000 176.00 8.43
E 25 32 0.020371 0.003591 353.23 1.08
E 25 33 0.024987 0.005234 365.63 15.34
E 25 38 0.022951 0.005695 403.72 2.85
E 25 41 0.021881 0.003853 336.87 1.67
E 25 42 0.021219 0.003692 349.65 2.95
E 25 45 0.020314 0.003597 320.37 0.57
E 25 47 0.021679 0.003125 353.17 3.59
E 25 50 0.022055 0.004264 359.42 8.97
E 25 53 0.021095 0.003663 349.67 0.12
E 25 54 0.022230 0.004786 338.96 0.02
E 25 56 0.019679 0.003307 323.35 1.25
E 25 58 0.016551 0.000689 268.17 4.39
E 25 60 0.020496 0.003427 322.38 5.84
E 25 61 0.018958 0.001696 275.77 126.27
E 25 63 0.021698 0.004023 386.80 80.89
E 25 67 0.021277 0.003883 349.54 26.48
E 25 68 0.021092 0.003654 346.05 2.66
E 25 69 0.021802 0.003814 360.10 6.56
E 25 72 0.021582 0.004550 345.02 2.02
E 25 74 0.021499 0.004025 352.61 2.07
E 25 81 0.021088 0.003566 351.31 1.14
E 25 82 0.023022 0.004410 336.23 1.38
E 25 84 0.021092 0.003654 336.43 2.66
E 25 87 0.021521 0.003748 345.43 4.91
E 25 88 0.021942 0.003641 352.59 3.41
E 25 89 0.022082 0.004257 391.66 3.54
E 25 90 0.021209 0.004719 410.85 5.24
E 26 29 0.013721 0.000743 207.00 2.69
E 26 30 0.014521 0.001564 228.62 7.04
E 26 34 0.022584 0.002736 353.70 2.15
E 26 37 0.021812 0.002597 384.97 3.80
E 26 40 0.025353 0.003543 368.46 6.52
E 26 43 0.025278 0.003646 350.30 4.58
E 26 44 0.013057 0.001288 211.74 4.16
E 26 49 0.024174 0.004855 379.18 2.60
E 26 51 0.022904 0.000678 413.86 2.06
E 26 52 0.022925 0.004313 355.24 1.47
E 26 57 0.026032 0.006143 433.73 6.03
E 26 59 0.021607 0.003721 403.04 7.05
E 26 61 0.025235 0.002671 457.48 1.45
E 26 62 0.021387 0.001257 336.74 4.35
E 26 64 0.022000 0.001357 395.54 0.21
E 26 65 0.021930 0.003707 343.36 5.12
E 26 70 0.013071 0.001423 194.92 49.31
E 26 73 0.020738 0.001102 365.76 5.35
E 26 77 0.026423 0.008310 397.05 5.38
E 26 79 0.023130 0.001809 354.06 3.14
E 26 83 0.024375 0.005516 380.73 2.55
E 26 85 0.011684 0.000192 1112.00 0.44
E 26 86 0.020753 0.001764 330.91 10.35
E 27 33 0.017236 0.003289 260.00 111.64
E 27 35 0.016883 0.003911 260.55 0.23
E 27 36 0.018126 0.004094 286.10 0.52
E 27 48 0.011559 0.000915 163.74 0.32
E 27 55 0.018772 0.003209 296.37 0.06
E 27 65 0.020936 0.004681 305.43 6.64
E 27 66 0.015222 0.002277 246.66 2.55
E 27 71 0.012341 0.001952 1136.00 15.43
E 27 76 0.016348 0.004102 254.67 1.24
E 27 80 0.017055 0.004235 281.62 3.78
E 28 31 0.024429 0.004862 370.09 4.52
E 28 34 0.019198 0.003265 311.61 0.71
E 28 37 0.020206 0.003695 336.93 1.19
E 28 39 0.018289 0.006378 319.89 0.86
E 28 46 0.016341 0.003685 249.38 3.53
E 28 49 0.001969 0.000000 188.00 11.41
E 28 51 0.018076 0.002883 278.76 0.50
E 28 52 0.018151 0.002996 279.30 0.63
E 28 58 0.018384 0.001643 317.10 16.15
E 28 60 0.021732 0.003546 325.48 5.62
E 28 61 0.019199 0.002035 297.60 1.14
E 28 66 0.017854 0.003015 279.94 0.56
E 28 70 0.016385 0.004313 305.65 3.09
E 28 71 0.019411 0.004429 286.43 10.06
E 28 73 0.001137 0.000000 84.00 44.21
E 28 83 0.001777 0.000000 164.00 0.62
E 28 86 0.019657 0.004056 298.17 2.52
E 29 30 0.014844 0.001908 241.58 0.03
E 29 31 0.022747 0.003366 359.91 19.81
E 29 34 0.022717 0.003916 330.71 0.62
E 29 37 0.022518 0.002877 326.09 11.13
E 29 39 0.016398 0.002854 260.58 0.06
E 29 40 0.024939 0.002811 423.06 0.24
E 29 43 0.027449 0.005224 425.34 0.25
E 29 44 0.013097 0.001306 197.25 0.04
E 29 49 0.024175 0.004014 385.17 65.08
E 29 52 0.023033 0.004644 359.54 0.50
E 29 57 0.022226 0.002810 585.62 0.68
E 29 59 0.021606 0.003721 331.83 0.03
E 29 60 0.021801 0.002459 295.13 7.00
E 29 61 0.025426 0.002841 385.94 150.21
E 29 62 0.022159 0.002947 382.66 21.51
E 29 65 0.021934 0.003707 359.08 24.44
E 29 70 0.013071 0.001223 211.73 10.78
E 29 77 0.023515 0.004206 377.22 0.19
E 29 79 0.022361 0.002810 430.75 0.78
E 29 83 0.024377 0.005516 408.86 1.05
E 29 85 0.001905 0.000000 180.00 92.76
E 30 31 0.022204 0.003922 349.95 29.62
E 30 34 0.022539 0.002974 356.99 0.39
E 30 37 0.022150 0.005229 382.54 11.71
E 30 39 0.015990 0.003085 260.66 0.28
E 30 40 0.025745 0.003986 512.62 3.32
E 30 43 0.026296 0.004523 374.67 0.76
E 30 44 0.013253 0.001288 208.11 0.06
E 30 49 0.024486 0.005088 392.12 101.62
E 30 52 0.023033 0.004644 328.65 0.17
E 30 57 0.022226 0.002111 389.23 675.34
E 30 59 0.021606 0.004261 324.28 67.52
E 30 60 0.021999 0.002337 400.24 7.62
E 30 61 0.024957 0.003166 395.58 131.13
E 30 62 0.022516 0.005489 340.18 21.65
E 30 64 0.023108 0.004206 316.81 0.00
E 30 70 0.013607 0.001440 222.62 1.31
E 30 77 0.023515 0.004206 396.71 0.25
E 30 79 0.022361 0.002646 326.18 0.53
E 30 83 0.024376 0.005516 374.11 9.57
E 30 85 0.005650 0.000064 532.00 60.98
E 31 37 0.020212 0.004206 331.20 0.00
E 31 43 0.024102 0.004758 371.35 92.30
E 31 45 0.024020 0.005930 367.03 366.10
E 31 56 0.023549 0.005490 341.45 66.00
E 31 57 0.022530 0.005341 364.18 98.87
E 31 58 0.025414 0.005597 346.28 100.85
E 31 59 0.019476 0.004602 323.61 31.45
E 31 60 0.018665 0.002182 290.94 1.56
E 31 61 0.023113 0.005382 383.66 1.16
E 31 62 0.019815 0.003536 334.16 231.14
E 31 64 0.021897 0.005462 340.35 21.26
E 31 67 0.022222 0.005554 363.95 3.94
E 31 71 0.020708 0.005213 360.91 646.69
E 31 77 0.022336 0.005540 332.15 127.88
E 31 79 0.022192 0.005597 361.26 31.21
E 31 85 0.022297 0.005622 352.46 0.47
E 31 86 0.020917 0.004716 329.93 0.10
E 32 38 0.019453 0.004658 291.83 28.17
E 32 40 0.024203 0.001357 304.30 1.97
E 32 41 0.020353 0.002309 330.18 0.47
E 32 43 0.026125 0.004070 422.09 1.70
E 32 45 0.020479 0.003949 347.38 92.62
E 32 50 0.020039 0.002806 338.11 0.65
E 32 53 0.019966 0.002506 314.14 1.30
E 32 54 0.020784 0.004772 328.36 1.76
E 32 56 0.019483 0.002165 332.09 11.81
E 32 57 0.026718 0.005046 365.88 2.47
E 32 58 0.018967 0.002544 341.28 0.63
E 32 60 0.019789 0.004189 313.93 3.27
E 32 61 0.024260 0.002940 348.80 24.59
E 32 63 0.019836 0.003232 313.38 12.32
E 32 64 0.027264 0.003344 345.12 9.06
E 32 67 0.020300 0.003497 368.50 2.16
E 32 68 0.019980 0.002601 313.35 59.52
E 32 69 0.019981 0.004187 330.30 0.43
E 32 72 0.019940 0.002815 321.02 0.39
E 32 73 0.020129 0.003007 321.55 6.90
E 32 74 0.020380 0.003953 325.80 0.33
E 32 77 0.025955 0.005291 422.52 1.85
E 32 79 0.023033 0.001670 390.52 3.74
E 32 81 0.020010 0.002630 315.57 31.51
E 32 82 0.019453 0.002773 304.57 5.00
E 32 84 0.020008 0.003375 320.42 57.85
E 32 85 0.024647 0.004361 350.87 1.98
E 32 88 0.019998 0.003807 335.14 0.33
E 32 89 0.020322 0.004190 328.10 0.34
E 32 90 0.019732 0.003178 322.97 0.40
E 33 34 0.001393 0.000000 116.00 8.95
E 33 35 0.017188 0.003360 272.67 7.67
E 33 36 0.017538 0.002703 281.87 1.97
E 33 38 0.022983 0.005978 416.30 4.84
E 33 39 0.016336 0.003477 259.59 0.08
E 33 40 0.017308 0.003222 306.56 3.23
E 33 41 0.022854 0.003586 345.77 1.61
E 33 46 0.016810 0.003807 272.13 0.54
E 33 48 0.015442 0.000339 247.08 1.92
E 33 50 0.022778 0.006722 319.13 2.64
E 33 53 0.023016 0.004824 388.80 11.56
E 33 54 0.026159 0.005156 483.02 13.48
E 33 55 0.017074 0.003322 268.98 10.56
E 33 63 0.022845 0.003887 380.88 10.51
E 33 64 0.003937 0.000064 376.00 12.88
E 33 65 0.018322 0.003432 287.56 1.76
E 33 66 0.016851 0.003648 296.33 2.61
E 33 67 0.023582 0.004613 441.25 4.38
E 33 69 0.023583 0.004138 417.55 10.71
E 33 72 0.022519 0.003265 326.05 1.48
E 33 74 0.022927 0.004211 367.24 1.55
E 33 75 0.017692 0.004034 277.03 1.01
E 33 76 0.015957 0.002672 251.66 3.67
E 33 78 0.022951 0.003441 351.09 12.80
E 33 80 0.016281 0.002962 261.03 4.28
E 33 82 0.023515 0.005116 386.59 3.93
E 33 87 0.024256 0.004748 330.34 10.01
E 33 88 0.022427 0.003493 364.93 0.97
E 33 89 0.022426 0.004042 340.33 0.98
E 33 90 0.020900 0.003663 300.61 2.44
E 34 37 0.020283 0.004064 337.13 4.72
E 34 39 0.018777 0.004532 336.32 5.47
E 34 40 0.019116 0.004031 291.98 3.46
E 34 43 0.024904 0.004874 383.55 4.18
E 34 46 0.017646 0.002714 307.65 7.88
E 34 49 0.024105 0.004819 358.55 25.58
E 34 51 0.018327 0.004306 300.37 256.05
E 34 52 0.019183 0.004129 314.26 1.46
E 34 57 0.025002 0.005163 358.21 0.13
E 34 59 0.023185 0.003618 376.92 2.54
E 34 60 0.022225 0.005674 334.15 5.27
E 34 61 0.025210 0.003302 414.11 16.02
E 34 64 0.023243 0.003788 408.73 3.54
E 34 65 0.022452 0.004261 358.45 9.37
E 34 71 0.019381 0.004603 307.72 3.46
E 34 73 0.021761 0.003680 323.92 160.28
E 34 77 0.027072 0.009498 361.02 18.97
E 34 78 0.018685 0.004402 303.04 6.57
E 34 79 0.023572 0.004059 378.83 126.37
E 34 83 0.022583 0.003901 363.56 1.47
E 34 85 0.023848 0.003473 403.63 12.74
E 34 86 0.019558 0.004028 311.85 1.47
E 35 36 0.017906 0.004294 281.84 0.30
E 35 38 0.017730 0.005754 291.30 0.38
E 35 48 0.016063 0.003294 236.06 0.27
E 35 55 0.017057 0.003318 267.85 0.01
E 35 63 0.019461 0.003860 315.82 3.27
E 35 65 0.018279 0.003412 305.81 7.49
E 35 74 0.019586 0.004070 343.16 0.03
E 35 75 0.018286 0.003833 288.46 0.22
E 35 76 0.016478 0.002858 273.89 0.60
E 35 80 0.016478 0.002858 260.99 0.23
E 35 82 0.017109 0.002957 291.34 0.55
E 35 87 0.019995 0.004214 311.09 3.44
E 35 90 0.020600 0.003705 326.73 0.32
E 36 55 0.018547 0.003840 306.93 1.27
E 36 63 0.020297 0.002754 307.30 51.66
E 36 65 0.020546 0.003683 325.99 558.46
E 36 66 0.017998 0.004127 287.69 2.50
E 36 71 0.017646 0.002523 294.80 48.66
E 36 75 0.019488 0.004911 318.45 0.82
E 36 76 0.017839 0.003887 287.86 2.63
E 36 80 0.017838 0.003887 287.60 1.16
E 36 90 0.022448 0.005239 345.08 0.46
E 37 39 0.023146 0.003440 412.54 27.85
E 37 40 0.020192 0.003623 315.74 8.87
E 37 43 0.023080 0.004871 357.44 19.87
E 37 44 0.021209 0.000678 326.06 8.11
E 37 49 0.022235 0.004524 335.87 3.76
E 37 51 0.019960 0.004049 321.19 15.45
E 37 52 0.020306 0.003660 305.64 4.73
E 37 59 0.022898 0.004305 340.63 11.55
E 37 60 0.020537 0.002860 328.43 0.29
E 37 61 0.025134 0.003696 384.17 2.67
E 37 62 0.022438 0.002667 357.65 0.04
E 37 65 0.023146 0.003707 467.90 5.20
E 37 70 0.022735 0.002290 522.18 6.43
E 37 71 0.019934 0.003777 314.84 0.02
E 37 77 0.025414 0.007938 366.37 10.19
E 37 78 0.019712 0.004198 326.40 0.00
E 37 83 0.021075 0.003505 322.33 10.77
E 37 85 0.022520 0.003505 421.84 2.49
E 37 86 0.020013 0.003727 339.57 10.96
E 38 41 0.018441 0.004150 298.68 1.22
E 38 45 0.021206 0.004127 368.37 0.11
E 38 47 0.019198 0.003780 274.41 5.29
E 38 50 0.020889 0.003596 314.61 4.78
E 38 53 0.022867 0.006076 350.94 1.26
E 38 54 0.024378 0.005919 371.21 0.88
E 38 55 0.023166 0.005323 364.06 0.72
E 38 63 0.020174 0.004989 324.70 162.90
E 38 65 0.018325 0.000170 427.20 2505.80
E 38 67 0.021829 0.003957 345.28 22.50
E 38 69 0.019981 0.004062 323.59 0.83
E 38 72 0.021736 0.004628 352.05 0.34
E 38 74 0.020612 0.004827 336.25 1.15
E 38 75 0.018337 0.003993 311.89 2.52
E 38 78 0.022031 0.002956 327.81 144.95
E 38 82 0.018628 0.004134 288.72 0.10
E 38 87 0.021133 0.004398 319.30 6.80
E 38 88 0.019993 0.004205 330.92 2.71
E 38 89 0.020855 0.004247 314.39 2.93
E 38 90 0.020933 0.004915 363.59 0.43
E 39 44 0.016003 0.002932 285.67 1.55
E 39 46 0.015253 0.003544 236.07 0.39
E 39 55 0.014946 0.003944 242.65 79.59
E 39 70 0.016145 0.003344 236.25 0.26
E 40 43 0.025148 0.005458 396.95 1.44
E 40 49 0.023936 0.006072 380.68 14.13
E 40 51 0.016064 0.002069 265.45 0.59
E 40 52 0.017022 0.002433 271.11 2.49
E 40 57 0.025440 0.005273 412.35 0.24
E 40 58 0.025851 0.004566 413.64 4.99
E 40 59 0.023881 0.004829 358.37 3.09
E 40 60 0.019834 0.002601 312.83 4.19
E 40 61 0.024697 0.005481 384.47 376.23
E 40 64 0.024959 0.006421 365.18 2.09
E 40 67 0.009699 0.003552 980.00 15.71
E 40 71 0.018379 0.003239 293.64 2.91
E 40 73 0.025514 0.005766 358.97 43.18
E 40 77 0.025549 0.006106 497.13 1.31
E 40 78 0.017664 0.003725 278.86 5.84
E 40 79 0.024303 0.005458 417.35 3.15
E 40 83 0.024294 0.005783 404.18 9.08
E 40 85 0.024547 0.006143 417.84 29.73
E 40 86 0.018661 0.002705 298.35 0.14
E 41 42 0.020270 0.003356 319.56 3.02
E 41 45 0.022611 0.003986 365.00 0.16
E 41 47 0.019312 0.002433 303.57 9.55
E 41 50 0.020666 0.002590 313.34 4.13
E 41 53 0.020638 0.003713 339.45 1.87
E 41 54 0.022980 0.005225 357.54 1.34
E 41 56 0.008291 0.001088 804.00 0.00
E 41 63 0.021885 0.003929 342.03 17.86
E 41 67 0.021731 0.003731 368.29 18.17
E 41 68 0.020162 0.002515 321.89 2.76
E 41 69 0.019903 0.003769 306.93 0.26
E 41 72 0.021526 0.004349 346.97 0.15
E 41 73 0.021488 0.004230 347.34 206.84
E 41 74 0.021387 0.003791 332.17 7.88
E 41 81 0.021131 0.003355 316.62 0.45
E 41 82 0.016756 0.002395 271.83 0.53
E 41 84 0.020081 0.003204 330.59 2.76
E 41 87 0.021193 0.003251 325.97 4.43
E 41 88 0.020150 0.004171 318.22 16.74
E 41 89 0.021041 0.004329 324.85 19.50
E 42 45 0.022496 0.003392 314.17 0.35
E 42 47 0.019822 0.003258 286.88 0.96
E 42 50 0.019498 0.002242 297.77 1.30
E 42 53 0.019154 0.002388 296.10 2.12
E 42 54 0.021217 0.004861 312.22 1.91
E 42 60 0.018172 0.003731 286.31 7.29
E 42 63 0.019682 0.003235 320.83 265.33
E 42 67 0.021452 0.003731 357.69 31.48
E 42 69 0.019138 0.003936 295.67 4.02
E 42 72 0.019914 0.003249 320.39 0.96
E 42 74 0.020580 0.003986 330.63 0.74
E 42 81 0.019145 0.002320 290.92 0.16
E 42 87 0.021061 0.004195 333.70 7.87
E 42 88 0.019726 0.003901 315.15 1.00
E 42 89 0.020425 0.004119 334.08 1.04
E 42 90 0.019603 0.003134 318.35 1.38
E 43 49 0.023479 0.005352 350.47 23.56
E 43 52 0.024904 0.004874 375.27 0.94
E 43 57 0.022886 0.004080 363.36 1.08
E 43 58 0.020013 0.002944 334.95 1.30
E 43 59 0.024866 0.004773 396.19 3.47
E 43 60 0.023337 0.005330 359.93 5.80
E 43 61 0.021996 0.004414 357.84 53.72
E 43 62 0.018796 0.002250 293.94 10.16
E 43 65 0.027822 0.005088 378.47 17.96
E 43 67 0.021791 0.003873 333.71 6.64
E 43 73 0.023030 0.003489 395.81 228.14
E 43 77 0.020779 0.003399 329.94 1.79
E 43 79 0.021992 0.003630 350.71 3.49
E 43 85 0.021404 0.003555 319.15 121.46
E 44 70 0.013410 0.001662 215.96 0.14
E 45 47 0.021377 0.002601 347.14 0.74
E 45 50 0.021741 0.004264 349.87 0.38
E 45 53 0.022729 0.005159 397.70 0.22
E 45 54 0.023852 0.005491 339.29 0.24
E 45 56 0.020577 0.004219 340.13 0.00
E 45 58 0.020103 0.004511 311.64 4.04
E 45 60 0.019511 0.002680 289.75 7.88
E 45 61 0.020295 0.004079 317.50 166.00
E 45 62 0.020042 0.003886 304.29 30.12
E 45 63 0.021928 0.004346 390.38 121.12
E 45 64 0.021261 0.004492 344.25 0.00
E 45 67 0.021503 0.004317 341.55 28.21
E 45 68 0.022497 0.003392 352.73 0.48
E 45 69 0.021244 0.004673 314.79 1.63
E 45 72 0.021208 0.001908 310.34 0.11
E 45 74 0.021133 0.002786 306.87 0.62
E 45 78 0.002865 0.000000 300.00 88.85
E 45 81 0.022496 0.003392 344.17 0.57
E 45 82 0.020829 0.002148 349.47 0.22
E 45 84 0.022497 0.003392 351.22 0.48
E 45 87 0.021676 0.003166 315.66 8.99
E 45 88 0.022395 0.003448 340.07 1.00
E 45 89 0.021420 0.005003 341.36 1.03
E 46 51 0.016435 0.003392 324.86 2.52
E 46 52 0.017018 0.004779 260.06 13.32
E 46 55 0.014946 0.000834 228.21 5.09
E 46 66 0.014835 0.003346 235.86 1.08
E 46 70 0.015867 0.003481 260.26 1.93
E 46 71 0.019379 0.004596 341.08 21.21
E 46 76 0.014869 0.001784 243.83 20.73
E 47 50 0.020749 0.002488 308.13 14.44
E 47 53 0.022060 0.004430 335.76 4.98
E 47 54 0.023581 0.005300 374.23 3.65
E 47 67 0.023470 0.003958 390.12 21.24
E 47 68 0.017149 0.001804 286.41 4.28
E 47 69 0.019992 0.003553 314.02 2.27
E 47 72 0.021641 0.003805 325.03 2.18
E 47 81 0.017562 0.002374 277.76 0.64
E 47 82 0.020954 0.004918 326.20 9.06
E 47 84 0.017942 0.002877 286.31 4.26
E 47 87 0.020920 0.002007 311.31 3.63
E 47 88 0.021446 0.004099 333.72 0.92
E 47 89 0.022490 0.004780 343.77 0.70
E 48 55 0.018528 0.002103 307.38 0.71
E 48 75 0.019390 0.004435 293.76 0.97
E 48 76 0.015657 0.002945 245.60 2.11
E 48 80 0.016001 0.003455 253.55 1.44
E 49 51 0.026858 0.004014 426.48 30.86
E 49 52 0.023931 0.004553 351.91 23.70
E 49 56 0.021703 0.004345 329.42 1.23
E 49 57 0.022633 0.005077 360.14 4.83
E 49 59 0.022607 0.005273 340.00 99.85
E 49 60 0.022714 0.005503 417.17 0.32
E 49 61 0.021909 0.004108 338.20 12.17
E 49 64 0.022705 0.005149 358.95 2.05
E 49 65 0.026516 0.004201 361.12 1.74
E 49 67 0.021699 0.004656 363.52 0.96
E 49 71 0.021531 0.002531 342.26 0.11
E 49 73 0.024822 0.003680 357.80 0.13
E 49 77 0.022073 0.004125 326.49 22.75
E 49 78 0.010693 0.001696 988.00 0.52
E 49 79 0.022190 0.004739 353.09 7.04
E 49 83 0.022955 0.005383 374.74 1.73
E 49 85 0.022553 0.005034 376.64 98.12
E 49 86 0.022766 0.003155 355.87 15.19
E 50 53 0.019891 0.002514 325.75 11.27
E 50 54 0.021012 0.004860 340.46 19.04
E 50 60 0.020203 0.002779 325.15 8.53
E 50 63 0.020301 0.003388 323.58 53.13
E 50 68 0.019455 0.002048 313.22 6.54
E 50 69 0.019973 0.004078 318.82 1.62
E 50 72 0.020370 0.003583 336.77 0.58
E 50 73 0.020050 0.003127 333.30 465.12
E 50 74 0.020599 0.004025 324.10 10.89
E 50 75 0.021437 0.005880 340.36 5.87
E 50 81 0.019421 0.002268 316.50 0.85
E 50 82 0.020757 0.003160 347.93 0.59
E 50 84 0.019455 0.003029 318.53 6.54
E 50 87 0.021069 0.004266 334.57 6.56
E 50 88 0.020441 0.004260 329.52 30.20
E 50 89 0.021047 0.004099 335.22 27.74
E 50 90 0.020589 0.003373 331.59 1.82
E 51 52 0.016420 0.002559 258.02 0.07
E 51 60 0.018212 0.002714 435.95 5.89
E 51 63 0.019988 0.003477 289.27 16.35
E 51 64 0.026549 0.005088 385.31 0.00
E 51 65 0.021330 0.003916 338.01 7.12
E 51 66 0.018131 0.003245 286.84 3.26
E 51 71 0.018697 0.003436 314.43 41.57
E 51 73 0.020754 0.003180 303.78 89.61
E 51 78 0.017204 0.002825 282.09 50.30
E 51 83 0.024315 0.005597 420.48 0.95
E 51 85 0.021971 0.000712 421.74 72.48
E 51 86 0.018771 0.003207 295.85 4.51
E 51 90 0.018834 0.000170 266.30 2.38
E 52 57 0.025038 0.005088 370.36 0.10
E 52 59 0.023185 0.004028 393.05 3.18
E 52 60 0.020450 0.003157 376.50 4.72
E 52 61 0.025210 0.005970 378.70 11.87
E 52 64 0.023243 0.003788 341.96 0.00
E 52 65 0.023449 0.004261 382.73 10.54
E 52 71 0.018524 0.003460 302.68 38.18
E 52 73 0.021579 0.003680 433.23 93.31
E 52 77 0.027072 0.009498 432.99 1.27
E 52 78 0.017759 0.004366 320.35 18.95
E 52 79 0.023726 0.004292 396.26 0.07
E 52 83 0.022936 0.003695 348.76 0.85
E 52 85 0.024155 0.003522 411.92 5.66
E 52 86 0.018568 0.002602 307.18 3.55
E 53 54 0.021182 0.004859 324.46 0.12
E 53 56 0.022951 0.004991 381.34 5.61
E 53 63 0.022762 0.006035 368.63 36.61
E 53 64 0.001937 0.000000 184.00 0.00
E 53 67 0.022492 0.003935 333.00 22.37
E 53 68 0.017626 0.001973 275.57 1.75
E 53 69 0.018613 0.004269 289.79 2.26
E 53 72 0.020077 0.003250 310.15 1.41
E 53 73 0.019474 0.001771 314.14 105.91
E 53 74 0.021978 0.005053 353.63 2.89
E 53 81 0.017576 0.001944 287.73 0.75
E 53 82 0.025074 0.006467 359.63 0.49
E 53 84 0.017625 0.002990 285.71 1.74
E 53 87 0.021101 0.004067 333.02 3.90
E 53 88 0.019961 0.003820 311.60 4.09
E 53 89 0.020745 0.004465 327.67 4.31
E 53 90 0.005458 0.000288 508.00 3.90
E 54 56 0.029347 0.000170 638.48 10.60
E 54 63 0.021077 0.004569 311.96 101.15
E 54 67 0.024682 0.004452 400.78 18.62
E 54 68 0.021184 0.004859 316.23 1.80
E 54 69 0.022606 0.005160 346.09 1.47
E 54 72 0.021093 0.004952 341.03 1.49
E 54 74 0.021103 0.004823 362.87 0.99
E 54 81 0.022874 0.005081 360.56 0.96
E 54 82 0.023603 0.005314 365.01 0.40
E 54 84 0.021183 0.004859 349.17 1.80
E 54 87 0.021208 0.004757 348.14 3.55
E 54 88 0.022450 0.004907 337.74 2.88
E 54 89 0.022645 0.005438 367.81 3.03
E 54 90 0.020622 0.005407 333.02 1.02
E 55 63 0.021142 0.003404 332.41 16.63
E 55 65 0.018321 0.003359 281.31 5.92
E 55 66 0.016165 0.002555 252.74 7.55
E 55 71 0.033758 0.003053 340.65 12.57
E 55 73 0.019611 0.002744 306.25 50.84
E 55 74 0.022357 0.004671 372.54 0.71
E 55 75 0.018009 0.003388 283.57 0.69
E 55 76 0.016504 0.002402 256.55 0.86
E 55 78 0.020625 0.002868 382.01 38.00
E 55 80 0.016516 0.002220 259.48 0.09
E 55 82 0.021412 0.003324 325.90 0.32
E 55 90 0.020694 0.003418 326.26 8.90
E 56 58 0.021205 0.005026 329.15 0.00
E 56 60 0.023581 0.004409 395.69 0.92
E 56 61 0.020875 0.004397 324.09 20.71
E 56 62 0.020865 0.004237 328.00 32.63
E 56 64 0.021675 0.004421 335.51 0.19
E 56 67 0.021521 0.005375 355.21 0.60
E 56 68 0.002193 0.000000 216.00 0.00
E 56 73 0.020771 0.004325 327.52 0.03
E 56 74 0.003682 0.000064 344.00 0.00
E 56 81 0.004754 0.000352 420.00 0.00
E 56 87 0.001969 0.000000 188.00 8.59
E 57 58 0.022578 0.004052 352.26 0.89
E 57 59 0.024006 0.004706 346.67 1075.95
E 57 60 0.023852 0.004958 354.51 5.10
E 57 61 0.022683 0.004396 372.79 72.57
E 57 62 0.023039 0.003019 341.32 18.06
E 57 64 0.024348 0.005677 369.54 0.96
E 57 67 0.022672 0.004126 361.54 1.76
E 57 73 0.023446 0.003180 375.26 17.77
E 57 77 0.023145 0.004126 342.64 0.46
E 57 78 0.020798 0.003606 320.63 10.77
E 57 79 0.023036 0.004212 348.89 0.26
E 57 83 0.022439 0.004846 362.19 9.94
E 57 85 0.022919 0.004102 374.07 62.53
E 57 86 0.023282 0.004586 377.23 0.37
E 58 60 0.020029 0.003271 319.48 8.86
E 58 61 0.021978 0.004579 336.50 8.41
E 58 64 0.025414 0.001459 451.11 66.53
E 58 67 0.021498 0.004066 352.08 16.62
E 58 73 0.021615 0.005382 335.28 59.53
E 58 77 0.020389 0.002039 307.26 0.43
E 58 79 0.021720 0.003344 339.62 0.53
E 58 85 0.024341 0.004187 425.76 14.50
E 59 60 0.023299 0.004664 348.23 6.78
E 59 61 0.024664 0.004356 400.74 132.10
E 59 62 0.019086 0.002698 287.62 21.51
E 59 64 0.020973 0.003793 356.51 0.00
E 59 77 0.023540 0.004206 558.05 1.42
E 59 79 0.023209 0.003731 377.69 5.58
E 59 83 0.020782 0.003724 318.13 6.45
E 59 85 0.021661 0.002571 332.11 62.50
E 60 61 0.024523 0.003750 359.85 6.54
E 60 62 0.018521 0.002374 311.30 0.51
E 60 64 0.023098 0.006755 377.48 0.05
E 60 65 0.017767 0.002943 278.73 10.44
E 60 71 0.018456 0.002751 286.91 0.26
E 60 72 0.018943 0.003680 306.43 7.46
E 60 73 0.019062 0.003026 294.90 0.15
E 60 74 0.019998 0.003650 298.54 9.61
E 60 77 0.021439 0.002587 347.28 4.83
E 60 79 0.023056 0.004113 365.15 5.12
E 60 83 0.023431 0.003543 341.68 0.58
E 60 85 0.022354 0.003053 374.98 4.01
E 60 86 0.018475 0.002589 315.36 5.58
E 60 90 0.018939 0.003150 299.53 15.18
E 61 62 0.020813 0.003384 343.36 191.89
E 61 64 0.021465 0.004181 345.77 16.45
E 61 65 0.023243 0.003707 374.41 29.23
E 61 67 0.021724 0.004213 345.53 3.10
E 61 73 0.022112 0.003489 411.57 249.12
E 61 77 0.021877 0.004079 334.33 29.98
E 61 79 0.022112 0.003948 337.45 9.25
E 61 83 0.025132 0.005476 398.07 13.09
E 61 85 0.021469 0.003572 341.64 0.03
E 62 64 0.020696 0.003562 323.68 321.86
E 62 67 0.022096 0.004187 330.95 16.57
E 62 77 0.019506 0.002683 317.92 7.14
E 62 79 0.021263 0.002993 337.71 2.66
E 62 83 0.021453 0.002186 350.28 21.46
E 62 85 0.020825 0.003727 345.13 24.03
E 63 64 0.009955 0.003008 1012.00 7.89
E 63 65 0.019948 0.003543 324.27 2.19
E 63 67 0.024514 0.009837 545.11 2.11
E 63 69 0.022422 0.004155 347.09 40.05
E 63 72 0.020284 0.003426 318.01 38.55
E 63 73 0.020007 0.003569 327.05 0.10
E 63 74 0.020600 0.003718 333.52 22.83
E 63 75 0.019533 0.003420 305.13 95.68
E 63 76 0.020147 0.003336 308.23 664.65
E 63 78 0.023204 0.005917 347.97 0.07
E 63 80 0.020608 0.006720 335.62 31.90
E 63 82 0.020285 0.003303 308.84 180.86
E 63 87 0.021104 0.004166 331.61 0.40
E 63 88 0.020268 0.003347 307.11 38.60
E 63 89 0.020273 0.003381 320.56 38.26
E 63 90 0.020686 0.003661 342.42 9.39
E 64 65 0.024683 0.005173 343.68 72.58
E 64 67 0.021774 0.004033 359.36 0.52
E 64 73 0.026028 0.003428 440.19 1.13
E 64 74 0.003681 0.000064 344.00 0.01
E 64 78 0.027991 0.004410 649.42 4.12
E 64 83 0.021144 0.004153 330.54 24.55
E 64 85 0.021591 0.004074 364.54 50.92
E 64 86 0.024453 0.005330 376.44 0.00
E 64 87 0.004481 0.000544 444.00 5.93
E 65 66 0.020800 0.004419 305.44 6.90
E 65 71 0.019851 0.003392 275.75 1.96
E 65 73 0.020225 0.003803 318.21 1.05
E 65 74 0.020836 0.004749 328.88 3.31
E 65 75 0.018217 0.003568 303.98 0.66
E 65 76 0.017966 0.003179 283.29 7.37
E 65 77 0.024430 0.003707 307.18 7.78
E 65 78 0.019424 0.003902 366.52 37.25
E 65 79 0.022158 0.003707 358.67 52.41
E 65 80 0.018026 0.003099 277.04 12.31
E 65 83 0.025419 0.007899 347.47 252.45
E 65 85 0.024260 0.002883 349.68 11.95
E 65 86 0.023011 0.006009 401.17 10.27
E 65 87 0.020621 0.004182 334.73 12.53
E 65 90 0.020018 0.003609 308.15 3.29
E 66 71 0.019106 0.004313 315.19 37.41
E 66 73 0.001425 0.000000 120.00 57.15
E 66 76 0.015139 0.003829 250.62 1.09
E 66 78 0.018585 0.003269 270.50 28.80
E 66 90 0.023634 0.004618 362.44 1.63
E 67 68 0.021453 0.003731 462.79 31.82
E 67 69 0.023581 0.008819 404.79 19.56
E 67 72 0.003682 0.000000 344.00 22.32
E 67 74 0.021304 0.003586 339.50 18.75
E 67 77 0.021721 0.004021 347.39 4.82
E 67 79 0.021836 0.003865 353.62 0.61
E 67 81 0.021453 0.003731 339.76 30.71
E 67 82 0.022293 0.004613 402.05 34.88
E 67 83 0.021101 0.003222 333.50 1.31
E 67 84 0.021453 0.003731 312.58 31.87
E 67 85 0.021663 0.004257 348.85 0.04
E 67 86 0.021249 0.004193 362.40 25.77
E 67 87 0.023326 0.004537 401.22 2.60
E 68 69 0.018723 0.004217 296.71 4.17
E 68 72 0.020001 0.003318 302.79 0.47
E 68 81 0.015885 0.001307 258.56 0.20
E 68 87 0.020824 0.001611 304.17 9.66
E 68 88 0.019472 0.003959 313.18 3.74
E 68 89 0.020607 0.003927 318.46 4.07
E 69 72 0.020275 0.004018 333.49 0.59
E 69 74 0.022066 0.004320 356.35 1.65
E 69 81 0.018500 0.003985 292.64 5.08
E 69 82 0.019885 0.003180 338.41 1.97
E 69 84 0.018776 0.004174 288.47 4.16
E 69 87 0.021291 0.002860 345.00 4.58
E 69 88 0.020145 0.004181 303.54 3.91
E 69 89 0.020790 0.004134 341.76 4.31
E 70 71 0.026636 0.004410 511.00 28.72
E 71 73 0.001713 0.000000 156.00 0.02
E 71 78 0.018630 0.004161 294.99 0.36
E 71 83 0.017831 0.002544 283.70 1.65
E 71 86 0.018666 0.003552 305.54 20.47
E 71 90 0.026804 0.004918 366.37 33.75
E 72 73 0.020038 0.003117 302.28 360.31
E 72 74 0.020556 0.003933 313.18 1.40
E 72 75 0.021930 0.007081 341.16 0.57
E 72 81 0.020026 0.003210 315.23 0.49
E 72 82 0.021736 0.004130 356.07 0.31
E 72 84 0.020000 0.003318 306.32 0.47
E 72 87 0.021068 0.004266 348.32 6.08
E 72 88 0.020380 0.003987 360.72 1.25
E 72 89 0.020732 0.004138 332.59 1.33
E 72 90 0.020588 0.003439 318.89 0.94
E 73 77 0.027030 0.010289 426.89 7.12
E 73 78 0.021180 0.003844 387.80 0.34
E 73 79 0.025278 0.003679 581.58 36.37
E 73 83 0.024792 0.005621 403.54 1.91
E 73 85 0.025253 0.004490 413.91 117.52
E 73 86 0.021058 0.005524 328.58 41.69
E 73 87 0.020957 0.004712 331.00 32.44
E 74 75 0.020100 0.004291 341.62 0.01
E 74 78 0.020190 0.005276 364.92 14.94
E 74 82 0.020555 0.003917 303.93 1.77
E 74 87 0.021094 0.004178 325.03 5.63
E 74 88 0.020605 0.004056 329.37 661.78
E 74 89 0.020604 0.004011 316.30 67.32
E 74 90 0.020758 0.003869 324.62 0.08
E 75 76 0.018413 0.003850 280.22 6.12
E 75 80 0.018280 0.003800 286.68 3.71
E 75 82 0.018263 0.003402 282.84 4.35
E 75 87 0.020519 0.004037 322.94 3.55
E 75 88 0.022134 0.007223 341.30 0.16
E 75 89 0.022163 0.006682 316.80 0.12
E 75 90 0.020386 0.003776 318.60 0.02
E 76 80 0.015335 0.002453 240.93 0.16
E 76 90 0.024558 0.005385 410.25 7.22
E 77 79 0.021896 0.003333 344.92 21.90
E 77 83 0.020118 0.002965 346.76 23.90
E 77 85 0.021626 0.003529 343.59 29.41
E 78 82 0.021970 0.002289 382.39 166.80
E 78 83 0.009012 0.001664 836.00 1.87
E 78 86 0.018908 0.003828 308.27 11.91
E 78 87 0.023750 0.002883 560.16 0.52
E 78 90 0.025314 0.006558 328.86 6.84
E 79 83 0.021498 0.003362 364.26 37.57
E 79 85 0.021698 0.003541 328.24 7.56
E 80 90 0.026432 0.003596 443.98 2.84
E 81 84 0.017186 0.003341 271.14 0.20
E 81 87 0.021100 0.002714 344.84 6.94
E 81 88 0.018990 0.001253 326.85 0.75
E 81 89 0.021756 0.003940 300.21 0.77
E 82 87 0.021029 0.003899 325.04 6.67
E 82 88 0.020148 0.003851 327.40 5.31
E 82 89 0.020749 0.003927 326.72 5.69
E 82 90 0.020662 0.003567 340.63 0.52
E 83 85 0.021054 0.003276 347.44 5.80
E 83 86 0.020428 0.003135 311.02 2.98
E 84 87 0.020824 0.003828 345.61 9.75
E 84 88 0.019649 0.004295 312.10 3.74
E 84 89 0.020607 0.003927 335.81 4.07
E 85 86 0.024506 0.004132 338.66 100.77
E 87 88 0.021110 0.004136 330.29 6.52
E 87 89 0.021109 0.004214 347.60 6.68
E 87 90 0.021025 0.004688 334.69 6.58
E 88 89 0.020737 0.003870 341.11 1.13
E 88 90 0.023356 0.003524 391.53 0.30
E 89 90 0.020616 0.003411 325.41 0.28
END

SECTION Terminals
Root 28
Terminals 24
T 11
T 85
T 78
T 56
T 3
T 48
T 90
T 43
T 50
T 64
T 83
T 54
T 20
T 88
T 59
T 42
T 87
T 16
T 2
T 63
T 61
T 55
T 19
T 46
END

EOF