SECTION Comment
CREATOR "Carlos Araujo"
REMARK "Instance for QoS Multicast Routing Problem"
QoS METRICS "delay, jitter, bandwidth and estimate of link duration"
END

SECTION Graph
Nodes 90
Edges 1151

E 1 2 0.023880 0.005653 373.15 0.03
E 1 5 0.023432 0.005497 404.75 55.22
E 1 6 0.020732 0.004093 322.41 62.09
E 1 10 0.022969 0.005358 347.76 195.73
E 1 11 0.022861 0.004780 335.94 28.19
E 1 12 0.022969 0.005358 363.88 29.73
E 1 13 0.023454 0.005554 345.02 42.80
E 1 14 0.023623 0.005847 364.12 17.56
E 1 17 0.022935 0.005040 359.61 11.46
E 1 18 0.019767 0.000254 274.52 1.16
E 1 23 0.021990 0.004297 355.35 118.88
E 1 25 0.021417 0.004589 361.54 59.35
E 1 28 0.021075 0.003156 322.40 0.32
E 1 32 0.019767 0.001793 300.12 0.05
E 1 34 0.022225 0.005674 339.01 42.67
E 1 40 0.023976 0.006765 350.26 1.14
E 1 43 0.022889 0.005165 367.68 4.82
E 1 45 0.022838 0.004648 368.84 244.43
E 1 49 0.022642 0.004764 341.10 24.58
E 1 51 0.021123 0.002601 396.61 39.17
E 1 52 0.020266 0.003166 377.53 42.54
E 1 56 0.023003 0.005020 350.65 2.20
E 1 57 0.022747 0.005227 354.43 6.30
E 1 58 0.022720 0.004574 362.85 43.29
E 1 61 0.023383 0.005191 362.65 0.02
E 1 64 0.022751 0.004592 332.86 24.09
E 1 67 0.022752 0.005044 359.47 0.42
E 1 71 0.023936 0.006170 414.98 0.25
E 1 73 0.020017 0.000920 373.42 0.00
E 1 77 0.022892 0.004926 355.98 22.10
E 1 78 0.022694 0.004488 377.43 73.41
E 1 79 0.022984 0.005146 382.59 44.02
E 1 83 0.022701 0.004857 329.87 4.42
E 1 85 0.023147 0.005235 365.98 243.71
E 1 86 0.021686 0.004210 322.52 39.72
E 2 3 0.020528 0.002810 347.33 1.46
E 2 5 0.021755 0.004097 320.84 54.93
E 2 7 0.020953 0.002650 296.74 25.73
E 2 9 0.020868 0.003166 313.30 25.93
E 2 10 0.021940 0.004924 376.87 38.87
E 2 11 0.024869 0.006581 334.91 8.34
E 2 12 0.023529 0.005239 363.99 7.04
E 2 14 0.022411 0.005716 352.28 6.93
E 2 18 0.018908 0.001237 355.59 19.10
E 2 20 0.023242 0.006136 428.50 30.79
E 2 25 0.019794 0.003907 330.87 9.48
E 2 32 0.020249 0.003010 378.13 5.15
E 2 38 0.007139 0.000224 660.00 220.12
E 2 41 0.020865 0.001865 322.16 0.65
E 2 42 0.022381 0.006942 363.13 0.10
E 2 43 0.021413 0.004101 340.50 8.46
E 2 45 0.021058 0.005360 321.66 0.00
E 2 47 0.019308 0.001153 249.25 0.73
E 2 49 0.022473 0.005114 355.59 6.29
E 2 50 0.020394 0.001289 413.38 232.37
E 2 53 0.018697 0.001922 297.27 94.41
E 2 54 0.023635 0.005936 344.59 20.37
E 2 56 0.022957 0.006596 381.92 0.90
E 2 57 0.021863 0.004849 370.86 3.09
E 2 58 0.020327 0.003093 316.47 32.26
E 2 59 0.014442 0.002337 233.51 0.07
E 2 61 0.021662 0.004579 315.75 0.11
E 2 63 0.018561 0.001469 316.14 13.86
E 2 64 0.020977 0.004070 342.35 255.77
E 2 67 0.022746 0.005030 366.21 0.03
E 2 68 0.018453 0.001800 296.31 24.58
E 2 69 0.019427 0.001866 282.35 26.39
E 2 72 0.021337 0.004175 305.26 0.14
E 2 73 0.020100 0.002482 315.11 0.20
E 2 74 0.022103 0.004579 341.21 26.12
E 2 77 0.021745 0.004692 396.81 421.60
E 2 79 0.022037 0.005272 359.12 35.23
E 2 81 0.018024 0.001179 265.26 26.37
E 2 83 0.022457 0.005237 318.78 1.16
E 2 84 0.018453 0.002488 330.91 5.05
E 2 85 0.020651 0.004490 330.81 114.07
E 2 86 0.023388 0.007414 354.47 33.62
E 2 87 0.020997 0.004514 355.68 82.73
E 2 88 0.018156 0.000956 541.94 7.17
E 2 89 0.019059 0.000956 368.86 30.38
E 2 90 0.022622 0.004523 391.94 0.00
E 3 7 0.020761 0.003338 374.55 46.49
E 3 9 0.020469 0.003324 339.32 47.12
E 3 18 0.019355 0.004933 292.74 0.06
E 3 20 0.021536 0.004749 312.73 56.30
E 3 25 0.020527 0.004561 446.34 46.11
E 3 32 0.019818 0.004634 316.46 0.05
E 3 38 0.018203 0.004010 282.41 227.55
E 3 41 0.018215 0.004203 285.04 498.92
E 3 42 0.020930 0.004325 329.26 15.66
E 3 47 0.019161 0.004594 303.20 0.06
E 3 50 0.020320 0.003972 341.46 0.60
E 3 53 0.020866 0.003629 333.37 4.13
E 3 54 0.022067 0.004452 337.05 35.26
E 3 63 0.020251 0.003053 313.76 328.79
E 3 68 0.021008 0.003871 325.07 41.47
E 3 69 0.019120 0.004567 321.75 24.50
E 3 72 0.020576 0.004041 321.42 4.43
E 3 73 0.020976 0.003440 324.31 0.06
E 3 74 0.021034 0.004024 381.19 47.42
E 3 81 0.020400 0.002459 335.67 6.98
E 3 82 0.018203 0.004010 295.93 0.16
E 3 84 0.021008 0.003871 302.59 35.62
E 3 87 0.021296 0.004597 348.56 173.04
E 3 88 0.019824 0.004319 300.17 68.64
E 3 89 0.020472 0.004165 327.70 179.39
E 3 90 0.023583 0.004749 359.39 27.60
E 4 5 0.016687 0.001390 251.07 5.14
E 4 6 0.017508 0.001802 291.44 0.63
E 4 8 0.018180 0.001832 296.91 0.83
E 4 15 0.022526 0.006558 365.78 1.65
E 4 24 0.014781 0.000589 261.75 11.75
E 4 26 0.014780 0.001308 239.50 0.00
E 4 29 0.014781 0.000589 256.71 1.56
E 4 30 0.014780 0.001141 252.35 0.20
E 4 31 0.021183 0.005500 360.63 0.10
E 4 39 0.023753 0.002544 353.73 84.40
E 4 44 0.015950 0.001583 226.63 76.15
E 4 49 0.022568 0.005539 351.50 13.95
E 4 57 0.021020 0.004625 308.46 0.32
E 4 59 0.015778 0.002197 249.37 0.18
E 4 62 0.017786 0.002742 265.73 0.58
E 4 64 0.020787 0.003457 344.57 0.13
E 4 70 0.017137 0.003392 243.25 50.97
E 4 79 0.018706 0.001289 320.40 6.55
E 4 83 0.019616 0.003133 303.40 2.40
E 5 6 0.021600 0.003413 350.08 0.41
E 5 8 0.021941 0.003477 373.41 0.25
E 5 10 0.023640 0.003654 380.36 4.42
E 5 11 0.021496 0.002952 364.39 10.43
E 5 12 0.022849 0.004426 358.93 0.00
E 5 13 0.021449 0.002871 328.44 0.73
E 5 14 0.022778 0.003408 389.49 1.62
E 5 17 0.021332 0.002163 339.03 89.81
E 5 23 0.022565 0.006784 398.36 1.05
E 5 31 0.023775 0.005463 345.59 1.75
E 5 34 0.021572 0.004905 320.14 3.50
E 5 37 0.021558 0.003602 321.67 0.74
E 5 40 0.021739 0.005156 405.11 0.00
E 5 43 0.021598 0.003859 363.42 0.91
E 5 45 0.019280 0.002968 300.88 32.56
E 5 49 0.023352 0.006128 367.12 19.75
E 5 52 0.021320 0.003125 377.53 3.59
E 5 56 0.021560 0.004551 364.70 88.56
E 5 57 0.023389 0.004724 404.91 2.94
E 5 58 0.022597 0.002778 359.95 3.70
E 5 59 0.017524 0.006316 265.58 86.46
E 5 60 0.021655 0.002487 353.00 28.28
E 5 61 0.021715 0.004361 343.17 29.41
E 5 62 0.018831 0.003508 292.67 26.86
E 5 64 0.021039 0.003835 309.14 0.81
E 5 67 0.023382 0.005010 395.93 6.30
E 5 77 0.021082 0.002513 337.84 0.54
E 5 78 0.006290 0.000960 612.00 62.42
E 5 79 0.023144 0.004915 341.04 3.14
E 5 83 0.021296 0.003697 337.84 10.12
E 5 85 0.021256 0.003575 337.15 0.02
E 5 86 0.021504 0.002289 325.50 1.84
E 6 8 0.018579 0.003026 291.38 0.04
E 6 10 0.023745 0.003401 387.44 1.86
E 6 11 0.019146 0.003698 330.51 6.99
E 6 12 0.021859 0.004096 347.73 15.92
E 6 13 0.018861 0.002759 310.22 10.01
E 6 14 0.022421 0.003262 348.13 7.91
E 6 17 0.017641 0.001786 264.32 25.24
E 6 23 0.029349 0.002917 435.64 2.64
E 6 24 0.017367 0.002975 286.52 0.36
E 6 26 0.017397 0.002959 285.57 170.59
E 6 29 0.017367 0.002975 261.27 0.00
E 6 30 0.017398 0.002959 257.84 145.34
E 6 31 0.021563 0.005421 361.84 0.89
E 6 34 0.021105 0.004851 347.42 9.66
E 6 37 0.019463 0.003041 327.84 0.84
E 6 40 0.022138 0.005004 342.96 232.16
E 6 43 0.022955 0.004827 366.38 5.42
E 6 49 0.022599 0.006076 369.24 112.58
E 6 52 0.020407 0.002883 338.37 9.59
E 6 56 0.032401 0.001938 420.32 157.85
E 6 57 0.023487 0.005144 335.36 21.65
E 6 59 0.018067 0.002314 285.14 12.48
E 6 60 0.022516 0.003520 2176.00 3.23
E 6 61 0.022564 0.003128 367.47 80.25
E 6 62 0.020323 0.002596 319.05 42.56
E 6 64 0.019395 0.003634 304.58 0.02
E 6 67 0.020349 0.003075 319.20 64.02
E 6 70 0.017508 0.003250 299.18 2.99
E 6 71 0.011429 0.002432 1080.00 0.00
E 6 77 0.019625 0.003003 311.80 0.34
E 6 78 0.003586 0.000096 332.00 1.17
E 6 79 0.021622 0.003910 357.14 14.79
E 6 83 0.019767 0.003087 332.08 2.61
E 6 85 0.020662 0.003544 351.59 3.68
E 6 86 0.019512 0.002205 365.56 9.13
E 7 14 0.019103 0.004545 295.53 0.36
E 7 16 0.020818 0.004204 321.76 10.68
E 7 18 0.021099 0.003239 331.23 10.91
E 7 20 0.021825 0.004999 353.20 0.23
E 7 25 0.020650 0.003218 329.30 11.36
E 7 32 0.020690 0.003813 324.75 15.60
E 7 38 0.021080 0.003018 373.59 31.45
E 7 41 0.021245 0.002839 354.57 18.68
E 7 42 0.020688 0.003813 333.27 1.06
E 7 50 0.020711 0.003860 308.40 14.78
E 7 53 0.020732 0.003907 325.79 2.40
E 7 54 0.020772 0.004955 334.51 0.09
E 7 63 0.020829 0.004038 338.25 168.51
E 7 65 0.021407 0.004565 369.46 148.70
E 7 72 0.020688 0.003813 334.27 27.81
E 7 73 0.020921 0.004224 348.87 26.47
E 7 75 0.021265 0.003298 303.01 7.40
E 7 81 0.020956 0.004859 344.25 3.85
E 7 82 0.020779 0.003298 367.29 82.82
E 7 84 0.020514 0.004320 333.87 0.86
E 7 87 0.020928 0.004889 334.45 1.82
E 7 88 0.020896 0.003852 330.24 3.58
E 7 89 0.021199 0.004647 377.91 1.70
E 7 90 0.020910 0.004201 316.78 0.99
E 8 10 0.024923 0.004437 365.55 0.89
E 8 11 0.018676 0.002437 291.65 2.54
E 8 12 0.022657 0.004274 340.60 4.20
E 8 13 0.017765 0.001875 295.34 9.17
E 8 14 0.024543 0.003364 411.07 10.03
E 8 17 0.004914 0.000032 440.00 6.81
E 8 23 0.002769 0.000000 288.00 4.63
E 8 24 0.013214 0.000669 215.01 0.14
E 8 26 0.013265 0.000678 222.48 44.27
E 8 29 0.013214 0.000669 198.10 0.00
E 8 30 0.013265 0.000759 204.24 430.79
E 8 31 0.023203 0.005228 365.80 25.77
E 8 34 0.021105 0.004851 320.45 8.72
E 8 37 0.019776 0.003310 302.01 0.61
E 8 40 0.022138 0.005004 341.46 70.63
E 8 43 0.022660 0.005960 298.89 6.89
E 8 49 0.023652 0.006987 337.97 10.74
E 8 52 0.019107 0.002568 341.79 8.86
E 8 56 0.007139 0.000480 660.00 41.25
E 8 57 0.023879 0.005427 339.07 49.90
E 8 59 0.018063 0.001994 290.82 63.92
E 8 60 0.013541 0.000704 1228.00 4.38
E 8 61 0.022564 0.000000 454.49 199.45
E 8 62 0.020098 0.002251 289.11 55.67
E 8 64 0.020424 0.005010 335.84 0.07
E 8 67 0.021344 0.001628 357.56 4.24
E 8 70 0.013153 0.001634 204.18 1.04
E 8 77 0.023582 0.003392 440.58 0.38
E 8 78 0.003650 0.000224 340.00 0.55
E 8 79 0.023100 0.004517 387.37 14.78
E 8 83 0.021527 0.003978 365.16 3.88
E 8 85 0.020958 0.002194 324.96 1.03
E 8 86 0.018156 0.002714 293.89 7.72
E 9 14 0.019601 0.005359 346.67 0.36
E 9 16 0.020151 0.003758 323.95 12.69
E 9 18 0.020655 0.002943 361.69 10.93
E 9 20 0.021532 0.005036 331.08 0.23
E 9 25 0.020115 0.003413 328.80 11.11
E 9 32 0.020223 0.003674 314.14 15.25
E 9 35 0.019965 0.004410 401.49 12.26
E 9 38 0.020082 0.003750 323.18 31.42
E 9 41 0.020216 0.002609 311.43 18.90
E 9 42 0.020141 0.003674 324.74 1.09
E 9 50 0.020141 0.003674 325.31 14.73
E 9 53 0.020159 0.003716 342.82 2.42
E 9 54 0.020257 0.004695 329.89 0.09
E 9 63 0.019875 0.003367 336.08 165.55
E 9 65 0.020140 0.003553 313.87 156.01
E 9 72 0.020141 0.003674 321.56 27.01
E 9 73 0.019932 0.003424 318.20 26.52
E 9 75 0.019309 0.003403 289.91 6.64
E 9 81 0.019817 0.002680 344.77 3.98
E 9 82 0.020048 0.003649 323.10 82.75
E 9 84 0.020189 0.004639 302.45 0.87
E 9 87 0.020773 0.004660 334.38 1.80
E 9 88 0.020029 0.004039 327.16 3.61
E 9 89 0.020481 0.004070 344.95 1.71
E 9 90 0.019952 0.003562 334.05 1.00
E 10 11 0.023648 0.003570 424.29 0.08
E 10 12 0.023010 0.005326 353.94 0.05
E 10 13 0.023870 0.003537 365.84 76.12
E 10 14 0.023743 0.003828 363.93 181.79
E 10 15 0.022639 0.004715 367.67 3.76
E 10 17 0.021940 0.002822 354.68 0.16
E 10 23 0.021207 0.005828 331.21 0.03
E 10 25 0.019510 0.000757 287.99 0.07
E 10 28 0.019967 0.001201 334.91 1.77
E 10 34 0.026067 0.004905 389.48 74.33
E 10 37 0.021873 0.003169 344.80 0.02
E 10 40 0.026314 0.004709 397.07 0.09
E 10 43 0.021844 0.002544 329.86 157.64
E 10 45 0.021272 0.004063 328.32 2.28
E 10 49 0.022470 0.005427 364.95 1.33
E 10 51 0.003106 0.000000 272.00 17.87
E 10 52 0.026051 0.004337 420.96 75.80
E 10 56 0.021686 0.004684 348.22 0.45
E 10 57 0.022512 0.004175 334.50 6.29
E 10 58 0.021052 0.002046 334.10 99.69
E 10 59 0.030705 0.007123 418.30 848.00
E 10 60 0.026383 0.003957 428.60 4.50
E 10 61 0.021784 0.003507 331.66 96.54
E 10 62 0.022594 0.002994 387.71 3.22
E 10 64 0.021743 0.003852 367.84 9.22
E 10 67 0.021999 0.004008 351.73 0.07
E 10 71 0.021615 0.003752 326.50 0.74
E 10 77 0.021694 0.002569 344.72 0.99
E 10 78 0.021273 0.002762 307.24 0.16
E 10 79 0.021809 0.003749 356.96 86.52
E 10 83 0.021900 0.003014 332.33 210.66
E 10 85 0.021793 0.003306 335.23 0.03
E 10 86 0.021623 0.002490 328.03 78.62
E 11 12 0.022944 0.004282 352.91 0.02
E 11 13 0.017323 0.002558 291.73 40.52
E 11 14 0.022275 0.003202 359.00 96.61
E 11 15 0.018110 0.003020 301.55 19.78
E 11 17 0.022643 0.005348 340.78 1.00
E 11 22 0.019083 0.002171 360.26 2.01
E 11 23 0.018571 0.004726 289.28 0.06
E 11 24 0.018707 0.006190 325.83 0.58
E 11 26 0.018231 0.005503 324.05 3.17
E 11 28 0.019701 0.003710 276.96 1.56
E 11 29 0.018707 0.006190 258.20 0.93
E 11 30 0.018231 0.005503 269.28 14.50
E 11 34 0.018980 0.004518 294.14 37.37
E 11 36 0.014874 0.003463 279.79 53.27
E 11 37 0.020869 0.004347 324.83 0.05
E 11 40 0.018679 0.002060 297.77 0.02
E 11 43 0.023526 0.003222 365.35 95.40
E 11 44 0.030706 0.000000 485.74 0.01
E 11 49 0.023616 0.006060 372.22 1.23
E 11 51 0.016377 0.002418 260.61 37.78
E 11 52 0.019154 0.003189 340.33 37.72
E 11 57 0.024075 0.004811 424.67 5.11
E 11 60 0.019681 0.000766 299.07 16.59
E 11 70 0.018707 0.006190 316.80 0.27
E 11 71 0.019393 0.004302 320.70 0.21
E 11 77 0.020191 0.001583 313.63 1.56
E 11 78 0.018885 0.004514 305.49 0.11
E 11 79 0.022974 0.004968 353.67 45.34
E 11 83 0.020098 0.002874 327.49 397.76
E 11 85 0.020631 0.002527 325.92 0.05
E 11 86 0.019004 0.002322 312.76 34.20
E 12 13 0.022859 0.004410 369.33 42.99
E 12 14 0.023230 0.005033 363.78 88.54
E 12 15 0.022138 0.004770 392.18 5.55
E 12 17 0.022250 0.003927 327.74 0.05
E 12 23 0.021781 0.005970 378.96 0.10
E 12 25 0.022337 0.004843 376.61 0.21
E 12 28 0.021744 0.003288 343.69 0.77
E 12 31 0.022171 0.005800 349.35 1.02
E 12 34 0.021697 0.004905 334.39 42.05
E 12 37 0.021885 0.003856 356.49 0.08
E 12 40 0.022899 0.004330 313.54 0.56
E 12 43 0.022733 0.004753 364.64 157.98
E 12 45 0.022430 0.004347 353.71 4.13
E 12 49 0.022362 0.005416 345.81 0.96
E 12 51 0.021322 0.000791 301.41 49.77
E 12 52 0.021696 0.003008 363.16 42.51
E 12 56 0.022797 0.005064 365.80 17.43
E 12 57 0.022770 0.004724 355.41 2.29
E 12 58 0.022583 0.004457 379.74 53.60
E 12 59 0.022932 0.007123 371.12 110.86
E 12 60 0.023037 0.004206 324.62 5.75
E 12 61 0.022692 0.004875 385.04 13.23
E 12 62 0.022494 0.004481 366.44 1.25
E 12 64 0.022348 0.004302 361.07 311.36
E 12 67 0.023089 0.005206 357.74 0.06
E 12 71 0.020721 0.003783 316.55 0.20
E 12 77 0.022733 0.004927 366.19 3.61
E 12 78 0.030025 0.001163 403.92 0.12
E 12 79 0.022671 0.004813 343.02 46.48
E 12 83 0.022189 0.004018 316.13 75.73
E 12 85 0.022467 0.004214 347.80 9.43
E 12 86 0.021047 0.002384 306.51 46.06
E 13 14 0.022225 0.003093 332.35 0.17
E 13 15 0.017919 0.003146 297.73 8.70
E 13 17 0.019037 0.002035 278.73 6.79
E 13 22 0.016938 0.004768 274.65 2.34
E 13 23 0.018205 0.005563 315.43 32.21
E 13 24 0.016799 0.003392 283.92 16.53
E 13 26 0.015803 0.002261 266.84 25.51
E 13 28 0.019081 0.003234 290.32 3.77
E 13 29 0.018382 0.004297 484.33 16.62
E 13 30 0.015854 0.002423 246.58 29.68
E 13 34 0.018996 0.004654 287.20 42.47
E 13 36 0.015848 0.003783 237.46 75.18
E 13 37 0.019847 0.003546 310.73 12.43
E 13 40 0.018114 0.002789 293.99 13.06
E 13 43 0.023548 0.004918 325.00 0.37
E 13 44 0.005202 0.001216 476.00 0.08
E 13 49 0.023877 0.006321 367.82 0.24
E 13 51 0.016827 0.003313 294.91 53.30
E 13 52 0.017876 0.002521 265.88 93.12
E 13 57 0.024825 0.005427 423.85 0.04
E 13 59 0.021886 0.001356 279.80 18.97
E 13 60 0.019681 0.001583 488.99 0.00
E 13 67 0.023197 0.003822 339.91 0.74
E 13 70 0.018382 0.004297 409.36 47.94
E 13 71 0.018264 0.003123 293.18 17.91
E 13 77 0.021774 0.002301 438.14 9.99
E 13 78 0.018626 0.002374 315.98 41.29
E 13 79 0.023023 0.004649 361.22 53.57
E 13 83 0.020865 0.003687 338.83 0.14
E 13 85 0.021162 0.002714 349.25 5.10
E 13 86 0.018228 0.002056 302.32 808.86
E 14 16 0.018127 0.004424 335.31 280.47
E 14 17 0.022455 0.003066 353.78 5.02
E 14 23 0.020920 0.008565 333.91 35.75
E 14 25 0.022139 0.003534 339.67 116.91
E 14 28 0.022430 0.004085 329.87 1.42
E 14 31 0.024053 0.005282 377.44 15.86
E 14 34 0.022807 0.005258 356.23 0.09
E 14 37 0.022130 0.003575 358.29 10.31
E 14 40 0.024007 0.003053 367.46 28.51
E 14 43 0.022363 0.004023 336.32 0.07
E 14 45 0.022395 0.003998 332.53 161.08
E 14 49 0.022903 0.005192 348.07 1.28
E 14 50 0.017929 0.004587 304.84 28.79
E 14 52 0.024430 0.003125 350.83 0.05
E 14 56 0.022328 0.005734 347.48 226.08
E 14 57 0.022975 0.003782 350.09 0.08
E 14 58 0.022271 0.002933 367.74 0.09
E 14 59 0.001745 0.000000 160.00 13.23
E 14 60 0.019780 0.004345 326.42 3.18
E 14 61 0.022916 0.005751 343.15 4.87
E 14 63 0.018392 0.003930 321.54 146.09
E 14 64 0.022873 0.004206 408.58 16.49
E 14 65 0.017579 0.004257 302.30 81.18
E 14 67 0.022641 0.004373 369.55 0.00
E 14 71 0.021429 0.003443 325.01 4.66
E 14 72 0.017786 0.004587 306.19 18.97
E 14 73 0.017911 0.004070 281.24 16.33
E 14 77 0.022437 0.003158 344.71 166.13
E 14 78 0.018832 0.004052 290.27 24.48
E 14 79 0.022929 0.005335 348.38 0.13
E 14 83 0.022312 0.002896 315.94 0.14
E 14 85 0.022342 0.003976 357.87 18.27
E 14 86 0.021395 0.003076 332.22 0.09
E 14 90 0.018718 0.004070 365.39 11.79
E 15 22 0.017075 0.004810 267.33 1.98
E 15 23 0.019589 0.005122 317.81 4.30
E 15 24 0.014085 0.000678 281.86 2.09
E 15 26 0.015102 0.000678 222.75 202.83
E 15 28 0.018875 0.003378 299.52 3.61
E 15 29 0.014084 0.000678 291.04 155.70
E 15 30 0.014537 0.000678 303.09 509.40
E 15 31 0.020621 0.004853 343.40 0.97
E 15 34 0.019109 0.003670 288.11 11.20
E 15 37 0.019999 0.004143 323.44 4.04
E 15 39 0.016992 0.003803 274.21 44.47
E 15 40 0.017533 0.002573 293.34 9.68
E 15 43 0.022616 0.004266 336.31 37.94
E 15 46 0.016619 0.002786 259.60 55.48
E 15 49 0.020297 0.004028 336.77 52.62
E 15 52 0.018863 0.004515 281.65 10.72
E 15 61 0.022640 0.004900 365.47 8.01
E 15 66 0.007764 0.000544 680.00 1.37
E 15 70 0.017138 0.003393 318.52 6.20
E 15 71 0.019427 0.003851 313.62 1023.99
E 15 79 0.021731 0.003716 323.77 203.19
E 15 83 0.019598 0.003901 409.61 10.43
E 15 86 0.019931 0.004384 299.44 5.61
E 16 19 0.019531 0.002247 379.02 214.18
E 16 20 0.021178 0.004237 319.71 14.37
E 16 21 0.018325 0.000678 257.76 0.51
E 16 23 0.017559 0.004736 1672.00 1.38
E 16 27 0.018432 0.001658 307.65 3.34
E 16 33 0.018430 0.003241 295.60 9.25
E 16 35 0.019143 0.004984 330.91 0.63
E 16 36 0.019086 0.002754 327.50 36.11
E 16 42 0.019212 0.002075 292.97 0.01
E 16 50 0.019371 0.002462 309.46 0.20
E 16 51 0.022565 0.004409 294.06 142.86
E 16 55 0.019539 0.001742 323.09 92.60
E 16 63 0.019748 0.003060 319.28 0.50
E 16 65 0.020481 0.004344 368.61 11.93
E 16 66 0.018190 0.000377 289.53 0.15
E 16 73 0.020049 0.003127 315.43 4.10
E 16 74 0.020132 0.003881 329.48 13.11
E 16 78 0.003810 0.000960 360.00 0.42
E 16 80 0.019308 0.007402 299.37 1.46
E 16 87 0.020989 0.005004 330.47 2.22
E 16 88 0.019369 0.004261 329.19 0.02
E 16 89 0.019426 0.003377 317.70 0.05
E 16 90 0.019914 0.003313 330.76 0.83
E 17 23 0.018050 0.006127 278.97 1.19
E 17 31 0.022028 0.005559 341.12 0.40
E 17 37 0.019290 0.003289 337.33 0.58
E 17 43 0.021303 0.003646 354.80 2.82
E 17 45 0.021042 0.004668 332.05 22.36
E 17 49 0.021151 0.003782 360.06 0.46
E 17 56 0.021751 0.005132 337.16 0.10
E 17 57 0.022148 0.004009 372.96 0.83
E 17 58 0.020164 0.002097 336.33 13.86
E 17 59 0.017331 0.001333 289.50 50.69
E 17 60 0.020082 0.001875 327.45 30.31
E 17 61 0.021236 0.004618 347.50 5.14
E 17 62 0.021178 0.002655 326.53 2.10
E 17 64 0.020861 0.003568 336.71 57.94
E 17 67 0.022057 0.004297 334.23 0.27
E 17 77 0.019931 0.002655 311.40 0.40
E 17 79 0.021396 0.003513 356.11 22.30
E 17 83 0.019466 0.003020 321.78 1.80
E 17 85 0.020737 0.003464 321.93 0.08
E 17 86 0.019427 0.003782 323.08 6.27
E 18 20 0.022234 0.004699 348.97 11.53
E 18 25 0.020526 0.003731 331.47 88.98
E 18 32 0.020654 0.003080 351.57 0.18
E 18 38 0.022607 0.005470 360.24 96.48
E 18 41 0.019547 0.002094 320.89 0.00
E 18 42 0.020308 0.003121 330.62 1.38
E 18 45 0.018381 0.000641 289.11 10.35
E 18 47 0.011519 0.000530 176.56 0.13
E 18 50 0.019423 0.001992 305.82 0.96
E 18 53 0.019535 0.001891 304.62 8.98
E 18 54 0.022023 0.004585 382.83 11.43
E 18 63 0.020953 0.003533 311.86 0.01
E 18 68 0.019436 0.002242 301.72 11.28
E 18 69 0.018452 0.004012 307.06 13.58
E 18 72 0.020952 0.003840 338.39 65.19
E 18 73 0.020818 0.003326 328.05 0.04
E 18 74 0.021179 0.003575 340.13 11.03
E 18 81 0.019613 0.001866 301.41 11.34
E 18 82 0.022607 0.005470 305.48 0.27
E 18 84 0.019300 0.003095 301.08 6.42
E 18 87 0.021519 0.004802 321.36 0.00
E 18 88 0.019999 0.003935 337.50 0.00
E 18 89 0.021125 0.004556 315.11 0.00
E 18 90 0.020625 0.003989 366.20 0.00
E 19 21 0.014064 0.002141 213.37 5.74
E 19 22 0.010853 0.002880 1008.00 0.13
E 19 27 0.016532 0.003001 261.46 0.32
E 19 28 0.017622 0.004313 246.72 3.38
E 19 33 0.016670 0.003453 282.91 16.76
E 19 34 0.018042 0.005060 267.50 0.14
E 19 36 0.017455 0.001956 286.09 0.13
E 19 46 0.015613 0.003353 254.63 0.14
E 19 48 0.016528 0.005147 256.52 0.14
E 19 51 0.016921 0.002419 282.02 0.12
E 19 52 0.016992 0.002568 249.89 0.10
E 19 55 0.015728 0.002748 262.04 0.08
E 19 65 0.021014 0.004229 370.65 20.82
E 19 66 0.015900 0.002971 252.84 1.71
E 19 71 0.020530 0.004410 358.68 7.81
E 19 76 0.014993 0.003162 243.09 12.58
E 19 78 0.016685 0.001526 264.02 9.28
E 19 80 0.014993 0.003162 217.88 6.78
E 20 25 0.022095 0.003836 347.27 31.17
E 20 32 0.021546 0.004719 349.33 15.75
E 20 35 0.020950 0.004872 327.79 28.55
E 20 38 0.021413 0.004704 334.27 26.72
E 20 41 0.021456 0.004597 319.39 18.35
E 20 42 0.021570 0.004869 328.21 1.06
E 20 50 0.021570 0.004869 337.38 29.89
E 20 53 0.023468 0.006709 394.13 1.16
E 20 54 0.021634 0.005547 321.80 0.04
E 20 55 0.022532 0.004579 364.96 0.01
E 20 63 0.021483 0.004844 350.39 110.56
E 20 65 0.021578 0.005024 321.80 74.06
E 20 69 0.022452 0.005347 349.01 0.04
E 20 72 0.021570 0.004869 351.93 183.44
E 20 73 0.021531 0.004945 317.56 27.58
E 20 74 0.021493 0.004975 337.60 0.11
E 20 75 0.021155 0.004129 336.51 2.72
E 20 82 0.021413 0.004542 316.19 75.33
E 20 87 0.021493 0.004975 335.58 1.75
E 20 88 0.021414 0.004533 332.81 3.87
E 20 89 0.021512 0.004729 320.18 1.81
E 20 90 0.021447 0.004780 345.60 1.16
E 21 27 0.013432 0.002270 221.66 56.73
E 21 33 0.015865 0.001781 244.45 2.23
E 21 35 0.017192 0.003257 274.93 0.03
E 21 36 0.017207 0.002496 294.57 12.70
E 21 38 0.017447 0.002621 277.62 0.24
E 21 48 0.013825 0.000622 242.94 9.66
E 21 55 0.017979 0.003140 264.36 18.38
E 21 65 0.019943 0.003300 310.46 0.16
E 21 75 0.018110 0.003343 286.43 0.55
E 21 76 0.015646 0.002573 250.07 0.51
E 21 80 0.015232 0.002318 232.14 0.43
E 21 82 0.016686 0.001018 294.77 4.32
E 21 90 0.021886 0.002940 267.05 1.38
E 22 24 0.014875 0.002657 217.28 0.10
E 22 26 0.014875 0.002657 192.79 28.70
E 22 28 0.018101 0.003486 307.98 10.44
E 22 29 0.014875 0.002657 271.68 170.39
E 22 30 0.014875 0.002657 276.76 47.95
E 22 34 0.018154 0.004395 309.70 1.96
E 22 37 0.019296 0.004053 312.99 1.14
E 22 39 0.016715 0.004811 265.68 63.86
E 22 40 0.017239 0.004340 274.06 16.72
E 22 44 0.014764 0.002278 324.14 10.74
E 22 46 0.015281 0.005145 232.70 1.36
E 22 51 0.016683 0.003920 283.21 3.73
E 22 52 0.016885 0.004415 271.77 2.03
E 22 70 0.016629 0.005993 294.76 0.28
E 22 71 0.017619 0.004335 293.30 283.93
E 22 86 0.017770 0.005374 286.38 9.25
E 23 28 0.019239 0.003324 289.32 3.40
E 23 31 0.018050 0.006127 289.61 2.71
E 23 34 0.018585 0.005324 314.53 31.65
E 23 37 0.019686 0.005287 316.47 0.01
E 23 40 0.018523 0.005546 303.05 0.16
E 23 49 0.018552 0.006935 327.28 2.63
E 23 51 0.018969 0.006094 321.52 20.02
E 23 52 0.019261 0.006298 284.15 32.08
E 23 57 0.022225 0.005096 336.22 120.09
E 23 60 0.019063 0.004628 308.59 1.32
E 23 71 0.018584 0.004885 295.70 0.84
E 23 78 0.018726 0.005435 297.00 0.26
E 23 85 0.001905 0.000000 180.00 0.07
E 23 86 0.018517 0.005150 312.10 25.97
E 24 26 0.012554 0.000205 192.89 1.22
E 24 29 0.012539 0.000328 189.93 160.52
E 24 30 0.013063 0.000914 190.24 0.00
E 24 39 0.016377 0.002255 284.93 3.51
E 24 44 0.013025 0.001240 200.12 9.03
E 24 49 0.002658 0.000000 216.00 1.65
E 24 59 0.016912 0.003354 286.33 0.00
E 24 70 0.012956 0.001265 203.11 0.50
E 24 83 0.001329 0.000000 108.00 37.32
E 25 32 0.020302 0.003657 340.89 80.17
E 25 41 0.020339 0.004561 386.03 0.09
E 25 42 0.020374 0.003731 311.07 1.32
E 25 43 0.017411 0.001676 279.91 168.44
E 25 45 0.018674 0.003271 287.05 5.14
E 25 47 0.018359 0.001187 306.35 37.92
E 25 50 0.021159 0.004232 329.58 6.58
E 25 53 0.020263 0.003678 323.48 0.27
E 25 54 0.021305 0.004559 337.01 21.42
E 25 56 0.019926 0.003469 335.28 7.50
E 25 57 0.021771 0.004236 348.14 4.38
E 25 58 0.016551 0.000689 252.24 43.36
E 25 61 0.018958 0.001696 291.35 42.50
E 25 63 0.020322 0.003807 309.14 0.16
E 25 68 0.020257 0.003663 344.90 32.16
E 25 69 0.020340 0.004561 305.65 34.07
E 25 72 0.021566 0.004749 368.05 46.64
E 25 73 0.020318 0.003041 342.17 95.14
E 25 74 0.021271 0.003901 365.88 34.24
E 25 77 0.018575 0.000565 328.14 0.61
E 25 79 0.018844 0.000909 272.10 47.33
E 25 81 0.020190 0.003513 349.94 0.26
E 25 84 0.020256 0.003663 312.38 1.15
E 25 85 0.019590 0.002914 309.62 0.08
E 25 87 0.021576 0.005058 308.37 0.05
E 25 88 0.019559 0.002617 293.70 0.11
E 25 89 0.020359 0.004561 331.93 0.10
E 25 90 0.021209 0.004719 304.00 0.15
E 26 29 0.012547 0.000345 201.42 0.54
E 26 30 0.013075 0.000925 196.78 5.43
E 26 37 0.008180 0.000320 732.00 0.12
E 26 39 0.016377 0.002255 263.66 1039.34
E 26 44 0.013019 0.001206 192.50 0.48
E 26 49 0.025731 0.009045 412.26 1.10
E 26 59 0.016911 0.003354 289.68 10.77
E 26 70 0.013042 0.001485 197.41 0.39
E 26 83 0.004530 0.000256 392.00 114.36
E 27 33 0.017164 0.003443 278.16 5.37
E 27 35 0.016883 0.003911 258.27 14.35
E 27 36 0.017257 0.003012 298.43 0.58
E 27 46 0.015781 0.002555 236.32 0.68
E 27 48 0.011559 0.000915 162.45 0.63
E 27 55 0.017887 0.003197 298.18 0.28
E 27 65 0.020936 0.004681 326.35 5.55
E 27 66 0.015125 0.002504 253.94 3.98
E 27 76 0.016348 0.004102 279.34 17.09
E 27 80 0.017055 0.004235 296.47 32.32
E 28 31 0.024429 0.004862 430.19 2.61
E 28 34 0.019198 0.003265 301.26 3.72
E 28 39 0.018289 0.006378 294.90 1.09
E 28 40 0.018323 0.002629 297.06 4.17
E 28 43 0.018616 0.001763 310.49 1.61
E 28 46 0.016943 0.002072 259.56 2.75
E 28 49 0.001969 0.000000 188.00 0.78
E 28 51 0.018076 0.002883 288.43 1.35
E 28 52 0.018151 0.002996 304.34 3.72
E 28 56 0.019918 0.003663 313.30 0.87
E 28 57 0.021826 0.004085 355.63 0.39
E 28 58 0.018384 0.001643 319.30 5.59
E 28 61 0.019199 0.002035 328.49 0.34
E 28 66 0.017854 0.003015 272.30 4.76
E 28 67 0.021274 0.003731 354.38 5.80
E 28 71 0.019609 0.004195 333.49 0.27
E 28 77 0.018725 0.001270 320.11 1.33
E 28 78 0.019369 0.003957 321.40 0.39
E 28 79 0.019388 0.001840 313.02 4.93
E 28 83 0.001777 0.000000 164.00 0.24
E 28 86 0.019657 0.004056 343.51 1.34
E 29 30 0.013067 0.000923 203.59 0.09
E 29 37 0.001617 0.000000 144.00 12.40
E 29 39 0.016377 0.002255 267.19 0.19
E 29 44 0.013026 0.001212 193.03 0.06
E 29 59 0.016912 0.003354 327.32 37.74
E 29 70 0.012953 0.001249 195.15 0.46
E 30 37 0.020530 0.000678 611.60 76.22
E 30 39 0.016377 0.002255 230.89 1.11
E 30 44 0.013061 0.001206 203.20 0.14
E 30 49 0.025731 0.009045 489.75 2.46
E 30 59 0.016911 0.003354 270.79 0.02
E 30 70 0.013062 0.001485 204.19 4.44
E 30 83 0.007476 0.000704 644.00 1.45
E 31 37 0.021536 0.005121 358.81 6.80
E 31 43 0.024102 0.004758 378.59 8.86
E 31 49 0.022440 0.005757 360.37 4.29
E 31 56 0.023549 0.005490 352.98 0.30
E 31 57 0.022530 0.005341 371.66 18.94
E 31 59 0.021007 0.005759 339.04 0.51
E 31 60 0.001649 0.000000 148.00 7.98
E 31 61 0.023549 0.005490 373.49 0.90
E 31 62 0.023159 0.005028 349.20 1.31
E 31 64 0.022110 0.005649 351.32 0.47
E 31 71 0.020708 0.005213 302.97 1.33
E 31 77 0.022336 0.005540 342.51 0.56
E 31 79 0.022192 0.005597 356.71 2.32
E 31 83 0.021839 0.005814 335.43 4.45
E 31 85 0.022297 0.005622 357.35 0.74
E 32 38 0.019453 0.004658 310.97 0.00
E 32 41 0.020293 0.002622 332.81 34.07
E 32 42 0.019971 0.002655 307.36 0.33
E 32 45 0.019171 0.001470 371.61 0.00
E 32 50 0.020039 0.002806 315.56 1.81
E 32 53 0.019923 0.002620 316.81 20.23
E 32 54 0.020502 0.004670 347.37 19.11
E 32 60 0.019789 0.004189 325.63 605.55
E 32 63 0.019836 0.003232 321.15 46.02
E 32 68 0.019940 0.002674 318.83 18.61
E 32 69 0.019981 0.004187 307.10 12.84
E 32 72 0.019940 0.002815 317.63 0.04
E 32 73 0.020069 0.002932 321.62 0.05
E 32 74 0.020261 0.003903 303.32 14.69
E 32 81 0.019971 0.002706 317.20 95.65
E 32 82 0.019453 0.002773 306.08 0.70
E 32 84 0.019969 0.003283 324.09 5.24
E 32 87 0.020926 0.004943 327.85 0.00
E 32 88 0.019998 0.003807 327.76 0.00
E 32 89 0.020322 0.004190 332.55 0.00
E 32 90 0.019732 0.003178 307.72 0.00
E 33 34 0.001393 0.000000 116.00 93.15
E 33 35 0.017182 0.003249 299.43 2.10
E 33 36 0.017201 0.002861 251.74 57.39
E 33 55 0.016299 0.003392 270.71 39.20
E 33 65 0.018229 0.003373 287.71 0.13
E 33 66 0.016733 0.003584 274.89 5.00
E 33 75 0.017576 0.003446 276.59 5.74
E 33 76 0.015762 0.002748 266.76 3.98
E 33 80 0.015946 0.003031 247.82 7.94
E 33 90 0.019424 0.003646 306.50 0.00
E 34 37 0.019635 0.004494 330.56 11.97
E 34 40 0.018479 0.004519 285.68 11.41
E 34 43 0.024940 0.006377 333.17 0.23
E 34 49 0.024281 0.005902 383.10 0.23
E 34 57 0.025533 0.006219 426.98 0.04
E 34 60 0.022225 0.005674 335.72 0.00
E 34 71 0.018887 0.004915 312.91 17.16
E 34 78 0.018038 0.004186 276.40 44.76
E 34 83 0.022004 0.005647 361.71 0.13
E 34 85 0.022411 0.005150 391.53 4.84
E 34 86 0.018691 0.004186 283.09 11.14
E 35 36 0.018489 0.005973 287.51 9.91
E 35 38 0.017730 0.005754 276.57 0.46
E 35 48 0.017888 0.005113 261.53 9.15
E 35 55 0.017154 0.003202 279.23 13.56
E 35 63 0.019461 0.003860 310.13 8.36
E 35 65 0.018279 0.003412 295.68 0.24
E 35 74 0.019586 0.004070 295.50 12.16
E 35 75 0.018026 0.003269 292.41 0.96
E 35 76 0.017189 0.003257 283.36 0.48
E 35 80 0.017189 0.003257 285.26 0.19
E 35 82 0.017109 0.002957 278.30 1.12
E 35 87 0.019995 0.004214 301.05 0.24
E 35 90 0.019713 0.003313 316.65 1.61
E 36 55 0.017918 0.003297 270.97 0.06
E 36 63 0.020297 0.002754 304.85 51.66
E 36 65 0.020898 0.004114 318.76 148.44
E 36 66 0.017998 0.004127 266.00 2.00
E 36 73 0.019513 0.000000 284.25 4.40
E 36 75 0.019438 0.003533 296.10 1.97
E 36 76 0.017239 0.002958 277.45 5.95
E 36 80 0.017409 0.005276 277.79 4.10
E 36 86 0.019309 0.001272 329.51 16.64
E 36 90 0.021627 0.004290 347.50 0.80
E 37 40 0.019838 0.003726 326.50 0.17
E 37 43 0.022564 0.005258 338.00 8.60
E 37 49 0.021993 0.004633 370.99 1.79
E 37 51 0.019960 0.004049 297.69 8.35
E 37 52 0.019653 0.003668 306.99 12.06
E 37 57 0.023279 0.005005 365.81 10.35
E 37 59 0.020358 0.007123 281.19 0.25
E 37 60 0.018933 0.002748 338.46 2.08
E 37 61 0.003202 0.000032 284.00 9.86
E 37 64 0.022904 0.009159 360.03 3.59
E 37 67 0.021961 0.004526 305.76 0.18
E 37 71 0.019934 0.003777 322.89 1.08
E 37 77 0.022565 0.002827 456.04 0.18
E 37 78 0.019712 0.003984 314.49 0.19
E 37 79 0.023413 0.005457 366.12 10.22
E 37 83 0.019166 0.003022 308.06 51.41
E 37 85 0.021732 0.003392 342.01 0.04
E 37 86 0.019965 0.003765 311.22 10.06
E 38 41 0.017428 0.003756 272.68 0.27
E 38 47 0.018354 0.003109 264.40 51.93
E 38 50 0.020188 0.002462 370.05 0.62
E 38 53 0.007267 0.000320 676.00 0.18
E 38 54 0.025109 0.002544 406.94 25.54
E 38 63 0.019200 0.004179 284.35 0.14
E 38 69 0.018930 0.002423 286.57 14.45
E 38 72 0.021319 0.002899 339.21 140.47
E 38 73 0.019806 0.004399 309.55 146.23
E 38 74 0.020279 0.004195 298.42 30.84
E 38 75 0.018124 0.003994 289.21 0.39
E 38 82 0.017552 0.003798 272.58 1.65
E 38 87 0.021008 0.004661 321.84 0.12
E 38 88 0.019680 0.003865 319.38 0.15
E 38 89 0.020803 0.004041 308.76 0.15
E 38 90 0.019820 0.004736 303.56 0.35
E 39 40 0.016225 0.002661 278.69 0.02
E 39 44 0.016378 0.002255 273.45 0.36
E 39 46 0.015276 0.003484 241.64 14.84
E 39 70 0.015987 0.003392 270.46 0.24
E 40 43 0.035793 0.005314 397.45 44.64
E 40 49 0.023853 0.005004 408.19 0.87
E 40 51 0.016054 0.002093 263.26 8.38
E 40 52 0.015978 0.002035 247.88 11.53
E 40 57 0.024917 0.005337 362.30 2.19
E 40 59 0.006322 0.001504 616.00 5.07
E 40 60 0.019317 0.003222 303.53 3.29
E 40 61 0.002065 0.000000 200.00 2.25
E 40 71 0.018427 0.003290 300.85 0.05
E 40 78 0.017629 0.003758 267.25 0.07
E 40 79 0.023379 0.005314 408.55 16.65
E 40 83 0.008354 0.001888 812.00 19.37
E 40 85 0.022337 0.005314 645.73 29.24
E 40 86 0.018457 0.002489 287.55 10.31
E 41 42 0.020786 0.003384 327.12 0.40
E 41 47 0.017964 0.001462 297.46 353.29
E 41 50 0.020134 0.001611 312.53 142.82
E 41 53 0.018650 0.002078 311.85 0.93
E 41 54 0.021949 0.004846 320.02 12.84
E 41 63 0.021546 0.002374 287.04 0.32
E 41 68 0.018773 0.001165 278.87 17.05
E 41 69 0.019413 0.003797 321.99 11.54
E 41 72 0.021196 0.004006 306.37 2.85
E 41 73 0.021488 0.004230 318.08 0.00
E 41 74 0.021091 0.003625 337.97 18.96
E 41 75 0.017711 0.003646 262.28 9.44
E 41 81 0.019824 0.001696 302.13 0.42
E 41 82 0.016059 0.001921 259.52 17.96
E 41 84 0.018674 0.003013 329.05 1.36
E 41 87 0.020984 0.003710 305.37 0.09
E 41 88 0.019863 0.004188 320.70 0.17
E 41 89 0.020720 0.004022 331.28 0.14
E 42 47 0.021292 0.003816 291.21 2.60
E 42 50 0.019498 0.002242 310.48 29.85
E 42 53 0.019115 0.002183 325.21 8.07
E 42 54 0.020501 0.004670 335.57 0.88
E 42 63 0.019682 0.003235 312.24 34.14
E 42 68 0.019115 0.002142 308.77 0.98
E 42 69 0.019136 0.004099 306.19 0.92
E 42 72 0.019648 0.002936 311.70 0.22
E 42 73 0.020038 0.003117 333.35 5.61
E 42 74 0.020291 0.003968 324.05 1.12
E 42 81 0.019152 0.002198 307.85 3.13
E 42 84 0.019114 0.003202 311.68 0.52
E 42 87 0.020925 0.004943 343.60 1.97
E 42 88 0.019631 0.003948 350.05 10.14
E 42 89 0.020305 0.003957 318.80 7.06
E 42 90 0.019603 0.003134 318.30 7.19
E 43 45 0.020170 0.005010 336.47 609.39
E 43 49 0.023243 0.005972 384.27 1.61
E 43 52 0.024940 0.006377 340.29 0.05
E 43 56 0.020936 0.004473 326.79 442.66
E 43 57 0.022174 0.003775 336.87 0.10
E 43 58 0.019291 0.002710 299.73 0.08
E 43 59 0.020191 0.000000 630.24 7.04
E 43 60 0.022852 0.005597 393.54 30.26
E 43 61 0.020720 0.004226 326.48 2.84
E 43 62 0.018796 0.002250 299.05 12.35
E 43 64 0.021370 0.004820 354.10 9.93
E 43 67 0.021931 0.003819 355.31 0.05
E 43 77 0.019730 0.002999 336.59 428.88
E 43 79 0.021555 0.003897 336.35 0.11
E 43 83 0.022955 0.004827 354.57 0.19
E 43 85 0.020673 0.003309 326.05 28.38
E 44 70 0.013034 0.001295 199.72 0.14
E 45 53 0.003714 0.000160 348.00 17.63
E 45 56 0.020694 0.004344 322.24 4.06
E 45 57 0.022077 0.004246 353.59 163.43
E 45 58 0.020164 0.004609 308.31 2.29
E 45 60 0.019511 0.002680 398.11 0.00
E 45 61 0.020295 0.004079 316.67 0.00
E 45 64 0.021261 0.004399 348.22 4.49
E 45 67 0.021839 0.004549 337.15 1.46
E 45 73 0.018493 0.001357 361.83 25.63
E 45 77 0.020295 0.004737 339.91 60.46
E 45 79 0.021204 0.004099 328.60 3.40
E 45 85 0.020597 0.003864 330.05 11.23
E 46 55 0.014946 0.000834 244.32 0.09
E 46 66 0.014835 0.003346 238.80 14.13
E 46 71 0.019653 0.005201 308.46 17.77
E 46 76 0.014869 0.001784 247.53 8.77
E 46 80 0.013547 0.000251 206.08 6.12
E 47 50 0.020168 0.001420 337.90 1.84
E 47 53 0.018833 0.000763 270.49 5.08
E 47 54 0.021886 0.002374 434.67 15.54
E 47 68 0.016052 0.000533 292.67 14.65
E 47 69 0.019335 0.003685 315.62 12.77
E 47 72 0.020187 0.001510 379.32 0.34
E 47 81 0.015915 0.000452 374.11 4.46
E 47 82 0.019004 0.002544 315.70 0.19
E 47 84 0.018281 0.002163 319.22 61.33
E 47 87 0.018749 0.000170 319.31 958.82
E 47 88 0.021343 0.004388 336.28 99.88
E 47 89 0.022828 0.004759 381.79 169.93
E 48 55 0.017674 0.002290 242.50 0.07
E 48 75 0.019193 0.003279 324.53 1.78
E 48 76 0.016366 0.003151 251.60 5.43
E 48 80 0.017431 0.005096 256.73 3.77
E 49 52 0.023948 0.005597 346.79 0.58
E 49 56 0.021703 0.004345 353.57 3.48
E 49 57 0.022431 0.005402 333.86 0.06
E 49 59 0.022514 0.005464 371.36 4.07
E 49 60 0.010803 0.002976 1060.00 0.03
E 49 61 0.021703 0.004345 326.49 3.46
E 49 62 0.024962 0.006467 350.83 4.04
E 49 64 0.022628 0.005464 338.41 14.38
E 49 71 0.020575 0.002420 275.13 0.99
E 49 77 0.021983 0.004155 348.00 0.97
E 49 79 0.022218 0.004897 346.19 0.62
E 49 83 0.022632 0.005560 368.53 3.53
E 49 85 0.022368 0.005314 338.41 0.65
E 49 86 0.021388 0.003212 371.67 0.64
E 50 53 0.019516 0.002100 313.57 1.95
E 50 54 0.020278 0.004573 330.60 46.06
E 50 63 0.019732 0.003218 308.11 261.37
E 50 68 0.019455 0.002048 325.88 45.59
E 50 69 0.019559 0.004209 307.58 40.43
E 50 72 0.019694 0.002916 311.44 4.12
E 50 73 0.020050 0.003127 313.42 1.52
E 50 74 0.020312 0.004015 307.96 39.91
E 50 75 0.021160 0.001987 301.52 1.23
E 50 81 0.019421 0.002268 321.01 1.16
E 50 82 0.020149 0.002607 305.59 0.61
E 50 84 0.019455 0.003029 305.83 1069.38
E 50 87 0.020925 0.004943 335.81 5.63
E 50 88 0.020145 0.004405 332.69 7.53
E 50 89 0.020792 0.003975 311.98 8.55
E 50 90 0.019822 0.003301 321.20 7.16
E 51 63 0.019988 0.003477 277.74 23.78
E 51 65 0.018834 0.001899 300.53 523.50
E 51 66 0.017439 0.002111 297.87 2.00
E 51 71 0.018680 0.003316 285.38 10.02
E 51 73 0.018088 0.000543 310.62 60.63
E 51 78 0.016297 0.002584 271.46 54.87
E 51 86 0.018425 0.002765 285.84 11.36
E 52 57 0.025806 0.006369 404.00 0.04
E 52 59 0.003234 0.000000 288.00 17.43
E 52 60 0.020450 0.003157 364.71 0.00
E 52 71 0.018588 0.003488 311.27 17.26
E 52 78 0.017601 0.004323 278.81 45.43
E 52 83 0.019511 0.002663 301.62 0.12
E 52 85 0.020451 0.003157 411.12 4.87
E 52 86 0.018138 0.002309 283.08 52.56
E 53 54 0.020474 0.004672 310.72 1.55
E 53 63 0.019579 0.001696 388.85 1.19
E 53 68 0.016412 0.001329 267.93 2.24
E 53 69 0.018060 0.004400 298.40 2.37
E 53 72 0.019736 0.003007 306.81 5.04
E 53 73 0.019003 0.001145 302.40 13.16
E 53 74 0.022104 0.004579 300.93 2.43
E 53 81 0.016416 0.001197 266.96 0.08
E 53 84 0.016787 0.002937 258.27 0.71
E 53 87 0.020979 0.004781 352.86 0.39
E 53 88 0.019599 0.003937 302.23 0.15
E 53 89 0.020308 0.004030 329.22 0.21
E 53 90 0.005458 0.000288 508.00 0.14
E 54 63 0.019910 0.004237 351.22 325.91
E 54 68 0.020476 0.004672 343.61 0.09
E 54 69 0.021633 0.004623 318.53 0.09
E 54 72 0.020396 0.004694 335.25 30.99
E 54 73 0.020359 0.004689 313.46 20.01
E 54 74 0.020505 0.004629 321.20 0.09
E 54 81 0.022049 0.004702 320.69 4.78
E 54 84 0.020475 0.004672 325.66 0.71
E 54 87 0.021119 0.005219 346.96 1.87
E 54 88 0.021271 0.004070 326.18 2.59
E 54 89 0.023580 0.005838 371.95 1.39
E 54 90 0.020622 0.005407 330.10 1.35
E 55 63 0.020321 0.002833 343.82 69.66
E 55 65 0.018227 0.003296 287.74 127.21
E 55 66 0.015788 0.003254 259.74 2.51
E 55 73 0.019611 0.002744 319.15 12.42
E 55 74 0.023117 0.005512 366.90 0.01
E 55 75 0.018009 0.003388 289.73 2.01
E 55 76 0.015923 0.002425 264.70 1.00
E 55 80 0.015943 0.002153 254.17 1.02
E 55 90 0.019996 0.003455 321.43 0.53
E 56 57 0.022182 0.004783 344.52 3.53
E 56 58 0.021480 0.005369 351.53 253.73
E 56 60 0.032397 0.002629 520.87 5.20
E 56 61 0.020773 0.004280 342.84 1.06
E 56 62 0.020865 0.004237 333.99 0.46
E 56 64 0.021093 0.004466 337.68 190.87
E 56 67 0.021843 0.005228 344.60 0.14
E 56 77 0.021164 0.004886 349.21 8.22
E 56 79 0.021495 0.004815 360.76 240.04
E 56 85 0.021124 0.004676 341.87 84.15
E 57 58 0.022029 0.003714 359.95 0.10
E 57 60 0.023702 0.004891 364.43 5.81
E 57 61 0.022182 0.004366 356.24 2.14
E 57 62 0.023039 0.003019 368.79 16.60
E 57 64 0.024754 0.006537 348.64 8.01
E 57 67 0.022474 0.004101 352.56 72.03
E 57 71 0.022847 0.004815 341.14 1.77
E 57 77 0.022328 0.003828 340.51 8.04
E 57 78 0.020798 0.003606 333.05 1.90
E 57 79 0.022515 0.003910 355.72 0.08
E 57 83 0.022037 0.004950 355.14 0.19
E 57 85 0.022499 0.004047 367.03 2.22
E 57 86 0.023358 0.004895 352.68 0.04
E 58 60 0.020029 0.003271 322.36 0.00
E 58 61 0.020845 0.004274 311.21 21.63
E 58 67 0.021953 0.004044 334.99 1.39
E 58 77 0.019618 0.001413 306.72 147.68
E 58 85 0.022395 0.003986 341.71 13.04
E 59 60 0.006194 0.002688 600.00 300.86
E 59 62 0.020163 0.002166 361.90 0.03
E 59 64 0.020800 0.003736 314.13 2.95
E 59 79 0.024940 0.006445 281.88 78.43
E 59 83 0.019585 0.003097 307.93 3.17
E 59 85 0.021661 0.002216 289.57 7.95
E 60 61 0.022225 0.002629 341.48 162.96
E 60 64 0.008193 0.002720 792.00 4.94
E 60 65 0.017767 0.002943 266.45 53.55
E 60 67 0.021319 0.002544 335.90 3.43
E 60 73 0.019062 0.003026 313.89 1225.90
E 60 77 0.020957 0.002465 335.69 41.62
E 60 78 0.018267 0.003150 298.32 6.18
E 60 79 0.022425 0.003799 408.83 0.00
E 60 85 0.023016 0.003166 394.03 6.49
E 60 86 0.018475 0.002589 327.14 1.18
E 61 62 0.020513 0.003582 312.26 0.14
E 61 64 0.020934 0.004048 332.16 38.56
E 61 67 0.021843 0.004044 346.85 0.47
E 61 77 0.020536 0.003720 328.46 51.51
E 61 79 0.021495 0.003586 339.13 19.16
E 61 85 0.020740 0.003436 368.32 847.22
E 62 64 0.020694 0.003589 348.46 24.87
E 62 79 0.021242 0.003044 332.97 28.81
E 62 83 0.019981 0.002270 291.43 4.88
E 62 85 0.020825 0.003727 353.77 9.26
E 63 65 0.019812 0.003726 312.35 6.72
E 63 69 0.021208 0.000000 276.17 246.07
E 63 72 0.019622 0.003266 317.21 18.53
E 63 73 0.020007 0.003569 314.27 0.00
E 63 74 0.020293 0.003772 318.28 162.71
E 63 75 0.019533 0.003420 316.25 7.19
E 63 76 0.020147 0.003336 350.51 14.17
E 63 80 0.020608 0.006720 331.12 14.35
E 63 82 0.019593 0.003200 313.40 3.01
E 63 87 0.020979 0.004779 326.96 0.81
E 63 88 0.019528 0.003144 310.35 2.12
E 63 89 0.019615 0.003254 300.54 1.83
E 63 90 0.019971 0.003503 335.66 3.53
E 64 67 0.022310 0.004181 343.41 5.69
E 64 77 0.020466 0.003895 328.61 0.47
E 64 79 0.021303 0.003827 332.13 42.20
E 64 83 0.020738 0.003986 325.91 3.82
E 64 85 0.020768 0.003920 314.41 18.98
E 65 66 0.020836 0.004267 345.36 5.86
E 65 73 0.019940 0.003731 316.02 0.21
E 65 74 0.020445 0.004415 343.73 157.85
E 65 75 0.018217 0.003568 290.31 2.69
E 65 76 0.017966 0.003179 287.78 5.54
E 65 80 0.018026 0.003099 286.30 1.39
E 65 87 0.020621 0.004182 317.62 2.81
E 65 90 0.020004 0.003717 307.06 8.04
E 66 71 0.018381 0.001809 343.61 0.19
E 66 76 0.015139 0.003829 230.63 0.58
E 66 78 0.001297 0.000000 104.00 2.71
E 66 80 0.014683 0.003829 229.97 0.49
E 67 77 0.021841 0.003983 353.75 10.79
E 67 79 0.021762 0.003813 355.33 0.38
E 67 85 0.022037 0.004266 342.68 0.11
E 67 86 0.021249 0.004193 352.93 0.74
E 68 72 0.019738 0.003007 309.23 30.02
E 68 81 0.015442 0.001089 256.64 4.06
E 68 84 0.016873 0.003065 267.08 0.66
E 68 87 0.019625 0.001583 324.39 2.45
E 68 88 0.019491 0.004070 306.12 3.69
E 68 89 0.020493 0.003899 348.56 1.83
E 69 72 0.019687 0.004245 292.41 49.76
E 69 81 0.017970 0.004136 269.87 3.53
E 69 82 0.018930 0.002976 325.87 80.94
E 69 84 0.018210 0.004440 292.54 0.79
E 69 87 0.021047 0.003874 324.73 2.40
E 69 88 0.019832 0.004371 327.90 2.40
E 69 89 0.020461 0.004318 322.82 1.21
E 71 78 0.018557 0.003913 304.49 1.04
E 71 83 0.017802 0.002480 313.66 1.94
E 71 86 0.018551 0.003424 304.54 17.17
E 72 73 0.020038 0.003117 315.61 0.75
E 72 74 0.020260 0.003903 319.54 128.97
E 72 81 0.019762 0.002887 299.79 6.13
E 72 82 0.021320 0.002487 449.88 1.46
E 72 84 0.019737 0.003146 293.59 19.79
E 72 87 0.020925 0.004943 328.58 0.14
E 72 88 0.019787 0.004059 314.39 9.10
E 72 89 0.020292 0.003903 317.53 0.99
E 72 90 0.019731 0.003178 317.12 0.00
E 73 74 0.020183 0.003716 322.60 25.63
E 73 75 0.019928 0.003230 340.86 2.44
E 73 82 0.020039 0.003259 321.88 27.02
E 73 87 0.020968 0.004787 338.73 0.00
E 73 88 0.020032 0.004647 345.64 0.00
E 73 89 0.020322 0.004054 312.58 0.00
E 73 90 0.020035 0.003722 329.38 0.00
E 74 75 0.020100 0.004291 311.09 4.90
E 74 82 0.020260 0.003930 317.76 81.22
E 74 87 0.020967 0.004787 330.19 1.79
E 74 88 0.020312 0.004353 339.06 3.58
E 74 89 0.020504 0.004119 328.16 1.70
E 74 90 0.020259 0.003822 346.98 1.01
E 75 76 0.018108 0.003343 289.71 0.04
E 75 80 0.018022 0.003235 295.21 0.24
E 75 82 0.018124 0.003370 300.83 18.62
E 75 87 0.020519 0.004037 328.59 5.67
E 75 90 0.019748 0.003418 310.34 2.55
E 76 80 0.015503 0.002413 242.37 0.21
E 77 79 0.021493 0.003476 357.10 143.13
E 77 83 0.019452 0.002749 309.79 50.76
E 77 85 0.020717 0.003259 329.69 0.46
E 78 86 0.018682 0.003629 292.15 141.66
E 79 83 0.021162 0.003197 322.58 0.38
E 79 85 0.021281 0.003338 327.80 11.15
E 81 84 0.016859 0.003037 276.49 1.90
E 81 87 0.018747 0.000170 410.89 0.15
E 81 88 0.019019 0.001449 433.35 0.23
E 81 89 0.021242 0.003731 380.52 0.23
E 82 87 0.020877 0.004445 332.39 1.69
E 82 88 0.019680 0.003668 282.83 0.45
E 82 89 0.020670 0.004002 313.01 0.54
E 82 90 0.019866 0.003497 319.55 0.24
E 83 85 0.020447 0.003087 346.23 115.00
E 83 86 0.018156 0.002043 306.66 0.38
E 84 87 0.019625 0.001583 305.41 0.23
E 84 88 0.019673 0.004415 318.58 0.14
E 84 89 0.020492 0.003899 322.48 0.12
E 85 86 0.020191 0.000339 306.72 13.62
E 87 88 0.020978 0.004781 322.33 135.77
E 87 89 0.020977 0.004781 346.74 13.76
E 87 90 0.020979 0.004779 335.11 136.28
E 88 89 0.020432 0.003901 320.60 1.23
E 89 90 0.019847 0.003348 301.78 46.24
END

SECTION Terminals
Root 57
Terminals 23
T 55
T 39
T 69
T 76
T 68
T 3
T 27
T 77
T 61
T 64
T 78
T 17
T 20
T 29
T 90
T 21
T 67
T 79
T 56
T 50
T 18
T 33
T 72
END

EOF