SECTION Comment
CREATOR "Carlos Araujo"
REMARK "Instance for QoS Multicast Routing Problem"
QoS METRICS "delay, jitter, bandwidth and estimate of link duration"
END

SECTION Graph
Nodes 30
Edges 212

E 1 3 0.025186 0.004070 396.21 0.00
E 1 4 0.027674 0.003974 391.91 13.55
E 1 7 0.025323 0.003659 432.53 2.76
E 1 9 0.029485 0.003016 420.57 79.98
E 1 11 0.029054 0.004994 432.34 55.52
E 1 13 0.032071 0.004431 450.00 1.08
E 1 17 0.033305 0.002883 477.93 2.64
E 1 19 0.025292 0.003590 368.13 0.93
E 1 20 0.025689 0.003279 403.17 3.97
E 1 21 0.025689 0.003078 388.58 65.01
E 1 23 0.031554 0.002450 446.28 3.90
E 1 25 0.025689 0.003078 387.06 1.93
E 2 5 0.025939 0.002689 381.04 71.27
E 2 6 0.034377 0.005507 523.51 2.43
E 2 8 0.025651 0.002714 388.90 69.26
E 2 10 0.026987 0.002940 416.75 23.19
E 2 11 0.032854 0.006633 531.84 2.12
E 2 12 0.030141 0.005281 459.05 0.71
E 2 14 0.022882 0.001633 355.14 0.79
E 2 15 0.024717 0.006228 367.97 0.54
E 2 16 0.020105 0.001102 326.88 1.68
E 2 23 0.029818 0.002940 415.54 246.67
E 2 27 0.024718 0.002112 368.57 0.50
E 2 29 0.031053 0.002348 416.15 1.40
E 2 30 0.022294 0.002578 337.66 13.06
E 3 7 0.026572 0.004070 423.17 0.00
E 3 11 0.026238 0.003138 417.13 5.65
E 3 17 0.002993 0.000000 316.00 7.59
E 3 19 0.022089 0.003138 349.13 321.98
E 3 20 0.021375 0.003969 350.17 0.01
E 3 21 0.021968 0.003053 383.24 47.49
E 3 25 0.023878 0.003138 475.20 1.60
E 4 5 0.030111 0.002883 443.32 1.67
E 4 6 0.033757 0.004127 460.55 0.85
E 4 8 0.030515 0.004900 438.25 2.76
E 4 9 0.029923 0.003723 429.91 106.97
E 4 10 0.028011 0.001466 435.42 1.56
E 4 11 0.028964 0.005382 449.67 133.03
E 4 12 0.004369 0.000000 488.00 3.29
E 4 13 0.032359 0.004419 498.32 1.04
E 4 17 0.029500 0.001796 422.84 2.60
E 4 18 0.028582 0.001754 434.98 0.21
E 4 21 0.027005 0.002282 462.18 69.37
E 4 22 0.028342 0.001493 393.13 0.70
E 4 23 0.030309 0.002123 450.68 1.16
E 4 24 0.028156 0.001665 429.69 5.05
E 4 26 0.028581 0.002152 427.18 25.80
E 4 29 0.031032 0.002433 424.42 1.18
E 4 30 0.028471 0.001097 415.67 12.12
E 5 6 0.033576 0.003869 476.45 0.57
E 5 8 0.027438 0.003281 413.84 7.12
E 5 10 0.027830 0.002523 391.42 3.03
E 5 12 0.029753 0.004948 407.06 2.22
E 5 13 0.039041 0.008480 506.03 0.64
E 5 14 0.026505 0.002586 432.96 1.21
E 5 17 0.029287 0.002336 429.98 5.28
E 5 18 0.030501 0.003053 379.20 1.72
E 5 22 0.030501 0.003053 453.58 2.49
E 5 23 0.030908 0.002652 422.45 1.83
E 5 26 0.029009 0.002764 521.30 3.49
E 5 29 0.031175 0.002723 448.43 0.93
E 5 30 0.025902 0.002490 388.48 2.06
E 6 7 0.036528 0.004777 426.65 1.27
E 6 8 0.033576 0.003869 472.68 2.13
E 6 9 0.034096 0.005265 496.16 1.29
E 6 10 0.033601 0.003752 472.64 2.14
E 6 11 0.034222 0.005718 465.68 2.67
E 6 12 0.033852 0.005585 501.44 56.17
E 6 13 0.033689 0.004579 499.00 5.07
E 6 14 0.032437 0.000754 431.87 2.44
E 6 17 0.033712 0.003994 499.27 1.86
E 6 18 0.032864 0.004117 462.44 1.04
E 6 19 0.034436 0.005905 486.75 1.01
E 6 20 0.034531 0.005027 472.63 91.65
E 6 21 0.034456 0.004854 475.03 28.06
E 6 22 0.032864 0.004117 413.53 5.43
E 6 23 0.033823 0.003641 462.57 3.38
E 6 26 0.033757 0.004127 445.47 1.42
E 6 29 0.033824 0.003641 467.26 5.50
E 6 30 0.032449 0.000679 431.44 0.88
E 7 9 0.032129 0.003901 431.35 57.70
E 7 11 0.028921 0.004826 403.66 22.94
E 7 13 0.035081 0.005783 480.05 1.32
E 7 17 0.033305 0.002883 450.29 3.28
E 7 19 0.021620 0.004391 358.83 6.68
E 7 20 0.021154 0.003197 331.49 239.50
E 7 21 0.022179 0.002872 355.06 10.78
E 7 25 0.021321 0.002779 346.15 0.20
E 8 10 0.027832 0.003562 425.53 0.82
E 8 11 0.028502 0.000509 461.52 6.94
E 8 12 0.029754 0.004948 464.13 5.86
E 8 13 0.038817 0.008193 496.71 0.35
E 8 14 0.027436 0.003407 383.61 0.69
E 8 17 0.029312 0.003629 424.25 3.59
E 8 18 0.030717 0.005088 435.93 11.17
E 8 22 0.030717 0.005088 485.36 84.17
E 8 23 0.030907 0.003629 421.60 0.07
E 8 26 0.027724 0.003715 421.09 0.12
E 8 29 0.031174 0.003629 450.47 0.41
E 8 30 0.027659 0.003629 417.47 0.43
E 9 10 0.028174 0.002166 408.91 286.30
E 9 11 0.030026 0.006373 453.14 0.30
E 9 13 0.031844 0.005389 474.12 7.17
E 9 17 0.029469 0.002194 419.25 1.22
E 9 18 0.029939 0.003816 436.90 102.58
E 9 20 0.027129 0.007395 437.40 1.62
E 9 21 0.028509 0.001470 422.77 59.64
E 9 22 0.029939 0.003816 451.81 24.70
E 9 23 0.029912 0.002219 443.89 12.33
E 9 24 0.029215 0.002995 435.18 0.00
E 9 26 0.029939 0.003816 424.14 19.12
E 10 11 0.029982 0.006015 425.20 3.50
E 10 12 0.030183 0.005585 433.64 6.66
E 10 13 0.032245 0.004613 492.03 0.37
E 10 14 0.027842 0.001316 419.61 0.66
E 10 17 0.029284 0.001581 425.60 3.44
E 10 18 0.027856 0.001179 419.13 1.52
E 10 22 0.027856 0.001136 402.12 3.58
E 10 23 0.030906 0.002652 414.88 0.08
E 10 26 0.027854 0.002124 417.65 0.35
E 10 29 0.031070 0.002674 462.21 0.82
E 10 30 0.027866 0.001233 435.06 0.42
E 11 12 0.030150 0.006506 423.49 5.14
E 11 13 0.032081 0.005148 447.48 53.20
E 11 17 0.029145 0.005427 434.80 1.14
E 11 19 0.028739 0.004200 453.28 0.37
E 11 20 0.029046 0.004567 441.80 0.82
E 11 21 0.029343 0.004686 446.61 0.08
E 11 23 0.030107 0.005304 427.73 3.09
E 11 25 0.029011 0.004579 410.23 0.51
E 11 26 0.030219 0.006318 471.35 1.94
E 11 29 0.030922 0.005304 452.53 0.09
E 12 13 0.038233 0.006852 468.12 6.65
E 12 14 0.030397 0.005236 441.11 2.18
E 12 15 0.030561 0.006167 423.45 1.92
E 12 16 0.029689 0.002374 376.64 0.59
E 12 17 0.030183 0.005586 413.65 0.68
E 12 18 0.004369 0.000000 488.00 44.51
E 12 19 0.046309 0.001187 764.17 7.12
E 12 22 0.004369 0.000000 488.00 811.10
E 12 23 0.030872 0.005585 473.85 6.27
E 12 25 0.035229 0.006332 561.24 1.32
E 12 26 0.004369 0.000000 488.00 4.98
E 12 27 0.030476 0.005405 450.13 3.84
E 12 29 0.031049 0.005078 437.42 0.47
E 12 30 0.046308 0.000226 421.20 1.97
E 13 14 0.038619 0.005936 430.82 0.06
E 13 17 0.032515 0.004713 455.66 0.21
E 13 18 0.032361 0.004419 466.00 0.41
E 13 19 0.039638 0.005992 643.43 3.28
E 13 20 0.030984 0.004167 477.09 2.44
E 13 21 0.031289 0.004223 444.93 6.03
E 13 22 0.032240 0.004310 489.50 1.26
E 13 23 0.032407 0.004621 482.82 0.40
E 13 25 0.032171 0.004574 493.29 1.64
E 13 26 0.032359 0.004419 447.35 0.27
E 13 29 0.032361 0.004710 470.31 7.39
E 13 30 0.039864 0.004834 493.54 5.64
E 14 15 0.027142 0.004975 359.79 0.10
E 14 17 0.029000 0.001803 417.86 0.11
E 14 23 0.031496 0.001432 506.83 0.71
E 14 27 0.003810 0.000128 360.00 1.91
E 14 29 0.032145 0.001060 507.13 15.61
E 14 30 0.018904 0.000485 324.34 29.86
E 15 16 0.021660 0.005912 360.38 0.86
E 15 23 0.030028 0.000170 360.82 4.27
E 15 27 0.021657 0.005912 333.54 2.14
E 15 29 0.032740 0.004975 548.87 6.40
E 16 19 0.022023 0.002488 365.25 2.20
E 16 25 0.023099 0.001357 372.05 5.36
E 16 27 0.017133 0.000900 261.17 0.37
E 17 18 0.029474 0.001787 432.06 0.73
E 17 19 0.031836 0.002578 363.70 1.37
E 17 21 0.035455 0.000170 478.82 1.68
E 17 22 0.029474 0.001786 422.64 1.58
E 17 23 0.030762 0.002508 462.91 3.76
E 17 24 0.032909 0.002204 414.63 0.26
E 17 25 0.032741 0.001832 422.22 10.57
E 17 26 0.029588 0.002124 427.66 1.32
E 17 29 0.030948 0.002467 461.71 1.58
E 17 30 0.029089 0.001883 428.45 5.44
E 18 22 0.026254 0.001004 379.21 0.08
E 18 23 0.030309 0.002194 435.27 5.11
E 18 24 0.026090 0.001152 379.70 64.03
E 18 26 0.027734 0.001834 433.14 5.36
E 18 29 0.031033 0.002433 414.66 469.24
E 18 30 0.026098 0.001152 384.13 683.96
E 19 20 0.021025 0.003590 347.34 0.31
E 19 21 0.022221 0.003590 345.61 1.14
E 19 23 0.030027 0.002171 411.13 2.57
E 19 25 0.021348 0.003340 337.71 5.50
E 19 29 0.033080 0.002171 380.11 2.09
E 20 21 0.022231 0.002887 364.44 10.52
E 20 25 0.021329 0.002953 360.95 4.58
E 21 23 0.030131 0.002114 463.36 6.67
E 21 25 0.022257 0.000446 366.63 0.31
E 21 29 0.030677 0.002601 414.84 0.07
E 22 23 0.030155 0.002105 421.76 20.81
E 22 24 0.026149 0.000921 385.16 10.19
E 22 26 0.027734 0.001834 431.98 11.84
E 22 29 0.031007 0.002613 441.18 3.11
E 22 30 0.026011 0.000908 394.93 1.94
E 23 25 0.030125 0.002059 439.47 0.40
E 23 26 0.030307 0.002193 444.98 0.09
E 23 29 0.031125 0.002383 427.55 0.55
E 23 30 0.031610 0.001583 404.36 0.44
E 24 26 0.027558 0.001954 379.46 1.76
E 25 29 0.030945 0.002487 430.58 0.14
E 26 29 0.031031 0.002433 459.71 0.43
E 26 30 0.027535 0.002124 411.21 0.30
E 27 29 0.033928 0.003935 466.44 0.02
E 29 30 0.033929 0.002205 421.52 0.02
END

SECTION Terminals
Root 8
Terminals 10
T 30
T 1
T 27
T 9
T 17
T 24
T 21
T 13
T 29
T 18
END

EOF