SECTION Comment
CREATOR "Carlos Araujo"
REMARK "Instance for QoS Multicast Routing Problem"
QoS METRICS "delay, jitter, bandwidth and estimate of link duration"
END

SECTION Graph
Nodes 100
Edges 2349

E 1 2 0.026999 0.005186 377.61 0.04
E 1 4 0.028282 0.005330 429.17 0.18
E 1 5 0.028178 0.004930 445.60 0.03
E 1 6 0.027750 0.005322 424.79 2.96
E 1 7 0.026047 0.005691 399.35 0.00
E 1 8 0.028400 0.005964 430.83 3.65
E 1 9 0.028695 0.006424 414.44 0.03
E 1 10 0.027914 0.005622 418.55 75.18
E 1 13 0.029009 0.005604 394.70 3.64
E 1 17 0.026149 0.006644 399.07 0.00
E 1 18 0.027686 0.005074 427.86 2.96
E 1 19 0.027710 0.005015 423.99 3.01
E 1 20 0.026765 0.005110 401.94 0.00
E 1 22 0.027033 0.005325 406.51 4.07
E 1 23 0.027957 0.005329 412.46 78.44
E 1 24 0.026428 0.005552 424.18 3.36
E 1 26 0.026896 0.004314 379.78 3.01
E 1 29 0.028046 0.004859 417.14 0.04
E 1 30 0.027354 0.005543 407.10 7.66
E 1 33 0.028077 0.004777 425.25 13.36
E 1 34 0.026692 0.005287 373.00 8.08
E 1 35 0.028947 0.006422 414.36 77.12
E 1 37 0.026782 0.005066 382.63 2.45
E 1 39 0.026673 0.005231 427.37 3.00
E 1 40 0.002641 0.000000 272.00 11.82
E 1 41 0.026582 0.005519 419.42 17.20
E 1 42 0.027118 0.004516 445.06 8.78
E 1 44 0.026830 0.004837 423.81 0.02
E 1 45 0.027903 0.004944 431.49 0.29
E 1 46 0.027010 0.004523 400.53 3.02
E 1 47 0.025769 0.004552 395.45 0.65
E 1 48 0.026946 0.005101 394.50 3.00
E 1 49 0.028727 0.004636 397.63 7.71
E 1 50 0.026418 0.005345 383.09 2.94
E 1 51 0.027509 0.005636 408.41 23.23
E 1 52 0.027249 0.005198 393.73 3.24
E 1 54 0.027129 0.005495 404.93 3.38
E 1 57 0.027234 0.005414 409.73 140.12
E 1 58 0.026998 0.004700 438.87 3.66
E 1 59 0.026432 0.005270 390.90 8.25
E 1 60 0.026706 0.005235 393.62 1.64
E 1 61 0.027010 0.005545 400.80 4.51
E 1 62 0.027559 0.005150 396.77 0.40
E 1 64 0.026097 0.004627 378.70 3.62
E 1 65 0.027158 0.006308 427.61 2.97
E 1 66 0.028032 0.005253 410.63 3.26
E 1 67 0.026567 0.002883 429.24 0.00
E 1 68 0.027012 0.005216 399.27 1.28
E 1 69 0.001937 0.000000 184.00 0.03
E 1 73 0.028234 0.005606 422.69 451.51
E 1 74 0.027882 0.006728 429.89 2.50
E 1 75 0.027008 0.005293 405.68 0.83
E 1 76 0.026511 0.004795 387.59 0.06
E 1 77 0.026871 0.005101 383.66 2.97
E 1 79 0.034861 0.004240 510.32 1.73
E 1 80 0.026622 0.005574 436.34 0.76
E 1 82 0.028151 0.005663 416.52 3.01
E 1 85 0.026107 0.005676 367.69 0.15
E 1 88 0.025843 0.004523 389.75 0.55
E 1 90 0.027289 0.004812 392.09 2.73
E 1 92 0.026968 0.005158 414.30 3.01
E 1 94 0.028581 0.005398 424.20 4.09
E 1 95 0.027568 0.005727 440.91 3.58
E 1 97 0.026968 0.005158 400.74 0.97
E 1 98 0.025816 0.005964 394.72 9.96
E 1 100 0.027012 0.005216 391.33 3.05
E 2 4 0.028306 0.005178 414.45 0.11
E 2 6 0.024350 0.003196 365.26 3.54
E 2 7 0.025442 0.002864 372.81 47.05
E 2 8 0.033080 0.005257 634.12 2.54
E 2 9 0.026901 0.005984 397.97 1116.67
E 2 10 0.031015 0.006268 499.68 229.33
E 2 13 0.033080 0.005257 403.29 2.53
E 2 18 0.026017 0.005698 401.63 3.52
E 2 19 0.024183 0.002839 369.05 3.80
E 2 20 0.024431 0.003189 371.39 0.00
E 2 22 0.025384 0.003535 376.58 5.59
E 2 23 0.024429 0.003196 361.94 0.00
E 2 26 0.027744 0.005473 413.24 35.98
E 2 29 0.030097 0.003858 425.95 177.75
E 2 30 0.023414 0.002588 368.59 1.89
E 2 32 0.031113 0.007462 517.56 0.32
E 2 33 0.030592 0.001131 376.21 15.21
E 2 34 0.027997 0.005407 438.50 8.55
E 2 35 0.026536 0.004923 372.65 99.89
E 2 37 0.030152 0.005057 414.04 0.85
E 2 38 0.009522 0.001952 1016.00 0.01
E 2 39 0.024350 0.003107 399.07 2.78
E 2 40 0.042576 0.005257 625.95 0.30
E 2 41 0.024509 0.003342 361.32 3.91
E 2 42 0.024425 0.003251 370.56 4.83
E 2 44 0.028670 0.004070 650.27 0.04
E 2 45 0.027142 0.004313 449.59 0.07
E 2 46 0.024451 0.003227 376.72 2.82
E 2 47 0.028096 0.004713 444.26 0.63
E 2 48 0.025838 0.003774 398.71 2.87
E 2 49 0.028670 0.010007 374.91 7.71
E 2 50 0.030675 0.005396 436.37 1.68
E 2 51 0.026926 0.005800 421.84 0.06
E 2 52 0.026887 0.004410 399.42 2.89
E 2 54 0.023812 0.002856 367.20 3.22
E 2 57 0.025131 0.004148 387.21 10.82
E 2 58 0.033645 0.006897 435.50 2.54
E 2 59 0.026154 0.005132 421.06 3.98
E 2 60 0.026495 0.005069 383.85 0.15
E 2 61 0.026272 0.004818 386.21 0.53
E 2 62 0.029120 0.005710 415.37 0.10
E 2 64 0.012483 0.001984 1328.00 2.53
E 2 65 0.026324 0.006792 414.77 3.54
E 2 66 0.028290 0.005829 406.25 2.86
E 2 68 0.024434 0.003190 365.73 0.48
E 2 69 0.028670 0.000255 497.26 0.02
E 2 73 0.028085 0.005516 414.58 7.01
E 2 74 0.004930 0.000800 500.00 3.56
E 2 75 0.028784 0.003844 391.67 1.15
E 2 76 0.033079 0.005257 388.98 0.00
E 2 77 0.024379 0.003226 386.18 3.56
E 2 80 0.025455 0.004982 388.92 0.97
E 2 82 0.024145 0.002701 359.58 2.75
E 2 88 0.033079 0.005257 473.81 2.08
E 2 90 0.024262 0.002848 376.79 2.55
E 2 91 0.033079 0.005257 521.22 2.42
E 2 92 0.024830 0.003252 388.74 2.86
E 2 94 0.028439 0.004834 417.79 3.12
E 2 97 0.024494 0.003252 378.10 0.77
E 2 98 0.042237 0.005257 495.45 1.85
E 2 100 0.025221 0.004318 382.00 2.79
E 3 4 0.016057 0.001592 264.39 14.85
E 3 5 0.020577 0.005054 339.53 1.66
E 3 11 0.017438 0.003373 295.04 99.30
E 3 15 0.022656 0.005991 347.17 778.36
E 3 16 0.018857 0.001927 307.98 3.41
E 3 22 0.023007 0.006338 349.73 0.00
E 3 25 0.020637 0.003961 345.48 222.37
E 3 26 0.020989 0.002670 327.55 2.13
E 3 27 0.021853 0.005928 360.93 2.69
E 3 28 0.020749 0.003939 325.55 72.82
E 3 30 0.023110 0.007541 364.91 110.67
E 3 31 0.017767 0.003980 290.74 362.66
E 3 33 0.020264 0.000791 300.33 0.00
E 3 43 0.021786 0.005766 335.33 3.54
E 3 45 0.021252 0.005103 343.82 2.08
E 3 49 0.022169 0.004523 373.83 0.01
E 3 54 0.023385 0.006178 398.75 0.05
E 3 55 0.021653 0.006075 367.95 0.39
E 3 56 0.021706 0.005766 321.60 3.39
E 3 62 0.016120 0.001778 250.61 0.77
E 3 63 0.021575 0.005589 319.57 2.12
E 3 67 0.024006 0.007547 411.34 0.55
E 3 71 0.018940 0.003308 310.16 2.48
E 3 72 0.021575 0.005590 313.87 4.85
E 3 74 0.022132 0.005987 348.70 0.01
E 3 79 0.023110 0.007541 345.73 176.47
E 3 81 0.021653 0.006075 349.33 4.12
E 3 83 0.019785 0.003049 314.37 4.61
E 3 87 0.021532 0.004219 331.61 14.63
E 3 89 0.015281 0.002977 251.23 1.42
E 3 93 0.021264 0.005173 339.56 9.24
E 3 95 0.024478 0.004749 371.79 0.02
E 3 96 0.021853 0.005928 365.06 1.74
E 4 6 0.027689 0.003486 395.19 11.20
E 4 7 0.028763 0.004278 491.84 73.75
E 4 8 0.028838 0.004240 420.07 10.64
E 4 9 0.031141 0.007172 432.75 0.16
E 4 10 0.031059 0.006030 446.42 49.55
E 4 11 0.018335 0.004530 291.89 0.02
E 4 13 0.028837 0.004749 406.65 10.58
E 4 18 0.027689 0.008329 444.85 11.14
E 4 19 0.027690 0.003486 446.47 11.30
E 4 20 0.027689 0.003486 404.65 22.48
E 4 22 0.027733 0.008183 432.68 15.27
E 4 23 0.027689 0.007259 418.34 9.32
E 4 26 0.022417 0.003256 361.28 0.85
E 4 29 0.025110 0.003291 399.94 0.09
E 4 31 0.019044 0.004441 327.50 3.00
E 4 33 0.024693 0.003583 371.45 1.43
E 4 34 0.028152 0.004231 446.65 96.19
E 4 35 0.024955 0.005966 385.65 384.94
E 4 37 0.029629 0.003501 424.85 1.41
E 4 39 0.027690 0.003486 416.82 11.31
E 4 40 0.032205 0.004701 474.01 1.10
E 4 42 0.028054 0.003243 409.54 4.32
E 4 43 0.022092 0.002998 336.22 0.01
E 4 44 0.027341 0.004330 419.96 0.06
E 4 45 0.028712 0.003344 404.07 0.34
E 4 46 0.028151 0.004231 411.42 11.18
E 4 47 0.030439 0.005271 477.79 0.61
E 4 48 0.028782 0.004862 441.20 11.03
E 4 49 0.022628 0.003405 330.12 86.97
E 4 50 0.029638 0.004206 506.30 2.52
E 4 51 0.027849 0.004919 438.37 2.46
E 4 52 0.030070 0.005427 412.47 9.43
E 4 54 0.024870 0.000882 365.48 8.04
E 4 56 0.021679 0.002600 356.36 0.01
E 4 57 0.030001 0.003625 416.73 31.99
E 4 58 0.028838 0.004240 468.70 10.69
E 4 59 0.002609 0.000000 268.00 98.20
E 4 60 0.029136 0.006158 445.80 1.21
E 4 61 0.032950 0.005003 512.93 4.44
E 4 62 0.018427 0.001686 292.28 0.11
E 4 64 0.028668 0.005088 529.62 10.49
E 4 65 0.027689 0.005812 453.17 11.21
E 4 66 0.031025 0.006417 437.99 9.36
E 4 68 0.027689 0.003486 366.37 0.32
E 4 69 0.027464 0.003189 468.53 0.06
E 4 71 0.021502 0.004221 339.71 0.00
E 4 72 0.024891 0.004070 369.64 0.45
E 4 73 0.031586 0.003418 451.17 28.67
E 4 74 0.024072 0.006478 372.67 1.90
E 4 75 0.028623 0.003837 435.15 2.70
E 4 76 0.028053 0.004853 419.74 52.77
E 4 77 0.027689 0.003486 400.21 11.27
E 4 78 0.020865 0.004477 320.98 13.53
E 4 80 0.027689 0.003486 356.00 2.08
E 4 81 0.021500 0.002770 328.98 0.00
E 4 82 0.027690 0.003486 446.32 11.41
E 4 83 0.020736 0.004178 346.17 0.01
E 4 87 0.021454 0.004294 339.13 1.47
E 4 88 0.029046 0.007191 418.23 1.42
E 4 90 0.028774 0.004462 391.81 9.41
E 4 91 0.028578 0.003377 486.35 4.48
E 4 92 0.028151 0.004231 441.11 11.04
E 4 93 0.022000 0.005594 335.52 0.03
E 4 94 0.032101 0.004500 460.39 16.57
E 4 95 0.023292 0.003369 391.50 17.17
E 4 97 0.028151 0.004231 489.16 0.59
E 4 98 0.032454 0.011815 469.11 2.35
E 4 99 0.006050 0.000832 640.00 0.25
E 4 100 0.028572 0.006736 460.26 11.24
E 5 9 0.027266 0.006128 399.72 0.21
E 5 11 0.021984 0.004221 337.83 12.83
E 5 17 0.025351 0.007584 370.44 0.75
E 5 22 0.024369 0.003959 377.18 3.04
E 5 23 0.004482 0.000032 444.00 4.39
E 5 26 0.022544 0.004015 359.79 0.03
E 5 27 0.021368 0.003792 334.67 0.42
E 5 28 0.021960 0.003374 354.46 8.70
E 5 30 0.022055 0.003095 385.04 12.04
E 5 31 0.020409 0.003783 337.40 0.36
E 5 36 0.024466 0.006550 391.53 3.09
E 5 43 0.021962 0.003901 355.71 0.59
E 5 44 0.023515 0.004918 345.52 0.00
E 5 51 0.027321 0.005606 420.11 7.90
E 5 54 0.022633 0.002412 355.60 0.89
E 5 55 0.021155 0.003675 306.02 0.42
E 5 56 0.021817 0.003797 365.11 0.18
E 5 61 0.004482 0.000032 444.00 8.47
E 5 63 0.021268 0.003997 380.74 29.83
E 5 67 0.023389 0.004346 361.49 0.10
E 5 69 0.020967 0.003040 374.49 0.00
E 5 72 0.021168 0.003892 344.97 0.19
E 5 73 0.028782 0.006422 378.56 25.14
E 5 74 0.023309 0.005708 366.82 0.25
E 5 78 0.022375 0.004138 326.90 1.21
E 5 81 0.021261 0.003855 350.05 0.39
E 5 83 0.021411 0.003755 351.78 0.74
E 5 87 0.022140 0.005241 346.57 10.17
E 5 93 0.022170 0.004138 369.99 0.52
E 5 95 0.022756 0.004045 337.83 0.45
E 5 96 0.021249 0.003537 351.23 0.57
E 6 7 0.026293 0.003913 394.57 2.67
E 6 9 0.028340 0.006463 431.73 2.64
E 6 10 0.030828 0.006391 446.33 1.95
E 6 19 0.021632 0.000753 350.96 164.42
E 6 20 0.024181 0.002819 378.15 2.16
E 6 22 0.026745 0.004147 397.39 0.00
E 6 23 0.021903 0.001999 349.24 1.50
E 6 24 0.022430 0.002374 368.95 0.35
E 6 26 0.026116 0.005330 440.51 1.05
E 6 29 0.030098 0.003553 428.47 3.25
E 6 32 0.008244 0.000352 740.00 2.43
E 6 34 0.024506 0.004500 395.80 0.29
E 6 35 0.026875 0.003916 421.81 0.42
E 6 37 0.028370 0.003763 429.61 1.31
E 6 38 0.003170 0.000000 280.00 2.18
E 6 40 0.004017 0.000000 444.00 99.20
E 6 41 0.029592 0.005156 423.15 0.91
E 6 42 0.021583 0.000714 336.42 0.16
E 6 45 0.027639 0.003836 391.59 1.61
E 6 47 0.027900 0.003301 394.87 2.07
E 6 51 0.028536 0.006722 426.83 2.42
E 6 54 0.022411 0.001005 368.30 0.24
E 6 57 0.024926 0.003923 393.23 179.59
E 6 59 0.027530 0.004030 396.51 0.63
E 6 60 0.025729 0.004484 396.78 2.25
E 6 61 0.026341 0.004820 377.91 2.05
E 6 62 0.025752 0.004681 602.07 0.41
E 6 68 0.022770 0.001226 355.17 0.84
E 6 73 0.029939 0.006325 448.64 1.83
E 6 80 0.024617 0.003991 338.85 0.54
E 6 90 0.021573 0.002427 341.99 0.19
E 6 94 0.029376 0.004572 416.72 0.45
E 6 97 0.023482 0.002091 352.22 0.22
E 7 8 0.028083 0.004888 430.16 1.88
E 7 9 0.027365 0.005481 421.96 0.00
E 7 10 0.027695 0.005353 440.00 0.20
E 7 13 0.028903 0.005107 444.78 1.88
E 7 18 0.027157 0.005126 428.81 2.66
E 7 19 0.026162 0.004529 398.14 3.00
E 7 20 0.025707 0.003599 379.74 402.41
E 7 22 0.025083 0.003366 385.98 3.79
E 7 23 0.026293 0.003973 416.80 1.09
E 7 24 0.026172 0.005255 392.65 0.62
E 7 29 0.030386 0.003456 445.29 0.00
E 7 30 0.024875 0.003627 401.45 0.05
E 7 32 0.027824 0.004390 446.73 0.25
E 7 33 0.015878 0.000608 1520.00 39.24
E 7 34 0.027023 0.005038 390.76 0.55
E 7 35 0.028670 0.004652 404.56 0.33
E 7 37 0.026336 0.004187 395.04 0.61
E 7 38 0.028809 0.004956 436.74 0.72
E 7 39 0.025737 0.003388 380.87 2.66
E 7 40 0.029176 0.005144 437.16 0.97
E 7 41 0.026176 0.004935 411.65 0.52
E 7 42 0.026642 0.004088 401.90 1.34
E 7 44 0.021887 0.004494 451.68 1.65
E 7 45 0.029120 0.003941 458.41 3.78
E 7 46 0.026513 0.003749 404.14 2.62
E 7 47 0.027487 0.003999 420.14 0.91
E 7 48 0.025779 0.003655 395.07 2.62
E 7 50 0.026146 0.004130 388.38 1.75
E 7 51 0.026796 0.005821 399.79 0.05
E 7 52 0.027259 0.004658 408.76 2.52
E 7 54 0.024811 0.003612 356.14 2.04
E 7 57 0.026170 0.003936 415.02 3.05
E 7 58 0.029052 0.004585 438.61 1.88
E 7 59 0.026114 0.004422 394.95 0.79
E 7 60 0.027314 0.005446 403.21 0.57
E 7 61 0.026614 0.004677 412.30 0.20
E 7 62 0.028194 0.001798 487.62 8.72
E 7 64 0.026856 0.003880 426.97 1.88
E 7 65 0.026218 0.006402 394.58 2.66
E 7 66 0.028537 0.006640 415.60 1.95
E 7 68 0.025937 0.003847 378.74 1.27
E 7 73 0.027964 0.005314 421.21 0.02
E 7 75 0.026329 0.003939 409.87 0.22
E 7 76 0.025822 0.003378 393.96 0.07
E 7 77 0.025849 0.003719 402.99 2.67
E 7 80 0.025929 0.003867 400.00 7.46
E 7 82 0.025668 0.003481 387.62 2.67
E 7 85 0.028909 0.004267 450.52 347.21
E 7 88 0.028820 0.007155 413.67 158.05
E 7 90 0.025696 0.003927 374.00 2.68
E 7 91 0.028878 0.003183 448.25 0.85
E 7 92 0.025957 0.003806 382.95 2.61
E 7 94 0.028768 0.005060 434.21 1.54
E 7 97 0.025845 0.003564 379.39 1.59
E 7 98 0.026001 0.006372 384.93 4.05
E 7 100 0.025965 0.005185 395.09 2.61
E 8 9 0.027063 0.006021 417.76 1.98
E 8 10 0.025254 0.004653 372.53 1.15
E 8 12 0.025483 0.003848 399.60 1.24
E 8 14 0.022372 0.004808 346.98 2.16
E 8 17 0.024225 0.005070 365.38 1.58
E 8 20 0.023979 0.003279 378.61 6.03
E 8 21 0.025772 0.003879 391.67 1.71
E 8 24 0.027530 0.007559 425.77 0.04
E 8 29 0.029516 0.003034 414.04 1.81
E 8 32 0.026623 0.004497 408.71 2.60
E 8 33 0.028245 0.005004 502.04 0.00
E 8 37 0.027849 0.004355 402.65 1.25
E 8 38 0.026844 0.004737 399.73 2.30
E 8 40 0.025545 0.004174 378.62 43.87
E 8 41 0.026512 0.005753 417.24 0.38
E 8 42 0.025938 0.002839 376.81 0.18
E 8 44 0.022862 0.004305 331.86 1.07
E 8 45 0.028884 0.003441 419.37 0.94
E 8 47 0.025576 0.003883 415.53 2.07
E 8 49 0.009268 0.003744 868.00 0.00
E 8 50 0.022926 0.004154 344.15 0.14
E 8 51 0.027997 0.006784 430.58 30.40
E 8 53 0.025939 0.004435 376.00 1.70
E 8 57 0.028790 0.003322 462.97 64.44
E 8 59 0.026287 0.003765 383.95 0.19
E 8 60 0.030048 0.006460 437.97 3.17
E 8 61 0.030248 0.006552 413.43 1.53
E 8 62 0.025649 0.002471 417.04 0.41
E 8 69 0.021017 0.002509 309.92 1.39
E 8 70 0.018050 0.001994 299.85 22.34
E 8 73 0.029984 0.006032 412.01 1.90
E 8 75 0.025852 0.005213 399.47 5.74
E 8 76 0.024669 0.004679 378.94 2.69
E 8 84 0.021698 0.002796 345.98 35.49
E 8 85 0.025520 0.003863 397.70 3.44
E 8 86 0.024846 0.003053 377.65 1.42
E 8 88 0.025665 0.006428 370.30 13.44
E 8 91 0.022486 0.003663 348.80 0.27
E 8 94 0.028991 0.004954 432.06 0.36
E 8 97 0.023545 0.002676 458.42 0.04
E 8 98 0.022765 0.003602 382.81 2.06
E 8 99 0.021169 0.005895 343.55 0.75
E 9 10 0.027456 0.005454 426.43 285.78
E 9 12 0.025166 0.004070 486.56 8.17
E 9 13 0.025905 0.005858 381.57 2.00
E 9 14 0.029688 0.007937 417.23 0.06
E 9 17 0.027774 0.004936 406.01 0.45
E 9 18 0.021377 0.004965 360.83 2.63
E 9 19 0.028605 0.005569 433.11 2.85
E 9 20 0.028052 0.006184 419.01 0.00
E 9 21 0.025166 0.000565 395.70 0.92
E 9 22 0.027742 0.005688 433.40 3.80
E 9 23 0.028983 0.005726 453.51 81.18
E 9 24 0.028714 0.007939 420.38 2.02
E 9 25 0.019594 0.003074 325.57 20.34
E 9 26 0.020561 0.004409 338.68 0.81
E 9 27 0.019596 0.003074 299.77 0.13
E 9 28 0.020371 0.003969 329.77 0.76
E 9 29 0.022666 0.003521 357.39 0.53
E 9 30 0.028134 0.006007 387.23 4.70
E 9 32 0.026705 0.005588 388.72 20.43
E 9 33 0.020914 0.003521 340.12 25.89
E 9 34 0.028126 0.005427 418.85 3.76
E 9 35 0.019595 0.003074 310.45 21.75
E 9 36 0.025574 0.006801 381.61 26.36
E 9 37 0.027400 0.004880 412.13 1.56
E 9 38 0.026595 0.005871 385.05 2.21
E 9 39 0.028127 0.004839 396.56 2.65
E 9 40 0.027057 0.005977 411.30 1.25
E 9 41 0.026940 0.005968 390.51 9.86
E 9 42 0.028540 0.006732 435.70 3.84
E 9 43 0.019411 0.004376 305.74 182.33
E 9 44 0.026837 0.006072 428.81 0.04
E 9 45 0.023895 0.004986 393.80 0.48
E 9 46 0.028651 0.006285 439.46 2.61
E 9 47 0.027016 0.005833 424.85 0.35
E 9 48 0.027800 0.005743 416.68 2.59
E 9 49 0.019537 0.003440 351.71 12.08
E 9 50 0.026286 0.006410 405.90 1.12
E 9 51 0.030233 0.008337 472.04 15.38
E 9 52 0.026132 0.004838 384.09 2.36
E 9 53 0.024537 0.004912 355.08 1.38
E 9 54 0.027866 0.006683 429.33 3.54
E 9 57 0.025890 0.005038 404.83 122.23
E 9 58 0.025708 0.005145 403.62 1.98
E 9 59 0.027123 0.006196 385.06 1.44
E 9 60 0.029376 0.006055 409.58 4.05
E 9 61 0.028822 0.006111 403.82 25.73
E 9 62 0.027923 0.004410 399.24 0.71
E 9 64 0.026951 0.005670 395.44 2.02
E 9 65 0.028254 0.007833 432.21 2.64
E 9 66 0.029792 0.006309 429.46 2.35
E 9 68 0.028157 0.006166 456.37 1.22
E 9 73 0.029845 0.006144 452.41 0.51
E 9 74 0.020370 0.003969 395.15 2.06
E 9 75 0.025277 0.005057 368.02 0.42
E 9 76 0.027305 0.005779 405.69 207.34
E 9 77 0.028143 0.006329 441.17 2.65
E 9 78 0.019557 0.005385 282.82 3.31
E 9 80 0.028049 0.005278 421.65 0.46
E 9 81 0.019537 0.003440 301.58 1186.96
E 9 83 0.019596 0.003074 298.78 1.07
E 9 84 0.001777 0.000000 164.00 0.34
E 9 85 0.026871 0.005691 399.99 0.06
E 9 86 0.024631 0.006897 391.03 5.12
E 9 87 0.020952 0.003519 325.01 4.98
E 9 88 0.026863 0.006312 399.26 0.42
E 9 91 0.024573 0.004113 455.44 6.48
E 9 92 0.027974 0.006046 408.05 2.59
E 9 93 0.019880 0.005859 358.49 6.23
E 9 94 0.029941 0.005456 430.08 1.69
E 9 95 0.022886 0.008262 330.76 1.76
E 9 96 0.019411 0.005291 299.50 0.59
E 9 97 0.028057 0.005932 438.11 0.86
E 9 98 0.027272 0.005171 415.90 2.91
E 9 99 0.002929 0.000000 308.00 0.54
E 9 100 0.028472 0.006745 422.76 2.60
E 10 12 0.025598 0.004722 381.73 0.31
E 10 13 0.027694 0.005229 408.01 1.16
E 10 14 0.025665 0.005472 395.14 2.62
E 10 17 0.025517 0.005231 389.86 26.26
E 10 18 0.031142 0.006429 472.37 1.94
E 10 19 0.004514 0.000000 448.00 2.10
E 10 20 0.029598 0.005970 401.89 0.00
E 10 21 0.027797 0.004973 423.91 1.13
E 10 22 0.027150 0.005766 415.24 2.98
E 10 23 0.031497 0.003957 529.42 0.02
E 10 24 0.027361 0.006487 409.58 0.64
E 10 26 0.031307 0.005955 480.88 0.80
E 10 29 0.030870 0.005795 457.13 86.37
E 10 30 0.024262 0.002756 416.91 0.88
E 10 32 0.022302 0.003115 330.65 3.03
E 10 33 0.031932 0.006953 476.38 198.71
E 10 34 0.031435 0.006648 457.26 0.50
E 10 35 0.031802 0.006079 428.71 0.14
E 10 37 0.027576 0.005088 410.82 1.12
E 10 38 0.024717 0.006003 422.80 0.41
E 10 39 0.033335 0.005682 411.69 1.98
E 10 40 0.025524 0.004171 370.75 2.47
E 10 41 0.028321 0.006051 417.62 13.82
E 10 42 0.030915 0.005809 438.03 1.25
E 10 44 0.025887 0.005150 386.84 54.17
E 10 45 0.030225 0.005789 427.01 23.71
E 10 46 0.031435 0.006648 467.82 1.95
E 10 47 0.027155 0.005061 416.54 37.98
E 10 48 0.028030 0.005727 459.23 1.92
E 10 49 0.031495 0.005385 347.12 202.25
E 10 50 0.026050 0.004949 399.32 1.31
E 10 51 0.027106 0.005881 410.94 0.04
E 10 52 0.029006 0.005660 439.06 1.57
E 10 53 0.030825 0.006106 459.98 6.12
E 10 54 0.028162 0.004862 418.71 2.04
E 10 57 0.030326 0.005529 464.92 3.97
E 10 58 0.025706 0.004579 395.95 1.14
E 10 59 0.027137 0.005524 431.51 0.47
E 10 60 0.030217 0.006236 463.77 3.94
E 10 61 0.030174 0.005597 423.45 2.00
E 10 62 0.031096 0.005371 463.19 9.65
E 10 64 0.025553 0.004700 383.54 1.18
E 10 65 0.030828 0.007694 440.55 1.96
E 10 66 0.029774 0.005528 424.72 1.55
E 10 68 0.030680 0.006145 464.49 4.11
E 10 69 0.025125 0.004805 390.09 97.37
E 10 70 0.025122 0.005088 376.29 0.47
E 10 73 0.030082 0.006143 463.16 0.37
E 10 75 0.026471 0.005366 406.78 0.22
E 10 76 0.025866 0.004879 394.08 0.03
E 10 77 0.031497 0.003957 480.07 1.97
E 10 80 0.030953 0.006136 445.49 4.88
E 10 82 0.033250 0.002205 460.95 2.00
E 10 84 0.023765 0.004728 352.47 74.72
E 10 85 0.024868 0.004375 376.07 163.38
E 10 86 0.031579 0.005233 402.07 3.52
E 10 88 0.027485 0.007603 401.89 1.34
E 10 90 0.033250 0.002205 455.63 2.06
E 10 91 0.025638 0.005076 402.39 0.85
E 10 92 0.028891 0.006004 413.96 1.92
E 10 94 0.028934 0.005063 426.26 0.71
E 10 97 0.028891 0.006004 437.79 3.22
E 10 98 0.025682 0.004918 373.89 0.96
E 10 99 0.023828 0.005677 356.62 122.75
E 10 100 0.030680 0.006145 457.57 1.97
E 11 16 0.018989 0.004497 318.56 7.96
E 11 22 0.022492 0.005749 337.36 157.01
E 11 25 0.020638 0.003961 331.47 7.80
E 11 26 0.020770 0.005807 326.29 0.65
E 11 27 0.019558 0.002714 302.07 0.17
E 11 28 0.020662 0.002876 311.74 0.38
E 11 30 0.021645 0.004051 364.63 199.43
E 11 31 0.017773 0.004070 281.34 102.22
E 11 33 0.020486 0.004353 392.94 0.03
E 11 43 0.021727 0.004379 351.54 0.38
E 11 45 0.021043 0.004931 318.59 0.01
E 11 54 0.023894 0.002922 395.75 70.32
E 11 55 0.019521 0.002523 350.45 6.64
E 11 56 0.021606 0.003477 374.39 0.51
E 11 63 0.020301 0.002902 359.51 487.02
E 11 67 0.024648 0.008286 346.97 1.28
E 11 71 0.018963 0.005088 291.19 3.34
E 11 72 0.020301 0.002902 336.73 3.34
E 11 74 0.022131 0.004802 371.75 28.67
E 11 78 0.020658 0.003761 319.37 76.64
E 11 79 0.020653 0.003223 329.20 3.36
E 11 81 0.020153 0.004817 334.52 0.41
E 11 83 0.019867 0.004358 315.69 0.95
E 11 87 0.021461 0.004362 330.78 40.88
E 11 93 0.021238 0.005208 327.27 0.35
E 11 95 0.023844 0.004738 381.12 24.34
E 11 96 0.019510 0.002417 312.72 0.75
E 12 13 0.024430 0.003692 377.89 1.25
E 12 14 0.022034 0.005258 345.79 2.13
E 12 17 0.024227 0.005117 355.53 6.35
E 12 21 0.019436 0.003608 303.30 20.23
E 12 24 0.026850 0.007053 408.44 1.47
E 12 29 0.031675 0.004523 446.77 387.01
E 12 32 0.016955 0.002515 268.52 3.53
E 12 33 0.023073 0.006275 345.53 79.08
E 12 36 0.022315 0.004579 368.95 0.43
E 12 38 0.017267 0.003928 280.58 0.27
E 12 40 0.020094 0.005063 315.50 24.14
E 12 44 0.024534 0.005283 382.10 301.62
E 12 45 0.030367 0.004523 436.38 3.35
E 12 47 0.018066 0.005615 286.31 0.26
E 12 49 0.022111 0.005385 371.32 103.26
E 12 50 0.024024 0.004787 388.16 0.91
E 12 51 0.027814 0.006186 416.98 0.30
E 12 53 0.019337 0.003432 298.23 0.07
E 12 57 0.029867 0.004160 445.58 149.87
E 12 58 0.021949 0.004029 339.12 1.26
E 12 59 0.025618 0.000339 316.79 0.97
E 12 60 0.030247 0.006580 434.37 0.86
E 12 62 0.006258 0.001280 608.00 4.84
E 12 64 0.024843 0.004692 346.44 1.28
E 12 69 0.020808 0.003841 333.91 611.20
E 12 70 0.021306 0.004723 341.27 2.54
E 12 75 0.027487 0.005398 404.78 42.36
E 12 76 0.026336 0.004301 415.22 0.64
E 12 84 0.021272 0.004801 332.00 3.74
E 12 85 0.017631 0.003189 289.85 4.52
E 12 86 0.018826 0.003323 302.85 2.54
E 12 88 0.018389 0.005682 306.73 0.42
E 12 91 0.022361 0.004643 371.92 2.65
E 12 94 0.030423 0.003562 431.96 0.63
E 12 98 0.022618 0.004491 349.09 0.85
E 12 99 0.020826 0.005711 329.11 5.64
E 13 14 0.024426 0.004725 397.31 2.16
E 13 17 0.024406 0.004526 392.23 1.54
E 13 20 0.002865 0.000000 300.00 6.01
E 13 21 0.024456 0.003679 382.59 1.75
E 13 24 0.026821 0.007679 408.02 0.04
E 13 26 0.020734 0.007530 319.43 2.65
E 13 29 0.029515 0.004095 413.26 1.83
E 13 32 0.024578 0.003186 407.41 2.60
E 13 33 0.019687 0.003430 327.58 0.00
E 13 37 0.028674 0.004381 424.98 1.28
E 13 38 0.024892 0.003460 397.61 2.30
E 13 40 0.024448 0.004338 392.53 44.86
E 13 41 0.026813 0.006761 422.42 0.38
E 13 42 0.025938 0.005122 409.80 0.17
E 13 44 0.023155 0.004596 348.82 1.04
E 13 45 0.023824 0.004424 365.28 0.95
E 13 47 0.024408 0.004046 367.99 2.12
E 13 49 0.009268 0.003744 868.00 0.00
E 13 50 0.024310 0.004947 398.27 0.14
E 13 51 0.030039 0.007024 479.29 29.02
E 13 53 0.024521 0.004549 383.98 1.70
E 13 57 0.028630 0.003927 422.84 66.46
E 13 59 0.026674 0.003871 420.90 0.18
E 13 60 0.030831 0.007261 448.40 3.16
E 13 61 0.030090 0.006445 453.44 1.54
E 13 62 0.025649 0.005691 437.01 0.41
E 13 69 0.023052 0.002987 361.08 1.35
E 13 70 0.024007 0.003350 404.51 22.88
E 13 71 0.020471 0.003651 310.51 0.06
E 13 73 0.029558 0.005385 413.41 1.88
E 13 75 0.025764 0.005022 373.65 5.70
E 13 76 0.025476 0.004243 397.49 2.68
E 13 83 0.019943 0.004127 341.06 6.36
E 13 84 0.023536 0.003085 354.14 35.36
E 13 85 0.024298 0.003759 353.32 3.48
E 13 86 0.023984 0.003625 392.83 1.42
E 13 87 0.022537 0.005792 358.44 0.46
E 13 88 0.024850 0.006604 398.41 13.63
E 13 91 0.023654 0.004185 354.39 0.27
E 13 93 0.020763 0.006740 319.99 13.45
E 13 94 0.030284 0.004307 444.62 0.36
E 13 95 0.021925 0.006340 359.70 0.01
E 13 97 0.004002 0.000000 384.00 0.04
E 13 98 0.023680 0.004660 368.57 2.02
E 13 99 0.022506 0.006297 395.00 0.75
E 14 17 0.024227 0.005534 357.68 2.30
E 14 21 0.022035 0.005258 351.65 1.12
E 14 24 0.026998 0.007188 393.76 2.49
E 14 29 0.031675 0.002956 401.11 0.04
E 14 32 0.020918 0.005156 357.09 277.98
E 14 33 0.021249 0.000814 360.69 29.89
E 14 36 0.023318 0.005956 352.07 0.79
E 14 38 0.021718 0.005289 333.85 0.74
E 14 40 0.021338 0.005067 331.33 81.84
E 14 44 0.024364 0.005106 350.30 0.18
E 14 45 0.030367 0.002374 562.09 2.58
E 14 47 0.020951 0.005633 341.80 0.33
E 14 49 0.020315 0.005385 406.22 22.89
E 14 50 0.023843 0.005144 366.95 2.33
E 14 51 0.027814 0.007335 400.73 0.70
E 14 53 0.021545 0.004909 318.41 0.19
E 14 57 0.028783 0.001696 369.53 13.32
E 14 58 0.021852 0.005494 335.57 2.16
E 14 60 0.030247 0.006580 423.81 51.40
E 14 64 0.023316 0.004980 364.07 2.18
E 14 69 0.022136 0.005745 336.00 0.41
E 14 70 0.022429 0.005063 340.58 13.99
E 14 75 0.027313 0.005258 418.93 0.16
E 14 76 0.025579 0.004866 382.22 1.59
E 14 84 0.022148 0.005294 329.83 30.45
E 14 85 0.020613 0.004876 337.02 2.52
E 14 86 0.021025 0.004877 351.03 353.39
E 14 88 0.020389 0.005603 314.62 0.14
E 14 91 0.022433 0.005658 338.60 4.97
E 14 94 0.030423 0.002261 415.78 0.57
E 14 98 0.022260 0.005684 352.56 3.45
E 14 99 0.022190 0.005493 335.12 1.33
E 15 16 0.020651 0.005061 327.79 21.77
E 15 22 0.022754 0.005879 355.15 982.06
E 15 25 0.022598 0.005878 341.91 0.14
E 15 27 0.022361 0.004871 331.59 92.16
E 15 28 0.023258 0.006106 370.11 166.29
E 15 31 0.022546 0.005906 362.77 682.19
E 15 33 0.022759 0.005941 342.80 0.12
E 15 36 0.019717 0.004390 305.83 1.51
E 15 43 0.022735 0.002374 406.61 10.52
E 15 44 0.024876 0.007337 386.10 1.14
E 15 45 0.023403 0.005870 348.55 0.17
E 15 49 0.021296 0.005208 334.54 0.94
E 15 51 0.023583 0.005050 377.11 0.33
E 15 57 0.021368 0.003457 326.73 55.96
E 15 62 0.023633 0.006961 353.48 0.23
E 15 67 0.020971 0.005444 332.19 5.08
E 15 69 0.022622 0.009950 389.81 4.61
E 15 71 0.022624 0.005703 390.10 1.19
E 15 74 0.023330 0.006360 364.08 255.14
E 15 81 0.023108 0.002646 356.59 8.16
E 15 83 0.022721 0.005835 340.82 1.24
E 15 87 0.022683 0.005918 355.10 0.71
E 15 89 0.019825 0.005279 321.10 0.25
E 15 93 0.022795 0.005835 375.52 55.58
E 16 18 0.020493 0.002374 324.86 4.19
E 16 25 0.019954 0.003225 309.37 13.74
E 16 26 0.021296 0.003187 300.65 0.00
E 16 27 0.018268 0.001272 309.52 0.01
E 16 29 0.018476 0.001380 289.77 0.05
E 16 31 0.018809 0.004360 302.87 3.34
E 16 33 0.020788 0.003034 330.57 6.27
E 16 35 0.018714 0.000878 306.72 11.93
E 16 36 0.016488 0.002863 268.56 2.43
E 16 43 0.019232 0.003821 296.01 0.13
E 16 44 0.023375 0.004519 319.73 11.64
E 16 45 0.021997 0.005628 371.97 3.41
E 16 56 0.016664 0.000463 255.41 0.03
E 16 62 0.019405 0.003036 285.82 3.23
E 16 67 0.021204 0.004687 333.97 0.05
E 16 69 0.023922 0.009023 557.40 23.60
E 16 71 0.019661 0.004526 325.06 80.32
E 16 74 0.023664 0.004907 364.78 1.02
E 16 78 0.019524 0.003783 313.24 3.40
E 16 79 0.016426 0.000623 284.88 2.40
E 16 83 0.020383 0.004015 315.18 9.07
E 16 87 0.021485 0.004191 331.43 3.20
E 16 89 0.017756 0.002919 283.75 0.00
E 16 93 0.021592 0.005137 322.78 0.44
E 16 95 0.022225 0.005736 336.68 1.12
E 17 21 0.023804 0.004852 367.72 0.60
E 17 22 0.025582 0.007608 352.01 2.83
E 17 24 0.026692 0.006364 386.27 1.55
E 17 29 0.031675 0.002956 578.06 0.87
E 17 32 0.025286 0.005662 412.03 0.24
E 17 33 0.020916 0.000824 403.48 21.85
E 17 36 0.024761 0.005705 399.99 0.00
E 17 37 0.025284 0.004906 391.09 0.38
E 17 40 0.023832 0.004555 363.03 0.25
E 17 41 0.027009 0.005509 414.70 3.02
E 17 44 0.023680 0.005043 373.71 0.13
E 17 45 0.030367 0.002374 406.79 0.03
E 17 47 0.025096 0.006049 364.80 0.41
E 17 48 0.024614 0.005450 369.81 0.03
E 17 49 0.020641 0.005385 294.21 12.92
E 17 50 0.024338 0.005463 384.82 0.97
E 17 51 0.027682 0.007029 411.01 0.00
E 17 52 0.024938 0.008050 390.45 2.65
E 17 53 0.023493 0.004878 376.61 36.72
E 17 57 0.028783 0.002875 452.24 67.32
E 17 58 0.023728 0.005196 392.18 1.54
E 17 60 0.027492 0.005808 409.62 0.04
E 17 64 0.024298 0.005315 362.45 1.50
E 17 66 0.025199 0.007423 401.71 2.32
E 17 69 0.024404 0.005814 369.96 0.05
E 17 70 0.023285 0.004654 382.91 3.61
E 17 73 0.026860 0.005990 393.59 2.56
E 17 75 0.025377 0.004968 397.45 0.80
E 17 76 0.024515 0.005493 365.83 0.01
E 17 84 0.024081 0.005808 389.98 0.06
E 17 86 0.022733 0.003672 346.93 0.14
E 17 88 0.025111 0.007496 369.29 10.15
E 17 91 0.024207 0.006007 392.91 1.23
E 17 92 0.023838 0.006848 335.02 0.03
E 17 94 0.027436 0.005620 405.38 3.66
E 17 97 0.023838 0.006848 382.01 0.03
E 17 98 0.024178 0.005823 377.34 1.72
E 17 99 0.023736 0.005766 363.84 0.03
E 18 19 0.024820 0.005433 374.87 164.76
E 18 20 0.026296 0.005881 389.58 2.18
E 18 22 0.027311 0.005000 442.43 0.00
E 18 23 0.024641 0.005341 368.06 1.50
E 18 26 0.024131 0.005189 387.16 1.05
E 18 28 0.020269 0.003053 329.86 311.20
E 18 29 0.022985 0.004085 344.42 3.24
E 18 32 0.008244 0.000352 740.00 2.43
E 18 33 0.019322 0.003075 310.89 0.00
E 18 34 0.025808 0.006745 397.22 0.29
E 18 35 0.022564 0.003980 357.32 0.42
E 18 37 0.030152 0.006339 422.96 1.33
E 18 38 0.003170 0.000000 280.00 2.17
E 18 40 0.004017 0.000000 444.00 98.53
E 18 41 0.027483 0.002544 450.34 0.90
E 18 42 0.025127 0.005668 395.87 0.16
E 18 45 0.026644 0.006080 415.43 1.60
E 18 47 0.027900 0.007208 430.79 2.11
E 18 49 0.018854 0.002533 282.47 0.01
E 18 51 0.028209 0.005956 454.42 2.40
E 18 54 0.024417 0.005134 352.70 0.27
E 18 55 0.019060 0.002614 288.44 1.24
E 18 57 0.026102 0.004498 398.32 178.21
E 18 59 0.027293 0.005242 384.67 0.76
E 18 60 0.029268 0.006311 432.49 2.17
E 18 61 0.029042 0.005902 444.21 2.04
E 18 62 0.025503 0.004604 390.67 0.41
E 18 68 0.024923 0.005199 362.37 0.84
E 18 73 0.030006 0.005891 425.94 1.82
E 18 74 0.021685 0.003966 350.38 0.05
E 18 75 0.028211 0.003957 422.94 1.15
E 18 80 0.025808 0.006745 382.64 0.54
E 18 81 0.019060 0.002614 299.11 0.16
E 18 90 0.024955 0.005398 387.02 0.19
E 18 94 0.030405 0.004710 453.27 0.45
E 18 95 0.022491 0.007452 415.91 0.08
E 18 97 0.024935 0.005325 395.32 0.22
E 19 20 0.024174 0.002828 371.47 8.02
E 19 23 0.021676 0.001863 328.12 1.68
E 19 26 0.025643 0.004903 408.39 1.62
E 19 29 0.028355 0.003198 411.11 3.36
E 19 30 0.022280 0.001001 350.16 15.71
E 19 34 0.024447 0.004551 403.46 0.11
E 19 35 0.026989 0.004466 389.24 0.19
E 19 37 0.028532 0.003896 398.68 3.00
E 19 39 0.021878 0.001117 325.86 46.50
E 19 41 0.029593 0.005634 450.73 0.38
E 19 42 0.020965 0.000650 328.11 0.07
E 19 44 0.002225 0.000000 220.00 1.55
E 19 45 0.027018 0.003274 443.47 1.69
E 19 46 0.021007 0.000661 321.08 44.35
E 19 47 0.027991 0.002713 450.69 2.54
E 19 48 0.025814 0.003673 394.02 45.73
E 19 51 0.028588 0.006901 412.27 2.19
E 19 52 0.027283 0.004274 440.18 31.74
E 19 54 0.022514 0.001158 349.83 0.02
E 19 57 0.024453 0.004121 373.82 197.02
E 19 60 0.025877 0.004427 407.79 7.45
E 19 61 0.025875 0.004463 378.22 2.22
E 19 62 0.025575 0.002601 364.35 0.63
E 19 65 0.026560 0.007164 407.41 48.02
E 19 66 0.028128 0.006036 434.40 30.59
E 19 68 0.022744 0.001216 339.57 0.14
E 19 69 0.001937 0.000000 184.00 1.91
E 19 73 0.030196 0.006383 449.44 2.45
E 19 77 0.023343 0.002616 388.34 48.18
E 19 80 0.024812 0.004271 381.20 1.00
E 19 82 0.021301 0.000802 325.00 46.32
E 19 90 0.020950 0.002590 349.51 0.05
E 19 92 0.025147 0.003588 375.48 45.10
E 19 94 0.030253 0.005509 424.30 0.19
E 19 95 0.024134 0.005156 363.91 0.01
E 19 97 0.023484 0.001912 361.59 0.05
E 19 100 0.025163 0.004246 366.44 42.39
E 20 22 0.025459 0.003618 367.90 7.28
E 20 23 0.024205 0.002843 379.71 0.02
E 20 24 0.022549 0.002557 353.38 261.05
E 20 26 0.026757 0.005356 478.14 0.00
E 20 30 0.023404 0.002371 364.15 0.01
E 20 32 0.027144 0.001866 360.71 0.16
E 20 34 0.026483 0.004681 405.38 7.69
E 20 35 0.027609 0.005214 435.43 9.09
E 20 37 0.028369 0.003770 415.35 1.16
E 20 38 0.025278 0.000000 760.47 0.00
E 20 39 0.024206 0.002804 378.71 4.48
E 20 40 0.042578 0.002827 597.30 0.00
E 20 41 0.026433 0.004396 387.74 46.87
E 20 42 0.023991 0.002534 373.50 5.15
E 20 45 0.027727 0.004110 387.64 0.36
E 20 46 0.024244 0.002830 380.36 4.49
E 20 47 0.027900 0.003335 474.21 0.04
E 20 48 0.025806 0.003666 397.40 4.44
E 20 50 0.030090 0.006599 426.33 5.82
E 20 51 0.027299 0.006019 417.34 0.00
E 20 52 0.026906 0.004599 407.33 5.19
E 20 54 0.023629 0.002489 379.39 6.27
E 20 59 0.026768 0.004831 427.64 17.69
E 20 60 0.026893 0.005224 408.40 3.53
E 20 61 0.026382 0.004873 402.49 0.21
E 20 62 0.027404 0.003145 429.15 0.18
E 20 64 0.029915 0.007010 656.26 5.99
E 20 65 0.026436 0.006374 404.92 4.41
E 20 66 0.028354 0.006307 399.97 5.24
E 20 68 0.024165 0.002743 368.47 4.44
E 20 73 0.028094 0.005401 413.88 0.05
E 20 75 0.028141 0.003804 421.84 0.26
E 20 76 0.027230 0.002883 527.47 0.24
E 20 77 0.024132 0.002702 374.80 4.43
E 20 80 0.024716 0.003938 380.14 0.89
E 20 82 0.024259 0.002855 373.93 4.52
E 20 88 0.040204 0.000000 588.73 0.00
E 20 90 0.024261 0.002855 379.34 4.55
E 20 92 0.025140 0.003485 381.42 4.46
E 20 94 0.028611 0.004910 429.01 0.26
E 20 97 0.024168 0.002743 366.79 4.51
E 20 100 0.025197 0.004268 396.66 4.56
E 21 24 0.026906 0.006869 397.45 2.02
E 21 29 0.031675 0.002956 415.65 1.40
E 21 32 0.015051 0.002442 242.65 0.35
E 21 33 0.020916 0.000824 348.06 17.51
E 21 36 0.022149 0.004532 353.23 5.33
E 21 38 0.014595 0.003645 247.52 49.95
E 21 40 0.019928 0.005139 316.39 1.87
E 21 41 0.025860 0.008577 433.57 0.57
E 21 44 0.024644 0.005339 369.62 0.92
E 21 45 0.030367 0.002374 646.93 0.84
E 21 47 0.020153 0.004711 435.86 1.78
E 21 49 0.020316 0.005385 373.35 0.00
E 21 50 0.024335 0.004636 366.20 1.31
E 21 51 0.027528 0.005891 365.33 7.07
E 21 53 0.017327 0.002328 271.02 30.05
E 21 57 0.029867 0.003412 460.56 9.43
E 21 58 0.022244 0.004198 349.39 1.75
E 21 59 0.025505 0.005736 365.86 0.57
E 21 60 0.030247 0.006580 476.05 0.40
E 21 62 0.002545 0.000000 260.00 1.17
E 21 64 0.024598 0.003917 379.27 1.79
E 21 69 0.020571 0.003687 342.15 1.33
E 21 70 0.020246 0.003190 344.28 0.43
E 21 75 0.027682 0.005557 400.59 0.05
E 21 76 0.026038 0.004199 378.85 0.51
E 21 84 0.020689 0.003440 346.56 1.52
E 21 85 0.017085 0.002261 294.63 1.02
E 21 86 0.017027 0.002241 242.80 0.23
E 21 88 0.023036 0.009611 367.20 8.06
E 21 91 0.022863 0.004579 350.20 0.78
E 21 94 0.030423 0.003562 456.85 1.27
E 21 98 0.023660 0.004716 352.44 1.08
E 21 99 0.020507 0.005209 322.61 0.29
E 22 23 0.026716 0.003990 433.30 2.44
E 22 25 0.023797 0.003700 426.62 256.84
E 22 26 0.025070 0.002441 491.03 2.18
E 22 27 0.021303 0.004410 344.07 2.45
E 22 28 0.023133 0.005357 357.37 134.60
E 22 29 0.025583 0.003477 402.48 4.62
E 22 30 0.024785 0.003726 375.87 120.46
E 22 31 0.022833 0.006105 363.86 11.56
E 22 33 0.025249 0.003012 378.26 0.00
E 22 36 0.025311 0.007123 380.91 3.14
E 22 41 0.025146 0.003660 393.39 0.51
E 22 42 0.027144 0.004636 386.08 0.00
E 22 43 0.023316 0.005304 404.23 4.04
E 22 44 0.025205 0.004816 371.92 1.89
E 22 45 0.026621 0.004945 399.79 2.18
E 22 49 0.024371 0.004786 329.83 0.02
E 22 51 0.027044 0.004887 400.05 3.70
E 22 54 0.025171 0.004354 390.26 0.02
E 22 55 0.021724 0.004814 344.34 0.61
E 22 56 0.023316 0.005304 376.16 3.83
E 22 57 0.025560 0.003765 369.43 285.67
E 22 60 0.025846 0.004610 427.33 4.92
E 22 61 0.025242 0.004166 401.31 2.92
E 22 62 0.024553 0.003223 353.27 0.80
E 22 63 0.021302 0.004410 308.19 2.51
E 22 67 0.025035 0.006207 459.95 0.64
E 22 69 0.002129 0.000000 208.00 2.31
E 22 71 0.026388 0.006290 454.68 2.81
E 22 72 0.021302 0.004410 357.43 4.08
E 22 73 0.027541 0.005281 395.02 3.04
E 22 74 0.024697 0.005517 397.53 0.01
E 22 75 0.025537 0.005491 390.79 9.29
E 22 76 0.025281 0.004052 384.52 4.15
E 22 78 0.022732 0.005645 367.14 0.01
E 22 79 0.023262 0.005003 399.41 228.16
E 22 81 0.021908 0.005007 344.87 3.80
E 22 83 0.023060 0.004988 341.71 5.02
E 22 87 0.022369 0.004426 416.31 10.97
E 22 93 0.023110 0.004937 385.55 10.30
E 22 94 0.026556 0.004087 392.16 0.00
E 22 95 0.026184 0.005561 423.83 0.01
E 22 96 0.021726 0.004814 357.72 2.12
E 22 98 0.023595 0.002423 405.37 0.07
E 23 24 0.022315 0.002155 333.61 0.05
E 23 26 0.026056 0.005190 396.61 0.15
E 23 29 0.030309 0.004259 429.12 4.96
E 23 30 0.022259 0.001630 351.58 7.41
E 23 34 0.024397 0.004741 352.83 0.55
E 23 35 0.026987 0.004466 423.57 0.24
E 23 37 0.028530 0.003818 451.91 0.83
E 23 39 0.022525 0.002315 362.65 1.49
E 23 41 0.029433 0.005512 471.91 0.02
E 23 42 0.021296 0.001654 328.66 0.89
E 23 45 0.027666 0.003962 445.86 14.79
E 23 46 0.021435 0.001726 343.90 1.48
E 23 47 0.027900 0.004142 467.59 9.16
E 23 48 0.025848 0.003753 391.64 1.48
E 23 51 0.029056 0.006368 393.60 1.23
E 23 52 0.027469 0.004370 417.15 1.46
E 23 54 0.022519 0.001706 351.03 1.85
E 23 57 0.024723 0.004160 367.35 5.47
E 23 59 0.027394 0.003419 451.31 0.26
E 23 60 0.025806 0.004545 390.47 22.98
E 23 61 0.026293 0.004723 399.02 17.07
E 23 62 0.027894 0.009788 487.39 32.47
E 23 65 0.026554 0.007086 405.10 1.49
E 23 66 0.028128 0.006036 423.62 1.47
E 23 68 0.022785 0.002333 361.76 2.78
E 23 73 0.030122 0.005810 453.64 0.87
E 23 77 0.023337 0.002570 363.21 1.49
E 23 80 0.024722 0.004230 409.58 3.27
E 23 82 0.021924 0.001969 336.04 1.48
E 23 90 0.021414 0.002482 335.06 1.54
E 23 92 0.025164 0.003499 378.41 1.48
E 23 94 0.030283 0.005106 430.95 0.64
E 23 97 0.023503 0.002359 372.60 1.82
E 23 100 0.025292 0.004379 385.27 1.47
E 24 29 0.031675 0.002956 407.69 1.31
E 24 32 0.028797 0.006796 424.92 4.77
E 24 33 0.022375 0.005276 370.54 0.00
E 24 34 0.024140 0.004527 379.96 0.50
E 24 36 0.030267 0.008452 421.92 0.22
E 24 37 0.025528 0.004937 381.19 0.53
E 24 38 0.027718 0.006614 431.77 1.49
E 24 39 0.022486 0.002462 332.27 0.35
E 24 40 0.027598 0.007546 419.68 25.50
E 24 41 0.027735 0.005766 410.75 0.13
E 24 42 0.021367 0.001325 332.65 0.06
E 24 44 0.024562 0.004523 348.61 0.95
E 24 45 0.028230 0.005766 422.45 1.01
E 24 46 0.021361 0.001368 363.05 0.35
E 24 47 0.027644 0.005950 410.72 1.45
E 24 48 0.025014 0.005019 370.40 0.34
E 24 49 0.020868 0.005385 410.18 0.00
E 24 50 0.027423 0.007861 406.99 0.33
E 24 53 0.024388 0.006294 350.49 1.40
E 24 54 0.021575 0.002742 328.67 0.09
E 24 57 0.030006 0.004095 423.77 20.16
E 24 58 0.026266 0.007013 389.53 0.28
E 24 59 0.026580 0.005219 408.45 0.28
E 24 60 0.027172 0.005680 382.77 1.94
E 24 61 0.025096 0.004438 381.68 3.03
E 24 62 0.002513 0.000000 256.00 0.52
E 24 64 0.027152 0.007582 393.36 0.28
E 24 65 0.024321 0.003790 339.49 0.35
E 24 66 0.026461 0.005461 406.05 0.30
E 24 68 0.022695 0.002568 359.04 0.48
E 24 69 0.027411 0.008577 403.19 1.25
E 24 70 0.025087 0.006234 360.05 169.69
E 24 73 0.027926 0.005720 418.65 3.34
E 24 75 0.028737 0.005951 411.95 0.64
E 24 76 0.027952 0.007530 417.36 1.23
E 24 77 0.022487 0.002462 355.36 0.35
E 24 80 0.025016 0.005169 401.95 1.14
E 24 82 0.021339 0.001514 300.18 0.35
E 24 84 0.026569 0.007215 420.97 19.60
E 24 85 0.028408 0.007311 431.24 0.54
E 24 86 0.023818 0.005817 379.92 1.90
E 24 88 0.027033 0.007297 408.03 11.13
E 24 90 0.021367 0.002650 348.26 0.35
E 24 91 0.026765 0.007609 383.24 0.10
E 24 92 0.022488 0.002462 388.41 0.34
E 24 94 0.028465 0.005342 418.39 0.13
E 24 97 0.023771 0.002906 356.25 0.36
E 24 98 0.026938 0.007245 424.08 0.89
E 24 99 0.024410 0.005931 342.85 0.82
E 24 100 0.024356 0.005373 422.86 0.35
E 25 26 0.021242 0.003124 321.84 73.58
E 25 27 0.019004 0.001842 300.98 56.26
E 25 28 0.020909 0.002908 329.50 77.30
E 25 29 0.019858 0.002698 306.14 27.45
E 25 30 0.020223 0.002917 320.00 33.44
E 25 31 0.020637 0.004671 351.87 227.73
E 25 35 0.019290 0.002281 299.35 0.00
E 25 36 0.019645 0.003921 316.44 2.38
E 25 43 0.020744 0.005082 325.26 9.44
E 25 45 0.022581 0.005279 398.54 5.94
E 25 49 0.019932 0.002932 323.84 4.32
E 25 55 0.018973 0.001773 321.87 23.30
E 25 56 0.019139 0.002219 332.25 239.70
E 25 62 0.020867 0.003508 310.15 5.55
E 25 63 0.019627 0.005999 288.73 79.90
E 25 67 0.021434 0.004718 331.32 9.28
E 25 69 0.021594 0.001372 356.04 8.14
E 25 71 0.019982 0.003945 304.99 1.92
E 25 72 0.019215 0.001039 281.26 23.93
E 25 74 0.022778 0.005145 375.12 732.21
E 25 78 0.019942 0.003420 318.24 215.80
E 25 79 0.019033 0.002222 296.67 507.36
E 25 81 0.019234 0.002024 292.85 7.73
E 25 83 0.020307 0.003387 339.42 3.26
E 25 87 0.021213 0.004053 339.84 0.38
E 25 93 0.021100 0.005149 332.11 18.29
E 25 95 0.022712 0.005479 361.48 227.57
E 25 96 0.018972 0.002502 311.39 8.98
E 26 28 0.021273 0.003198 337.27 87.47
E 26 29 0.022304 0.003505 343.17 0.42
E 26 30 0.024938 0.004464 416.75 73.42
E 26 31 0.020528 0.003188 330.91 2.14
E 26 33 0.021332 0.003233 337.80 51.55
E 26 34 0.026214 0.004669 434.97 1.54
E 26 35 0.022902 0.004048 331.24 0.57
E 26 37 0.029465 0.004095 428.56 0.63
E 26 39 0.026576 0.005503 424.33 1.64
E 26 42 0.025897 0.004598 366.39 1.58
E 26 44 0.024084 0.003786 393.98 3.33
E 26 45 0.022755 0.004766 361.98 268.80
E 26 46 0.025898 0.004598 420.76 1.65
E 26 47 0.028885 0.004598 409.43 1.87
E 26 48 0.028418 0.005139 422.86 1.64
E 26 49 0.021382 0.003058 329.10 24.62
E 26 50 0.027929 0.005859 428.71 2.18
E 26 51 0.026091 0.004246 379.01 0.10
E 26 52 0.030828 0.006266 452.47 1.76
E 26 54 0.025189 0.004874 378.81 4.28
E 26 55 0.021447 0.003153 341.99 0.33
E 26 56 0.021338 0.003130 375.79 0.27
E 26 57 0.028641 0.003830 404.80 2.28
E 26 60 0.028584 0.003407 445.14 0.00
E 26 62 0.022639 0.003566 353.14 295.43
E 26 65 0.025954 0.005874 403.70 1.63
E 26 66 0.030673 0.004810 468.73 1.77
E 26 68 0.025898 0.004598 387.69 13.55
E 26 69 0.023712 0.003992 393.73 9.18
E 26 73 0.028923 0.004095 491.79 106.72
E 26 74 0.022668 0.004776 350.24 1.40
E 26 75 0.030802 0.005427 470.99 3.30
E 26 76 0.026757 0.004101 440.89 0.63
E 26 77 0.026257 0.005391 390.00 1.63
E 26 78 0.021184 0.003691 370.33 2.02
E 26 79 0.023535 0.004520 371.86 0.03
E 26 80 0.025983 0.004598 393.96 1.11
E 26 81 0.021402 0.003392 325.85 47.20
E 26 82 0.026576 0.005503 384.61 1.65
E 26 83 0.021355 0.003533 344.41 1246.00
E 26 87 0.021365 0.004107 343.59 14.34
E 26 90 0.026577 0.005503 417.57 1.53
E 26 92 0.027735 0.005540 416.60 1.65
E 26 93 0.021562 0.006025 359.79 7.31
E 26 94 0.032604 0.006241 467.24 0.52
E 26 95 0.022662 0.005474 350.54 1.47
E 26 97 0.026398 0.004598 404.60 7.99
E 26 100 0.029143 0.004986 409.51 1.67
E 27 28 0.020135 0.002668 322.41 10.92
E 27 29 0.018633 0.001003 295.49 0.09
E 27 30 0.024048 0.003498 352.82 27.69
E 27 31 0.023017 0.006049 317.39 2.67
E 27 33 0.021189 0.003547 339.25 27.66
E 27 35 0.019323 0.002468 295.86 4.59
E 27 43 0.019489 0.003560 310.35 0.58
E 27 49 0.017993 0.001071 285.55 15.20
E 27 54 0.023186 0.002733 382.10 3.65
E 27 55 0.017134 0.000947 277.17 0.51
E 27 56 0.017963 0.001244 298.29 0.06
E 27 62 0.020406 0.001542 339.00 11.22
E 27 63 0.018413 0.004154 292.49 0.00
E 27 67 0.022407 0.004799 345.17 0.31
E 27 72 0.017075 0.000956 265.67 0.42
E 27 74 0.021715 0.004449 329.15 1.33
E 27 78 0.019223 0.002935 328.77 2.86
E 27 79 0.016889 0.000709 262.68 1.97
E 27 81 0.018029 0.001783 289.51 0.88
E 27 83 0.020034 0.001800 316.50 6.86
E 27 87 0.021320 0.001922 496.58 15.19
E 27 93 0.020445 0.002516 323.15 0.72
E 27 95 0.022027 0.005589 366.09 2.61
E 27 96 0.018961 0.003859 309.58 1.75
E 28 29 0.020976 0.002953 348.12 1.35
E 28 30 0.021934 0.003424 361.88 52.88
E 28 31 0.020837 0.005088 333.62 75.32
E 28 35 0.020425 0.002495 325.90 13.20
E 28 36 0.021839 0.002762 333.46 109.76
E 28 43 0.020275 0.004432 341.32 0.21
E 28 44 0.022122 0.001774 375.70 0.69
E 28 45 0.021835 0.005958 341.76 0.82
E 28 54 0.023243 0.002853 373.81 37.79
E 28 55 0.019768 0.002413 314.91 87.71
E 28 56 0.020065 0.002616 304.75 1.22
E 28 62 0.020010 0.002314 334.97 0.89
E 28 63 0.019815 0.002975 341.90 0.65
E 28 67 0.022257 0.004451 346.44 1.74
E 28 71 0.020552 0.003957 340.76 0.21
E 28 72 0.019613 0.002324 323.84 3.02
E 28 74 0.022355 0.004797 337.86 163.03
E 28 78 0.020294 0.003425 312.97 43.92
E 28 79 0.020079 0.002553 287.84 0.12
E 28 81 0.020051 0.002612 318.94 0.14
E 28 83 0.020738 0.002984 332.27 0.26
E 28 87 0.021371 0.004021 366.44 122.78
E 28 89 0.022226 0.003901 376.75 0.26
E 28 93 0.020978 0.004611 348.82 0.27
E 28 95 0.022454 0.005294 359.32 27.81
E 28 96 0.020071 0.004460 310.84 0.23
E 29 30 0.030422 0.005597 480.75 7.03
E 29 33 0.020996 0.002849 338.75 53.63
E 29 34 0.030246 0.003472 423.54 2.81
E 29 35 0.021438 0.002335 328.01 17.92
E 29 37 0.029609 0.003466 454.83 4.34
E 29 39 0.030246 0.003472 395.72 1.52
E 29 40 0.030872 0.005512 429.00 3.49
E 29 42 0.029747 0.003327 529.92 4.37
E 29 43 0.018768 0.003824 288.22 112.41
E 29 44 0.028128 0.004483 400.93 0.06
E 29 45 0.025477 0.004527 406.38 0.50
E 29 46 0.030246 0.003472 480.41 1.53
E 29 47 0.029868 0.003795 424.63 0.37
E 29 48 0.030097 0.004221 446.52 1.55
E 29 49 0.019884 0.002007 320.01 19.02
E 29 50 0.029822 0.004668 474.68 1.08
E 29 51 0.028152 0.004610 431.03 1.87
E 29 52 0.028720 0.004900 439.64 2.01
E 29 53 0.033674 0.004410 450.92 0.77
E 29 54 0.029518 0.003647 544.64 3.78
E 29 55 0.018502 0.000920 289.67 6.07
E 29 56 0.018661 0.000822 283.01 0.03
E 29 57 0.029609 0.003466 505.95 191.40
E 29 58 0.029516 0.003778 443.59 1.80
E 29 59 0.002321 0.000000 232.00 1.74
E 29 60 0.029610 0.006400 505.70 8.91
E 29 61 0.032787 0.006275 503.12 68.23
E 29 62 0.025554 0.003204 390.14 0.63
E 29 63 0.019221 0.005266 317.14 0.00
E 29 64 0.029515 0.004862 480.55 1.86
E 29 65 0.030098 0.006126 451.39 1.53
E 29 66 0.030118 0.004821 443.44 2.04
E 29 67 0.022193 0.004526 341.36 0.05
E 29 68 0.030246 0.003472 495.11 0.70
E 29 69 0.028979 0.004000 409.31 0.15
E 29 71 0.020812 0.002853 337.42 26.22
E 29 72 0.017242 0.000324 261.93 0.10
E 29 73 0.031060 0.003466 476.22 0.00
E 29 74 0.022623 0.004722 355.77 2.37
E 29 75 0.029245 0.003773 437.41 0.24
E 29 76 0.029610 0.004579 456.57 46.69
E 29 77 0.030098 0.003553 440.89 1.52
E 29 78 0.018916 0.002958 295.98 3.87
E 29 79 0.017926 0.000982 298.02 1.74
E 29 80 0.030246 0.003472 438.26 0.40
E 29 81 0.018643 0.000811 290.66 59.78
E 29 82 0.030387 0.003456 451.84 1.51
E 29 83 0.020275 0.003022 329.89 1.87
E 29 87 0.021898 0.003948 367.92 6.35
E 29 88 0.029515 0.007191 426.34 0.26
E 29 90 0.030512 0.003465 411.80 1.37
E 29 91 0.029514 0.003034 424.87 3.75
E 29 92 0.030097 0.003890 398.91 1.55
E 29 93 0.022224 0.006428 340.49 17.91
E 29 94 0.032282 0.004684 460.73 0.97
E 29 95 0.022428 0.005661 350.43 1.86
E 29 96 0.018778 0.003419 299.20 1.30
E 29 97 0.030245 0.004093 493.82 0.54
E 29 98 0.030228 0.008785 420.13 5.36
E 29 99 0.031674 0.005597 395.85 0.31
E 29 100 0.030246 0.006953 479.28 1.52
E 30 31 0.022562 0.005314 405.35 113.17
E 30 37 0.026774 0.004625 413.13 20.27
E 30 43 0.021902 0.004410 362.17 1.82
E 30 44 0.015301 0.002976 1564.00 3.53
E 30 45 0.026634 0.003912 418.98 14.70
E 30 49 0.008916 0.000128 824.00 3.49
E 30 51 0.027151 0.006114 416.70 4.71
E 30 52 0.025424 0.003923 365.46 5.83
E 30 54 0.022595 0.001783 354.49 26.50
E 30 55 0.022578 0.003562 365.64 227.52
E 30 56 0.022002 0.003613 364.23 18.88
E 30 57 0.023852 0.003962 372.80 99.32
E 30 60 0.025804 0.004540 366.63 3.86
E 30 61 0.025277 0.004322 374.76 0.78
E 30 62 0.023356 0.001017 389.83 5.46
E 30 63 0.021948 0.003330 340.34 0.84
E 30 66 0.027439 0.006327 389.57 5.68
E 30 68 0.022298 0.001109 362.07 25.07
E 30 69 0.007971 0.000096 764.00 2.80
E 30 71 0.019469 0.003639 333.03 2.30
E 30 72 0.022046 0.002674 337.02 8.21
E 30 73 0.027931 0.006047 430.35 0.54
E 30 74 0.023242 0.006365 384.04 254.53
E 30 78 0.021406 0.003922 350.43 86.00
E 30 79 0.022972 0.003879 388.51 0.21
E 30 80 0.024486 0.003672 415.28 11.84
E 30 81 0.022578 0.004805 356.19 1.35
E 30 83 0.021395 0.003922 330.44 1.06
E 30 87 0.021715 0.005020 359.06 1.74
E 30 93 0.021288 0.004593 401.29 2.59
E 30 95 0.022632 0.004085 386.08 56.61
E 30 96 0.023065 0.004006 362.64 3.12
E 31 33 0.020427 0.001526 311.88 0.00
E 31 36 0.024777 0.007418 392.02 2.71
E 31 43 0.021531 0.004180 318.35 3.51
E 31 44 0.022914 0.004505 358.60 1.72
E 31 45 0.021133 0.004973 320.17 2.10
E 31 49 0.021622 0.003580 322.49 0.01
E 31 54 0.024091 0.006049 459.92 0.02
E 31 55 0.022084 0.005746 354.33 0.38
E 31 56 0.021706 0.004374 353.05 3.35
E 31 62 0.017362 0.004244 273.39 0.79
E 31 63 0.022373 0.005258 341.67 2.16
E 31 67 0.024472 0.007505 366.79 0.55
E 31 71 0.019024 0.003968 299.81 2.56
E 31 72 0.022373 0.005258 397.34 1.12
E 31 74 0.022796 0.005714 379.85 0.02
E 31 75 0.024587 0.004370 420.99 8.57
E 31 78 0.020969 0.003487 352.64 0.99
E 31 79 0.023191 0.005573 340.74 177.76
E 31 81 0.022084 0.005746 381.70 4.06
E 31 83 0.019695 0.005074 317.82 4.72
E 31 87 0.021368 0.004953 345.13 14.98
E 31 89 0.017052 0.003817 294.70 10.29
E 31 93 0.021215 0.005118 335.64 9.04
E 31 95 0.023686 0.004827 378.43 0.01
E 31 96 0.022903 0.005960 328.55 1.77
E 32 34 0.024496 0.003709 372.18 1.17
E 32 35 0.035114 0.004206 496.11 2.36
E 32 37 0.026084 0.005071 418.29 0.24
E 32 38 0.016778 0.002390 273.25 813.75
E 32 39 0.022904 0.000630 356.55 2.40
E 32 40 0.018906 0.004382 309.32 1.88
E 32 41 0.026360 0.005793 408.13 0.49
E 32 42 0.008306 0.000576 864.00 1.95
E 32 46 0.023421 0.001141 359.54 2.37
E 32 47 0.019344 0.004909 322.63 0.20
E 32 48 0.028671 0.004749 433.24 2.39
E 32 53 0.015038 0.002485 236.63 0.00
E 32 58 0.027088 0.004183 421.04 2.61
E 32 59 0.027581 0.004155 379.28 1.31
E 32 61 0.028778 0.005359 445.71 16.01
E 32 64 0.024052 0.001670 386.88 2.61
E 32 65 0.023964 0.002289 375.38 2.42
E 32 68 0.024956 0.001599 398.79 0.53
E 32 73 0.029169 0.004161 429.79 0.13
E 32 77 0.023074 0.001102 382.41 2.42
E 32 80 0.024014 0.002336 397.13 2.13
E 32 82 0.022826 0.001800 333.34 2.40
E 32 85 0.016354 0.003556 257.40 116.53
E 32 86 0.015124 0.002368 235.29 0.02
E 32 88 0.017783 0.005224 286.90 0.39
E 32 90 0.022812 0.001326 314.30 2.32
E 32 92 0.028072 0.005148 382.75 2.38
E 32 97 0.026571 0.004087 409.86 0.82
E 32 98 0.022650 0.001781 328.37 21.79
E 32 100 0.026296 0.004428 404.63 2.34
E 33 35 0.021117 0.003356 328.10 54.37
E 33 37 0.028073 0.000848 516.20 0.03
E 33 40 0.031156 0.006330 412.72 4.57
E 33 42 0.028027 0.001998 417.21 28.91
E 33 43 0.021016 0.003896 340.07 25.48
E 33 44 0.025841 0.005088 387.13 69.94
E 33 45 0.022380 0.005388 347.51 7.10
E 33 47 0.030703 0.003504 452.90 0.00
E 33 49 0.020797 0.002922 332.61 0.45
E 33 50 0.028411 0.002629 414.47 0.00
E 33 51 0.027081 0.007159 441.53 12.18
E 33 52 0.026376 0.003260 365.20 0.00
E 33 53 0.021039 0.000806 342.65 230.88
E 33 55 0.020891 0.002911 343.53 23.47
E 33 56 0.020967 0.002977 346.60 80.23
E 33 57 0.028957 0.001122 409.36 2.94
E 33 58 0.025488 0.003223 516.19 0.00
E 33 60 0.028385 0.003788 353.88 76.93
E 33 61 0.050039 0.000806 484.70 224.17
E 33 62 0.021715 0.002010 348.37 39.52
E 33 63 0.019910 0.006077 321.67 124.94
E 33 64 0.023581 0.000806 400.49 0.00
E 33 66 0.031855 0.006038 423.10 0.00
E 33 69 0.022169 0.002311 355.91 51.10
E 33 70 0.020925 0.000961 279.47 10.55
E 33 71 0.020893 0.003994 335.90 27.89
E 33 73 0.036384 0.007547 461.23 25.41
E 33 74 0.022568 0.004757 342.07 0.00
E 33 75 0.027395 0.001865 370.31 42.25
E 33 76 0.025342 0.001085 334.75 16.91
E 33 78 0.020675 0.003143 322.38 0.00
E 33 79 0.019894 0.001660 344.73 1.72
E 33 81 0.021012 0.003227 343.74 20.05
E 33 83 0.020956 0.003331 326.08 103.14
E 33 84 0.020925 0.000961 324.53 12.91
E 33 86 0.021039 0.000806 414.97 296.49
E 33 87 0.021200 0.003807 339.91 0.57
E 33 88 0.029119 0.005653 404.46 7.89
E 33 91 0.025980 0.001894 379.13 391.62
E 33 93 0.021221 0.005546 350.50 49.57
E 33 94 0.031889 0.004494 402.32 147.55
E 33 95 0.022652 0.005344 340.37 0.00
E 33 98 0.034008 0.013567 473.71 7.09
E 33 99 0.026295 0.010661 388.82 71.94
E 34 35 0.027816 0.004240 471.31 0.15
E 34 37 0.023742 0.005556 383.26 0.86
E 34 38 0.025136 0.003656 386.08 0.73
E 34 39 0.023859 0.004892 383.71 0.28
E 34 40 0.024664 0.004325 383.18 5.90
E 34 41 0.031778 0.007886 432.95 0.44
E 34 42 0.024896 0.004851 374.74 0.20
E 34 45 0.028783 0.003957 457.11 1.11
E 34 46 0.024898 0.004682 391.18 0.28
E 34 47 0.021040 0.004772 322.64 0.91
E 34 48 0.028033 0.004500 429.74 0.28
E 34 51 0.028739 0.006716 384.97 1.45
E 34 52 0.029104 0.005437 408.52 0.33
E 34 54 0.024686 0.004233 347.56 0.79
E 34 57 0.028197 0.003677 393.89 59.99
E 34 59 0.028064 0.005215 414.05 0.23
E 34 60 0.029386 0.006426 434.30 1.95
E 34 61 0.026213 0.005244 386.44 1.40
E 34 62 0.025810 0.002229 447.87 1.08
E 34 65 0.027252 0.006803 410.16 0.28
E 34 66 0.031043 0.007363 458.36 0.34
E 34 68 0.024979 0.004813 376.53 1.43
E 34 73 0.029817 0.005102 438.90 0.79
E 34 77 0.025003 0.004544 393.52 0.28
E 34 80 0.024667 0.005111 379.20 1.40
E 34 82 0.024329 0.005016 388.79 0.28
E 34 88 0.015536 0.004258 257.34 6.85
E 34 90 0.024848 0.004806 413.07 0.20
E 34 92 0.027562 0.005372 396.93 0.28
E 34 94 0.031132 0.005132 441.97 0.32
E 34 97 0.024747 0.004900 379.62 0.61
E 34 100 0.025550 0.005201 379.33 0.28
E 35 37 0.029465 0.005192 453.00 2.02
E 35 38 0.035115 0.004206 517.56 0.27
E 35 39 0.027539 0.004391 421.79 0.42
E 35 40 0.042578 0.000170 612.75 66.01
E 35 42 0.027828 0.004908 430.27 0.73
E 35 45 0.028200 0.005662 436.69 2.81
E 35 46 0.027539 0.004391 425.78 0.41
E 35 47 0.029655 0.005192 418.02 16.50
E 35 48 0.028586 0.004635 430.96 0.42
E 35 49 0.019136 0.002421 299.64 203.88
E 35 50 0.029447 0.004749 533.34 0.59
E 35 51 0.027831 0.005534 402.45 0.76
E 35 52 0.029211 0.005178 429.99 0.48
E 35 54 0.022659 0.003315 367.29 0.46
E 35 55 0.019325 0.002468 317.53 0.23
E 35 57 0.026703 0.003925 395.31 18.64
E 35 60 0.030669 0.005691 429.57 3.13
E 35 61 0.030564 0.007180 440.26 2.65
E 35 62 0.030123 0.004167 445.25 3.07
E 35 63 0.019104 0.005580 309.95 0.01
E 35 65 0.026659 0.007019 387.91 0.42
E 35 66 0.031443 0.005982 444.70 0.49
E 35 68 0.027539 0.004391 385.24 2.17
E 35 73 0.029100 0.005192 429.70 0.76
E 35 74 0.022516 0.004537 350.82 0.86
E 35 75 0.028962 0.005804 442.35 0.05
E 35 76 0.002449 0.000000 248.00 0.62
E 35 77 0.027358 0.004240 386.74 0.42
E 35 78 0.018935 0.002803 291.91 0.44
E 35 80 0.027539 0.004391 402.53 2.17
E 35 82 0.027539 0.004391 375.85 0.42
E 35 88 0.038395 0.004975 526.33 2.57
E 35 90 0.027818 0.004240 397.68 0.23
E 35 92 0.027697 0.004391 391.76 0.42
E 35 94 0.031742 0.005705 514.40 0.78
E 35 95 0.022453 0.005784 342.91 0.31
E 35 97 0.027539 0.004391 406.61 1.04
E 35 100 0.028054 0.005156 404.00 0.42
E 36 43 0.022430 0.005156 407.30 100.70
E 36 45 0.024322 0.006683 361.04 39.18
E 36 50 0.023505 0.005602 376.65 0.03
E 36 51 0.026917 0.006197 401.94 5.69
E 36 67 0.018816 0.003932 312.96 27.27
E 36 69 0.023273 0.005713 376.61 1.61
E 36 70 0.022150 0.004492 352.38 0.02
E 36 71 0.021720 0.005614 357.87 70.60
E 36 74 0.024224 0.006671 383.81 2.85
E 36 79 0.022631 0.003324 397.05 7.72
E 36 83 0.023201 0.005713 350.89 0.01
E 36 87 0.022288 0.005508 374.19 12.23
E 36 89 0.015479 0.001649 252.80 4.46
E 36 91 0.023278 0.005609 391.15 0.00
E 36 93 0.021259 0.004070 332.15 14.71
E 36 94 0.025594 0.006430 368.37 0.01
E 36 98 0.023464 0.005836 400.29 0.04
E 37 38 0.027591 0.005398 382.47 0.46
E 37 39 0.029323 0.003295 426.33 1.25
E 37 40 0.028430 0.004467 407.83 1.46
E 37 41 0.030478 0.007773 464.94 0.05
E 37 42 0.028873 0.003633 450.81 0.90
E 37 44 0.029749 0.003986 427.86 1.92
E 37 45 0.029825 0.003649 455.94 0.25
E 37 46 0.029069 0.003714 446.32 1.29
E 37 47 0.024734 0.005095 380.09 0.19
E 37 48 0.028159 0.004213 418.26 1.35
E 37 49 0.028670 0.006154 390.69 30.67
E 37 50 0.029396 0.006908 436.87 1.01
E 37 51 0.028584 0.005692 425.89 0.42
E 37 52 0.029493 0.004862 453.78 1.95
E 37 54 0.028767 0.004119 399.25 4.52
E 37 57 0.029022 0.003477 436.25 14.56
E 37 58 0.029102 0.003763 449.36 1.24
E 37 59 0.028065 0.004435 409.27 0.53
E 37 60 0.029963 0.006767 407.45 0.11
E 37 61 0.026961 0.005072 420.27 0.22
E 37 62 0.028905 0.003312 396.83 0.33
E 37 64 0.028510 0.004228 441.95 1.31
E 37 65 0.030120 0.007317 435.44 1.29
E 37 66 0.030876 0.007353 431.29 1.96
E 37 68 0.028376 0.003693 421.04 1.11
E 37 69 0.029562 0.002874 448.92 1.31
E 37 73 0.028955 0.005784 429.15 0.51
E 37 75 0.029641 0.005400 425.37 0.00
E 37 76 0.028521 0.004229 417.58 0.72
E 37 77 0.028435 0.003804 419.46 1.27
E 37 80 0.024823 0.004456 383.47 1.37
E 37 82 0.030153 0.003081 469.89 1.21
E 37 85 0.022121 0.005433 342.47 70.33
E 37 88 0.023746 0.004745 394.38 1.94
E 37 90 0.027923 0.002714 393.59 1.49
E 37 91 0.029007 0.003519 434.45 1.97
E 37 92 0.027959 0.004978 426.73 1.35
E 37 94 0.030765 0.004539 454.06 1.60
E 37 95 0.027314 0.005992 702.40 4.69
E 37 97 0.027637 0.003943 393.53 1.65
E 37 98 0.029863 0.008208 437.00 0.80
E 37 100 0.027769 0.005074 423.49 1.25
E 38 39 0.022904 0.000339 374.61 2.15
E 38 40 0.019490 0.004252 334.25 83.16
E 38 41 0.025278 0.005561 362.07 1.60
E 38 46 0.023421 0.001305 381.31 2.12
E 38 47 0.020582 0.004162 312.13 7.72
E 38 48 0.028063 0.003477 384.67 2.14
E 38 53 0.014632 0.003231 230.83 133.84
E 38 58 0.022826 0.003575 332.89 2.31
E 38 59 0.027028 0.003983 465.12 0.89
E 38 61 0.029399 0.005870 404.19 226.25
E 38 64 0.023978 0.002092 389.21 2.31
E 38 65 0.024164 0.002520 381.19 2.16
E 38 68 0.025034 0.001745 371.81 12.69
E 38 73 0.025559 0.003616 2672.00 3.56
E 38 77 0.003170 0.000000 280.00 2.17
E 38 80 0.024176 0.002469 363.63 1.86
E 38 82 0.022826 0.001800 346.71 2.15
E 38 85 0.018099 0.004621 281.14 11.67
E 38 86 0.014734 0.003364 233.56 867.29
E 38 88 0.019773 0.005476 312.57 0.53
E 38 90 0.023526 0.001413 373.91 1.50
E 38 92 0.028072 0.005148 404.79 2.13
E 38 97 0.026689 0.004427 378.72 4.92
E 38 98 0.009635 0.002752 972.00 1.67
E 38 99 0.019437 0.003505 320.47 39.11
E 38 100 0.026504 0.004673 432.50 2.10
E 39 41 0.024674 0.003251 383.40 0.91
E 39 42 0.021847 0.001246 332.87 0.17
E 39 45 0.028076 0.004127 389.37 0.84
E 39 47 0.027900 0.003301 434.41 1.98
E 39 51 0.027033 0.006199 379.18 2.63
E 39 54 0.022427 0.001286 342.71 0.73
E 39 57 0.024748 0.004075 399.28 31.76
E 39 59 0.025940 0.004679 395.73 0.35
E 39 60 0.025381 0.004328 397.91 3.90
E 39 61 0.026155 0.004696 413.71 2.06
E 39 62 0.025503 0.001734 489.77 0.41
E 39 68 0.022873 0.001412 358.47 0.45
E 39 73 0.028110 0.005386 414.17 1.84
E 39 80 0.025036 0.004279 375.27 0.28
E 39 90 0.021848 0.002870 337.71 0.09
E 39 94 0.028552 0.005095 401.64 0.43
E 39 97 0.023640 0.002178 365.54 0.11
E 40 41 0.026921 0.006812 393.79 3.89
E 40 42 0.031963 0.005524 418.55 9.51
E 40 44 0.034945 0.007631 409.74 0.59
E 40 45 0.028884 0.003575 424.94 0.35
E 40 46 0.042578 0.002035 460.29 23.52
E 40 47 0.020821 0.004790 327.55 2.31
E 40 48 0.026604 0.002480 429.68 97.13
E 40 49 0.042575 0.005385 492.20 2.55
E 40 50 0.025185 0.004645 385.71 40.60
E 40 51 0.014772 0.004320 1556.00 9.85
E 40 52 0.029697 0.005642 426.09 75.83
E 40 53 0.020567 0.004827 332.28 316.62
E 40 57 0.028993 0.005452 428.65 147.85
E 40 58 0.025134 0.004731 371.39 43.69
E 40 59 0.026234 0.003573 424.37 60.22
E 40 60 0.031030 0.006784 462.17 0.09
E 40 61 0.029833 0.006010 431.57 0.18
E 40 62 0.032874 0.005224 425.89 0.41
E 40 64 0.024655 0.004823 378.19 46.21
E 40 65 0.042578 0.001131 647.37 99.45
E 40 66 0.030658 0.005507 471.43 74.72
E 40 69 0.034945 0.007631 591.64 0.37
E 40 70 0.032911 0.009667 363.40 0.15
E 40 73 0.031120 0.006096 477.84 0.45
E 40 75 0.029346 0.005807 428.13 3.85
E 40 76 0.026073 0.004623 400.81 3.78
E 40 80 0.022252 0.002061 363.02 11.68
E 40 84 0.023953 0.004749 383.77 10.73
E 40 85 0.021049 0.003969 328.79 2.25
E 40 86 0.019774 0.005830 331.71 0.45
E 40 88 0.021219 0.005199 320.50 931.34
E 40 91 0.024854 0.004409 368.81 10.24
E 40 92 0.042578 0.000000 666.82 97.25
E 40 94 0.030883 0.004093 499.04 33.59
E 40 97 0.042578 0.000000 545.77 5.79
E 40 98 0.024365 0.005066 363.22 0.78
E 40 99 0.029800 0.012776 559.88 0.63
E 40 100 0.004017 0.000000 444.00 22.77
E 41 42 0.030875 0.006869 586.66 0.34
E 41 44 0.024079 0.004228 357.92 0.62
E 41 45 0.029602 0.004834 488.55 0.34
E 41 46 0.030875 0.006869 417.73 0.89
E 41 47 0.029955 0.007253 405.21 0.08
E 41 48 0.027164 0.004986 384.22 0.89
E 41 50 0.025515 0.005184 429.31 0.35
E 41 52 0.025962 0.004579 387.43 0.81
E 41 53 0.023331 0.005477 363.90 4.69
E 41 54 0.025617 0.004123 357.56 0.66
E 41 57 0.025917 0.004780 411.95 18.53
E 41 58 0.025344 0.005984 423.93 0.38
E 41 59 0.026278 0.004948 426.59 0.36
E 41 60 0.027433 0.005306 403.43 0.35
E 41 61 0.027323 0.005281 417.65 0.35
E 41 64 0.025717 0.005427 389.19 0.37
E 41 65 0.025738 0.006073 400.04 0.90
E 41 66 0.027183 0.005814 450.68 0.81
E 41 68 0.026694 0.004290 384.05 1.01
E 41 73 0.028107 0.005636 396.76 4.22
E 41 75 0.025135 0.005680 397.84 42.60
E 41 76 0.025741 0.005326 385.99 0.79
E 41 77 0.026613 0.004297 412.58 0.91
E 41 80 0.027265 0.005052 399.43 1.16
E 41 85 0.026063 0.006035 371.38 4.22
E 41 86 0.022196 0.004704 402.70 0.29
E 41 88 0.026689 0.006476 381.24 6.80
E 41 91 0.025822 0.010854 394.71 0.16
E 41 92 0.026525 0.004349 399.24 0.88
E 41 94 0.028286 0.005236 422.30 1.04
E 41 97 0.026693 0.004290 382.46 0.62
E 41 98 0.026155 0.005800 405.94 2.65
E 41 100 0.026694 0.005575 383.35 0.89
E 42 44 0.028075 0.005936 445.61 2.25
E 42 45 0.027716 0.003567 392.27 0.98
E 42 46 0.020562 0.000573 327.39 0.16
E 42 47 0.029452 0.004802 408.73 0.97
E 42 48 0.025963 0.003700 378.53 0.15
E 42 49 0.028923 0.006154 495.29 41.15
E 42 50 0.030026 0.004984 431.79 0.11
E 42 51 0.028510 0.005906 406.43 1.30
E 42 52 0.027937 0.004410 440.26 0.13
E 42 54 0.022479 0.001116 380.84 0.27
E 42 57 0.025041 0.004007 379.78 14.97
E 42 58 0.025938 0.003477 405.50 0.18
E 42 59 0.028708 0.003373 437.06 0.38
E 42 60 0.026474 0.004998 395.61 1.65
E 42 61 0.026331 0.004976 393.62 1.35
E 42 62 0.026088 0.001777 397.39 0.50
E 42 64 0.028669 0.005089 364.25 0.17
E 42 65 0.026733 0.007054 380.91 0.16
E 42 66 0.028434 0.006285 418.01 0.13
E 42 68 0.022858 0.001427 351.71 0.31
E 42 69 0.028076 0.001696 384.51 2.84
E 42 73 0.031307 0.005692 473.42 1.12
E 42 75 0.028959 0.003610 410.78 2.90
E 42 76 0.026003 0.003090 405.66 0.99
E 42 77 0.023276 0.002535 350.86 0.16
E 42 80 0.025110 0.004842 366.63 0.20
E 42 82 0.021087 0.000665 349.28 0.17
E 42 88 0.027990 0.005119 373.21 5.15
E 42 90 0.020527 0.003083 329.27 0.08
E 42 91 0.027198 0.001837 417.46 0.54
E 42 92 0.025158 0.003675 375.54 0.15
E 42 94 0.030885 0.004410 416.09 0.80
E 42 97 0.023650 0.002025 357.20 0.11
E 42 98 0.030957 0.008480 394.34 1.70
E 42 100 0.025160 0.004504 371.76 0.16
E 43 49 0.018950 0.003650 300.15 10.18
E 43 51 0.001681 0.000000 152.00 191.57
E 43 54 0.024034 0.004353 328.71 3.35
E 43 55 0.019557 0.003853 309.88 1.75
E 43 56 0.019649 0.003872 301.73 0.42
E 43 62 0.020618 0.002454 348.91 0.18
E 43 63 0.019558 0.004736 314.83 56.38
E 43 67 0.022453 0.005009 347.58 0.09
E 43 71 0.023695 0.005880 523.04 0.49
E 43 72 0.019543 0.003692 301.96 0.21
E 43 74 0.022013 0.004505 325.22 2.71
E 43 78 0.019963 0.003958 320.69 3.67
E 43 79 0.019433 0.003825 305.91 0.66
E 43 81 0.019602 0.003830 316.96 1.08
E 43 83 0.021526 0.003932 335.30 0.15
E 43 87 0.022060 0.004587 374.33 4.38
E 43 93 0.021706 0.004478 346.28 0.05
E 43 95 0.022617 0.005471 350.83 4.60
E 43 96 0.019381 0.003518 309.91 0.04
E 44 45 0.023629 0.004668 376.87 0.14
E 44 47 0.029203 0.005233 446.26 0.42
E 44 48 0.027240 0.005122 412.90 1.61
E 44 49 0.025174 0.005428 365.32 20.85
E 44 50 0.023759 0.004850 354.60 0.65
E 44 51 0.027495 0.005981 414.52 63.23
E 44 52 0.027187 0.004645 384.87 1.43
E 44 57 0.028025 0.003986 468.82 0.00
E 44 58 0.023321 0.004636 349.69 1.07
E 44 59 0.026126 0.005749 374.76 0.97
E 44 60 0.029745 0.005407 439.36 0.46
E 44 61 0.012084 0.001696 1220.00 3.50
E 44 62 0.024195 0.003880 422.97 0.16
E 44 64 0.023696 0.004673 358.95 1.02
E 44 66 0.030858 0.005566 423.22 1.42
E 44 67 0.028332 0.004621 396.39 0.03
E 44 69 0.023836 0.004854 366.48 13.73
E 44 70 0.023741 0.005071 380.87 202.40
E 44 71 0.023867 0.004760 352.22 0.52
E 44 73 0.028093 0.005420 423.30 163.21
E 44 74 0.025278 0.005767 408.25 1.35
E 44 75 0.025136 0.004960 377.03 0.42
E 44 76 0.024702 0.004895 376.08 0.00
E 44 78 0.015301 0.002976 1564.00 1.57
E 44 79 0.026296 0.006784 472.29 3.02
E 44 83 0.023752 0.004676 353.52 0.32
E 44 84 0.023759 0.005240 360.83 0.36
E 44 87 0.023738 0.004927 357.45 8.91
E 44 88 0.040202 0.003595 786.27 0.84
E 44 91 0.023759 0.004829 390.49 1.25
E 44 93 0.023825 0.006052 355.27 0.04
E 44 94 0.028033 0.004647 403.45 4.07
E 44 95 0.025588 0.005767 366.15 1.69
E 44 98 0.023804 0.004876 366.77 1.35
E 44 99 0.023744 0.006476 355.80 0.19
E 45 46 0.027727 0.004020 391.25 0.84
E 45 47 0.028813 0.003392 436.70 0.38
E 45 48 0.028842 0.004886 463.68 0.84
E 45 49 0.022661 0.005385 348.52 73.55
E 45 50 0.024429 0.004133 372.36 0.70
E 45 51 0.027551 0.004954 419.13 2.30
E 45 52 0.026822 0.004657 381.94 1.00
E 45 53 0.003745 0.000000 352.00 295.45
E 45 54 0.026993 0.003711 393.45 1.43
E 45 57 0.027703 0.003882 434.02 10.01
E 45 58 0.027755 0.003937 404.83 0.94
E 45 59 0.028127 0.004393 445.97 1.07
E 45 60 0.030871 0.007729 456.98 0.05
E 45 61 0.031248 0.006533 432.65 17.70
E 45 62 0.028821 0.003392 556.45 0.06
E 45 64 0.027650 0.003537 407.91 0.96
E 45 65 0.027345 0.007047 412.24 1.61
E 45 66 0.030242 0.005317 452.40 1.01
E 45 67 0.021413 0.005386 351.16 3.38
E 45 68 0.027639 0.003836 417.53 0.22
E 45 69 0.029408 0.004031 435.19 0.08
E 45 71 0.021795 0.004986 332.71 0.27
E 45 73 0.032142 0.006350 427.11 5.90
E 45 74 0.022502 0.005079 346.29 2.48
E 45 75 0.025469 0.004783 404.27 1.55
E 45 76 0.025355 0.005136 392.04 277.05
E 45 77 0.027639 0.003836 384.45 1.62
E 45 80 0.028605 0.003731 445.30 0.58
E 45 82 0.029129 0.003791 404.01 0.86
E 45 83 0.021160 0.005071 345.64 0.05
E 45 87 0.021663 0.005156 329.31 6.11
E 45 88 0.029439 0.007191 448.75 10.85
E 45 90 0.029824 0.005360 473.59 0.83
E 45 91 0.028780 0.003279 463.81 0.88
E 45 92 0.027901 0.004374 434.62 0.84
E 45 93 0.021222 0.005284 365.70 0.14
E 45 94 0.032162 0.004643 472.61 2.67
E 45 95 0.022109 0.005506 354.64 2.71
E 45 97 0.027833 0.003877 416.34 0.28
E 45 98 0.029303 0.007424 405.27 5.66
E 45 99 0.030367 0.008819 441.19 0.01
E 45 100 0.027727 0.004885 413.92 0.84
E 46 47 0.027863 0.003095 435.32 2.05
E 46 51 0.028015 0.005857 392.16 2.67
E 46 54 0.022467 0.001116 357.22 0.51
E 46 57 0.024853 0.003755 400.89 34.87
E 46 59 0.028263 0.003324 423.93 1.10
E 46 60 0.025878 0.004427 395.35 2.14
E 46 61 0.026425 0.005022 398.98 2.03
E 46 62 0.025503 0.002035 414.68 0.41
E 46 68 0.022907 0.001471 357.60 0.85
E 46 73 0.030330 0.005369 460.94 1.84
E 46 80 0.025107 0.004971 368.38 0.54
E 46 88 0.040204 0.000000 376.35 23.67
E 46 90 0.020474 0.003028 336.59 0.19
E 46 94 0.031270 0.005280 466.41 0.45
E 46 97 0.023651 0.002184 365.80 0.21
E 47 48 0.028741 0.004918 421.52 2.17
E 47 49 0.012820 0.004064 1196.00 8.69
E 47 50 0.028188 0.005427 501.58 2.37
E 47 51 0.028974 0.005766 448.97 7.09
E 47 52 0.029256 0.005187 434.04 3.33
E 47 54 0.024842 0.001502 425.97 4.41
E 47 57 0.028867 0.003085 423.06 16.76
E 47 58 0.026868 0.004216 422.66 2.04
E 47 59 0.027783 0.004361 387.95 0.61
E 47 60 0.030462 0.006417 446.74 0.17
E 47 61 0.028574 0.005268 411.54 0.22
E 47 62 0.030912 0.006191 404.37 1.78
E 47 64 0.026567 0.003287 416.01 2.18
E 47 65 0.028047 0.007896 417.58 2.05
E 47 66 0.030728 0.006228 438.97 3.37
E 47 68 0.027863 0.003095 462.72 0.68
E 47 69 0.027856 0.003663 381.52 0.52
E 47 73 0.031135 0.005970 463.42 0.60
E 47 75 0.028327 0.003713 467.88 4.13
E 47 76 0.027488 0.003683 411.95 4.65
E 47 77 0.027900 0.003301 434.01 2.02
E 47 80 0.024066 0.003299 376.16 0.10
E 47 82 0.028721 0.003653 441.89 1.90
E 47 85 0.019205 0.004854 324.84 0.42
E 47 88 0.020694 0.004782 324.09 1.31
E 47 90 0.030874 0.004494 398.12 1.40
E 47 91 0.029469 0.004471 455.50 0.70
E 47 92 0.028069 0.005148 415.41 2.16
E 47 94 0.031930 0.004918 480.48 1.68
E 47 95 0.004802 0.000992 484.00 8.19
E 47 97 0.027531 0.003245 400.12 1.57
E 47 98 0.028556 0.008423 442.57 0.96
E 47 100 0.027531 0.004528 464.38 1.99
E 48 50 0.029858 0.006134 443.97 0.55
E 48 51 0.027477 0.006479 417.08 2.46
E 48 54 0.025719 0.003697 417.15 1.16
E 48 57 0.025803 0.003986 376.36 39.07
E 48 59 0.026782 0.004803 385.75 0.99
E 48 60 0.027109 0.005486 428.65 2.02
E 48 61 0.026291 0.004566 397.38 2.01
E 48 62 0.028237 0.004255 409.39 0.40
E 48 68 0.025774 0.003666 383.82 0.85
E 48 73 0.028229 0.005394 437.75 1.82
E 48 75 0.028002 0.005786 437.61 1.21
E 48 76 0.025299 0.004275 380.01 2.04
E 48 80 0.025886 0.003927 387.80 0.54
E 48 88 0.031385 0.004070 498.37 23.30
E 48 90 0.025404 0.003554 373.29 0.19
E 48 94 0.029097 0.005597 459.30 0.45
E 48 97 0.025813 0.003635 398.76 0.22
E 48 98 0.027484 0.002442 355.15 8.23
E 49 50 0.026859 0.005385 412.04 0.00
E 49 51 0.026521 0.005286 432.29 42.06
E 49 52 0.033757 0.006154 337.69 0.00
E 49 53 0.025448 0.010007 287.85 51.59
E 49 55 0.018598 0.001277 281.64 745.33
E 49 56 0.018702 0.001488 293.48 29.88
E 49 57 0.029684 0.005385 445.35 8.91
E 49 58 0.035453 0.007937 446.19 0.00
E 49 60 0.029913 0.005385 400.32 13.78
E 49 61 0.009268 0.003744 868.00 21.94
E 49 62 0.021278 0.003804 320.49 95.71
E 49 63 0.019538 0.005847 303.17 452.89
E 49 64 0.009268 0.003744 868.00 0.00
E 49 66 0.032993 0.007378 362.24 0.00
E 49 67 0.021989 0.004646 341.10 15.30
E 49 69 0.021598 0.006066 351.68 16.98
E 49 70 0.020317 0.005385 297.82 48.30
E 49 71 0.021399 0.004788 343.18 63.63
E 49 72 0.017173 0.000490 284.94 388.54
E 49 73 0.038334 0.006615 647.70 18.05
E 49 74 0.022886 0.005198 352.19 19.37
E 49 75 0.025956 0.005385 327.73 1.32
E 49 76 0.025956 0.005385 406.39 76.62
E 49 78 0.019627 0.003617 319.50 0.01
E 49 79 0.018407 0.001300 297.87 1.51
E 49 81 0.018695 0.001380 296.47 8.79
E 49 83 0.021493 0.003635 353.46 18.76
E 49 84 0.020317 0.005385 289.14 6.20
E 49 86 0.001457 0.000000 124.00 113.43
E 49 87 0.021390 0.003816 356.49 0.25
E 49 88 0.040201 0.005385 567.67 40.68
E 49 89 0.007619 0.001152 720.00 0.09
E 49 91 0.026226 0.005385 419.79 60.26
E 49 93 0.021977 0.006059 356.38 14.69
E 49 94 0.032570 0.006154 422.62 141.30
E 49 95 0.022589 0.005363 336.40 0.58
E 49 98 0.034941 0.007293 534.21 7.63
E 49 99 0.028669 0.008819 425.75 556.44
E 50 51 0.027193 0.005576 395.43 1.99
E 50 52 0.027633 0.004743 402.09 0.15
E 50 53 0.026434 0.005130 408.63 2.91
E 50 57 0.028981 0.005115 428.36 169.88
E 50 58 0.022875 0.004096 358.52 0.14
E 50 59 0.026186 0.005591 395.45 0.06
E 50 60 0.030599 0.006081 418.85 2.11
E 50 61 0.031872 0.006068 433.94 1.36
E 50 62 0.028420 0.003268 375.12 0.30
E 50 64 0.023350 0.004110 354.21 0.15
E 50 66 0.030659 0.005625 446.95 0.15
E 50 69 0.022389 0.004162 346.70 0.80
E 50 70 0.022765 0.004290 345.83 20.45
E 50 73 0.028058 0.004780 415.98 1.47
E 50 75 0.026025 0.005067 406.59 4.24
E 50 76 0.024772 0.004395 389.12 2.30
E 50 84 0.021703 0.003967 336.96 26.22
E 50 86 0.028332 0.003087 461.75 1.64
E 50 88 0.028819 0.007191 453.71 16.12
E 50 91 0.022919 0.004277 363.39 0.13
E 50 92 0.029636 0.005923 415.03 0.07
E 50 94 0.028766 0.004450 425.24 0.09
E 50 97 0.029802 0.006417 496.76 0.03
E 50 98 0.022941 0.004123 355.13 0.48
E 50 99 0.022941 0.006083 351.90 0.45
E 51 52 0.027725 0.005735 403.99 2.19
E 51 54 0.026884 0.005314 387.82 3.00
E 51 56 0.038508 0.000000 472.64 1.32
E 51 57 0.026916 0.005632 390.16 2.80
E 51 58 0.026848 0.005802 425.54 29.13
E 51 59 0.027993 0.006604 431.49 0.04
E 51 60 0.027119 0.005771 417.11 1.21
E 51 61 0.026984 0.005968 413.54 110.33
E 51 62 0.029201 0.007141 412.82 82.59
E 51 64 0.027043 0.005818 386.46 20.51
E 51 65 0.027264 0.006472 423.82 2.47
E 51 66 0.027567 0.005910 427.53 2.18
E 51 67 0.022966 0.002775 339.05 48.81
E 51 68 0.027429 0.006344 414.67 2.89
E 51 69 0.027845 0.006219 427.80 69.50
E 51 70 0.006019 0.000320 520.00 0.44
E 51 71 0.027705 0.005915 389.36 12.12
E 51 73 0.028080 0.005980 432.14 2.03
E 51 74 0.024080 0.005427 351.09 2.87
E 51 75 0.027574 0.005931 426.46 0.61
E 51 76 0.027796 0.006371 406.43 0.03
E 51 77 0.027313 0.006395 390.99 2.50
E 51 78 0.039439 0.009583 494.41 2.98
E 51 79 0.034182 0.009752 410.43 0.70
E 51 80 0.027525 0.005766 378.59 3.03
E 51 82 0.028887 0.007555 414.91 2.75
E 51 83 0.025430 0.005239 387.87 2.86
E 51 87 0.022728 0.003392 2260.00 11.47
E 51 90 0.029519 0.008310 502.19 2.83
E 51 91 0.027381 0.005680 406.07 0.81
E 51 92 0.027326 0.006140 396.57 2.50
E 51 93 0.024940 0.005371 360.46 65.70
E 51 94 0.028755 0.006198 413.76 0.80
E 51 95 0.027383 0.006106 415.60 1.85
E 51 97 0.027098 0.006009 389.50 2.35
E 51 98 0.027473 0.005921 413.27 1.74
E 51 100 0.027208 0.006302 428.94 2.94
E 52 54 0.025858 0.004143 393.84 0.28
E 52 57 0.026864 0.004470 403.42 83.87
E 52 59 0.026902 0.004996 408.82 0.58
E 52 60 0.027165 0.005229 381.49 1.79
E 52 61 0.027583 0.005858 412.18 1.81
E 52 62 0.030249 0.005925 439.62 0.44
E 52 68 0.026811 0.004382 393.70 1.00
E 52 69 0.033480 0.006568 578.60 1.76
E 52 73 0.029037 0.005840 420.99 1.89
E 52 74 0.025230 0.003566 383.02 0.05
E 52 75 0.027100 0.004927 415.72 2.07
E 52 76 0.027086 0.004238 432.15 1.69
E 52 80 0.028287 0.004683 412.82 0.64
E 52 88 0.030722 0.006106 425.13 19.12
E 52 90 0.028161 0.005282 436.82 0.22
E 52 91 0.030958 0.006699 458.21 0.27
E 52 94 0.028425 0.004404 430.58 0.41
E 52 95 0.025260 0.008177 425.62 0.07
E 52 97 0.026797 0.004394 400.09 0.26
E 52 98 0.031202 0.009497 474.46 2.12
E 53 57 0.029688 0.000594 393.88 1.89
E 53 58 0.024144 0.003583 383.74 1.70
E 53 59 0.024221 0.003653 380.78 1.15
E 53 60 0.030626 0.006465 469.34 0.00
E 53 64 0.025723 0.003836 357.07 1.70
E 53 70 0.020867 0.004264 343.54 1.37
E 53 75 0.028544 0.004049 431.70 1.26
E 53 76 0.026924 0.003969 420.51 0.20
E 53 84 0.021950 0.004300 308.09 207.14
E 53 85 0.020903 0.004991 334.35 1.52
E 53 86 0.015498 0.001989 256.67 0.00
E 53 88 0.022838 0.006743 385.50 0.09
E 53 91 0.024201 0.004375 390.17 1.77
E 53 98 0.025189 0.005745 406.96 1.55
E 53 99 0.020493 0.004891 318.12 185.21
E 54 55 0.023185 0.002733 357.76 0.43
E 54 56 0.024291 0.004462 400.18 3.53
E 54 57 0.023861 0.003876 368.36 112.71
E 54 60 0.025802 0.004216 391.62 2.44
E 54 61 0.025640 0.004592 389.79 1.30
E 54 62 0.022225 0.000905 394.43 0.58
E 54 63 0.022903 0.002533 393.14 1.66
E 54 65 0.026616 0.007438 375.18 0.33
E 54 66 0.027412 0.005825 397.69 0.16
E 54 68 0.022593 0.001207 380.15 0.20
E 54 72 0.022904 0.002533 385.57 3.87
E 54 73 0.028036 0.006054 435.09 1.42
E 54 74 0.023282 0.002813 316.53 0.02
E 54 77 0.023529 0.002909 365.60 0.31
E 54 78 0.024118 0.004364 384.75 0.05
E 54 79 0.023387 0.002621 362.63 21.73
E 54 80 0.023570 0.003166 358.15 0.25
E 54 81 0.023185 0.002733 351.28 2.85
E 54 82 0.022459 0.001126 366.58 0.74
E 54 83 0.023718 0.002782 363.49 2.84
E 54 87 0.022282 0.005597 375.10 7.27
E 54 90 0.022451 0.003489 356.81 2.06
E 54 92 0.024686 0.003214 397.76 1.28
E 54 93 0.022437 0.002035 365.95 6.91
E 54 94 0.027313 0.004305 405.61 0.27
E 54 95 0.023619 0.004410 362.55 0.04
E 54 96 0.023206 0.002660 375.11 1.25
E 54 97 0.023128 0.001639 361.18 0.21
E 54 100 0.024905 0.004539 363.50 0.15
E 55 56 0.017575 0.000973 276.45 0.52
E 55 62 0.020528 0.001995 300.47 6.15
E 55 63 0.018770 0.004472 294.38 3.39
E 55 67 0.022327 0.004613 366.79 14.61
E 55 72 0.016395 0.000604 259.96 2.72
E 55 74 0.022644 0.005767 376.54 1.18
E 55 78 0.019773 0.003357 299.10 0.18
E 55 79 0.016179 0.000602 256.83 28.20
E 55 81 0.017969 0.001653 275.58 3.65
E 55 83 0.020528 0.003494 322.41 12.03
E 55 87 0.023030 0.004791 361.66 8.39
E 55 93 0.021410 0.004138 322.67 16.21
E 55 95 0.022937 0.003797 356.45 0.10
E 55 96 0.018854 0.003564 309.60 33.75
E 56 62 0.020744 0.002076 308.02 1.85
E 56 63 0.018823 0.004773 303.30 0.00
E 56 67 0.022520 0.004740 366.81 0.12
E 56 71 0.025533 0.005766 399.69 53.07
E 56 72 0.017390 0.000850 276.91 0.13
E 56 74 0.023737 0.006470 375.01 1.77
E 56 78 0.019718 0.003432 309.89 3.39
E 56 79 0.017253 0.000772 288.88 2.10
E 56 81 0.017805 0.001433 285.05 0.87
E 56 83 0.021437 0.003418 353.69 3.52
E 56 87 0.022060 0.004587 327.19 5.46
E 56 93 0.021665 0.003917 388.87 1.49
E 56 95 0.022541 0.005316 346.32 3.61
E 56 96 0.018858 0.003539 317.10 0.61
E 57 58 0.028036 0.003578 437.94 63.70
E 57 59 0.026499 0.004844 396.20 25.92
E 57 60 0.027273 0.004921 406.83 4.55
E 57 61 0.026943 0.004947 413.27 2.78
E 57 62 0.030515 0.004040 438.53 8.32
E 57 64 0.028102 0.003324 443.38 69.23
E 57 65 0.026733 0.007339 430.44 34.50
E 57 66 0.028042 0.005299 421.89 86.24
E 57 68 0.025083 0.004005 376.92 18.19
E 57 73 0.028616 0.005662 410.23 1.79
E 57 75 0.029099 0.005699 489.35 12.96
E 57 76 0.028193 0.003832 436.79 1.61
E 57 77 0.024989 0.003914 395.70 33.06
E 57 80 0.025287 0.003999 392.93 54.53
E 57 82 0.023972 0.004099 368.74 28.98
E 57 86 0.029688 0.000424 470.18 3.76
E 57 88 0.030024 0.007191 433.67 0.38
E 57 90 0.023587 0.003925 362.49 32.18
E 57 91 0.029897 0.003214 453.72 8.15
E 57 92 0.025041 0.003895 389.85 38.75
E 57 94 0.028851 0.004360 425.56 11.14
E 57 97 0.025074 0.003932 386.26 27.77
E 57 98 0.029897 0.008423 446.21 6.49
E 57 99 0.028805 0.008264 451.42 9.43
E 57 100 0.025116 0.004699 384.09 32.94
E 58 59 0.026072 0.003643 402.31 0.50
E 58 60 0.030435 0.005900 443.56 1.97
E 58 61 0.030479 0.006222 413.61 1.53
E 58 62 0.025785 0.004523 452.84 0.41
E 58 69 0.018691 0.003731 295.14 1.39
E 58 70 0.018904 0.003624 318.00 23.35
E 58 73 0.030002 0.004466 440.19 1.91
E 58 75 0.025772 0.005299 381.21 2.17
E 58 76 0.024879 0.004434 383.45 1.75
E 58 84 0.019598 0.003788 325.49 35.22
E 58 85 0.024556 0.003176 361.81 3.44
E 58 86 0.024448 0.003291 362.89 1.43
E 58 88 0.026277 0.006799 427.32 13.39
E 58 91 0.021091 0.003967 337.44 0.27
E 58 94 0.031020 0.004464 427.18 0.44
E 58 97 0.004546 0.000160 452.00 0.29
E 58 98 0.022278 0.004000 336.64 2.06
E 58 99 0.020493 0.005774 339.03 0.75
E 59 60 0.027432 0.005306 423.46 1.54
E 59 61 0.027245 0.004920 401.81 1.10
E 59 64 0.026054 0.004362 399.38 0.51
E 59 65 0.026771 0.005293 407.68 0.63
E 59 66 0.027888 0.005978 433.12 0.58
E 59 68 0.026703 0.004783 408.01 3.94
E 59 75 0.026545 0.005477 393.61 0.56
E 59 76 0.026385 0.004815 386.14 0.90
E 59 77 0.026745 0.004854 387.21 0.63
E 59 80 0.026689 0.004760 453.39 0.79
E 59 82 0.025949 0.005641 371.13 0.63
E 59 85 0.025730 0.004568 405.44 2.06
E 59 86 0.023526 0.002205 340.86 0.89
E 59 88 0.026077 0.006093 412.13 5.25
E 59 91 0.025166 0.002985 427.81 0.23
E 59 92 0.026773 0.004792 391.07 0.74
E 59 94 0.028858 0.005326 413.64 0.65
E 59 97 0.026644 0.004673 423.19 1.65
E 59 98 0.026219 0.004754 398.84 2.12
E 59 100 0.026690 0.005030 393.64 1.19
E 60 61 0.027038 0.004946 408.28 0.02
E 60 62 0.029314 0.004749 492.07 0.05
E 60 64 0.031183 0.006565 440.71 3.13
E 60 65 0.025930 0.005790 395.62 3.88
E 60 66 0.028353 0.006493 434.44 3.45
E 60 68 0.025707 0.004348 408.07 0.70
E 60 69 0.029953 0.006348 462.64 0.22
E 60 70 0.029824 0.006354 406.91 0.25
E 60 73 0.028440 0.005485 407.56 0.14
E 60 75 0.031541 0.006985 503.74 3.85
E 60 76 0.027964 0.005387 418.78 19.56
E 60 77 0.025596 0.004348 400.85 3.90
E 60 80 0.025747 0.004158 396.65 2.40
E 60 82 0.025282 0.004410 384.70 3.93
E 60 84 0.028798 0.002926 519.13 0.16
E 60 85 0.029914 0.003280 439.09 1.23
E 60 86 0.027560 0.003546 451.69 0.03
E 60 88 0.029930 0.007191 460.39 114.03
E 60 90 0.024426 0.003424 405.44 3.77
E 60 91 0.030546 0.006431 445.49 1.59
E 60 92 0.026916 0.005164 407.86 3.83
E 60 94 0.029334 0.005587 448.94 10.07
E 60 97 0.026916 0.005164 367.36 1.13
E 60 98 0.030362 0.007801 440.63 7.22
E 60 99 0.029461 0.006648 481.45 0.08
E 60 100 0.025707 0.004780 393.77 3.87
E 61 62 0.031155 0.004240 417.10 0.22
E 61 64 0.030486 0.006568 466.80 1.54
E 61 65 0.026579 0.006261 440.09 2.05
E 61 66 0.028309 0.006221 415.53 1.80
E 61 68 0.026392 0.004962 385.61 0.54
E 61 69 0.007971 0.000096 764.00 1.38
E 61 73 0.028334 0.005635 407.91 0.07
E 61 75 0.031490 0.006306 449.04 1.84
E 61 76 0.031641 0.006526 440.87 2.57
E 61 77 0.026340 0.004976 391.86 2.06
E 61 80 0.026128 0.004413 390.71 1.84
E 61 82 0.026126 0.004420 413.68 2.08
E 61 85 0.030833 0.006842 457.40 29.52
E 61 88 0.030883 0.007230 486.97 0.00
E 61 90 0.025504 0.003959 392.33 2.03
E 61 91 0.033248 0.009215 422.79 0.81
E 61 92 0.026302 0.004922 398.28 2.01
E 61 94 0.028774 0.005053 433.91 3.34
E 61 97 0.026391 0.004969 395.50 0.81
E 61 98 0.033531 0.011815 538.84 17.44
E 61 100 0.026212 0.004957 412.73 2.04
E 62 63 0.020710 0.004772 354.56 15.78
E 62 64 0.028668 0.005089 391.64 0.41
E 62 65 0.025503 0.003590 393.48 0.41
E 62 66 0.031298 0.006800 450.89 0.44
E 62 67 0.022849 0.004802 364.78 1.19
E 62 68 0.025503 0.001734 424.23 0.09
E 62 69 0.023423 0.001566 369.17 0.10
E 62 71 0.019850 0.003369 396.88 0.08
E 62 72 0.020529 0.001662 274.49 7.26
E 62 73 0.031180 0.003703 447.38 3.76
E 62 74 0.022951 0.005427 337.10 0.92
E 62 75 0.029069 0.004092 399.92 1.38
E 62 76 0.027140 0.004172 412.97 39.64
E 62 77 0.025503 0.003241 421.44 0.41
E 62 78 0.020865 0.004868 317.77 0.69
E 62 79 0.020602 0.001726 339.74 1.86
E 62 80 0.025503 0.001890 333.67 0.30
E 62 81 0.020358 0.001941 301.10 0.15
E 62 82 0.025504 0.001734 401.99 0.42
E 62 83 0.019753 0.003222 320.09 0.06
E 62 87 0.021242 0.004011 340.09 6.07
E 62 88 0.028244 0.006529 474.57 41.22
E 62 89 0.014911 0.002456 260.61 0.42
E 62 90 0.025504 0.002714 435.99 0.41
E 62 91 0.026631 0.002516 381.57 0.38
E 62 92 0.027100 0.004494 479.78 0.40
E 62 93 0.021223 0.005640 343.34 0.20
E 62 94 0.032154 0.004821 460.14 1.32
E 62 95 0.023368 0.004437 373.42 0.98
E 62 96 0.020656 0.002078 331.76 0.06
E 62 97 0.025701 0.001823 399.24 0.15
E 62 98 0.032454 0.011815 445.64 3.61
E 62 99 0.031046 0.001085 482.30 0.21
E 62 100 0.027177 0.005156 447.41 0.41
E 63 67 0.022408 0.005917 345.81 321.41
E 63 72 0.018675 0.004162 298.83 81.15
E 63 74 0.022165 0.005526 351.98 4.46
E 63 78 0.019692 0.004364 317.49 2.07
E 63 79 0.018902 0.004942 313.12 2.39
E 63 81 0.018621 0.004445 294.82 27.78
E 63 83 0.020036 0.001912 292.64 0.99
E 63 87 0.022952 0.004797 383.42 9.75
E 63 93 0.021411 0.003211 324.82 15.48
E 63 96 0.018933 0.004254 304.74 4.55
E 64 69 0.022697 0.003988 379.46 1.31
E 64 70 0.022417 0.003452 341.15 23.59
E 64 73 0.028109 0.005117 405.90 1.86
E 64 75 0.025872 0.005120 398.51 5.64
E 64 76 0.024841 0.004632 376.63 2.66
E 64 84 0.022931 0.003820 354.22 35.19
E 64 85 0.024731 0.003519 362.36 3.53
E 64 86 0.025278 0.004466 492.34 1.42
E 64 88 0.026056 0.006194 397.79 13.90
E 64 91 0.023317 0.003956 355.14 0.26
E 64 94 0.028762 0.004893 429.90 0.35
E 64 97 0.023498 0.000933 491.54 0.04
E 64 98 0.023193 0.003852 366.25 1.97
E 64 99 0.022532 0.006309 372.60 0.75
E 65 68 0.026119 0.006081 388.82 0.84
E 65 73 0.028172 0.006217 417.96 1.83
E 65 80 0.026080 0.006055 375.65 0.53
E 65 90 0.026452 0.006722 403.14 0.19
E 65 94 0.028597 0.006370 448.33 0.45
E 65 97 0.026119 0.006081 368.06 0.22
E 66 68 0.028308 0.006295 415.84 1.01
E 66 69 0.031447 0.005554 466.59 1.76
E 66 73 0.028854 0.006053 447.49 1.89
E 66 75 0.029774 0.005955 433.92 2.11
E 66 76 0.028151 0.005432 390.46 1.69
E 66 80 0.028328 0.006308 407.72 0.64
E 66 88 0.031966 0.006991 470.24 18.92
E 66 90 0.027927 0.006199 415.71 0.23
E 66 91 0.031853 0.006954 462.26 0.27
E 66 94 0.029344 0.005672 461.47 0.41
E 66 97 0.028276 0.006229 415.68 0.26
E 66 98 0.030910 0.007995 463.57 2.07
E 67 69 0.021322 0.000396 327.23 0.13
E 67 71 0.020519 0.003799 339.00 762.87
E 67 74 0.022573 0.004980 370.35 0.71
E 67 78 0.022140 0.004337 360.66 0.41
E 67 79 0.022180 0.004684 350.62 2.69
E 67 81 0.022242 0.004494 349.69 0.01
E 67 83 0.022067 0.004852 340.77 0.97
E 67 87 0.021797 0.004813 350.20 5.80
E 67 89 0.018843 0.004502 361.51 6.18
E 67 93 0.021870 0.005450 350.26 0.12
E 67 95 0.022695 0.005497 365.30 1.19
E 67 96 0.022302 0.004599 356.59 0.64
E 68 73 0.028083 0.005319 412.15 0.75
E 68 77 0.023351 0.002660 356.28 0.45
E 68 80 0.025144 0.004591 395.08 0.49
E 68 82 0.022904 0.001476 358.89 0.44
E 68 90 0.023066 0.002528 353.40 0.57
E 68 92 0.025208 0.003672 379.70 0.43
E 68 94 0.028743 0.005065 414.99 0.32
E 68 97 0.023697 0.002105 372.34 0.30
E 68 100 0.025282 0.004513 399.47 0.43
E 69 70 0.018861 0.002325 289.14 49.47
E 69 71 0.022089 0.003753 323.83 0.26
E 69 73 0.031170 0.005172 522.85 33.34
E 69 75 0.025716 0.004916 401.61 0.66
E 69 76 0.024497 0.004282 363.90 0.00
E 69 78 0.021123 0.000254 340.48 1.91
E 69 79 0.025278 0.005088 352.96 2.44
E 69 83 0.005458 0.000320 508.00 0.14
E 69 84 0.018170 0.002501 298.97 0.29
E 69 87 0.025957 0.006784 356.30 40.78
E 69 88 0.040202 0.000255 526.36 1.39
E 69 91 0.020787 0.004283 328.15 1.39
E 69 93 0.024374 0.010063 361.00 0.02
E 69 94 0.031422 0.004190 488.83 5.21
E 69 95 0.022850 0.004435 357.21 2.11
E 69 98 0.022109 0.004122 350.04 1.42
E 69 99 0.020340 0.005681 312.93 0.11
E 70 75 0.028951 0.006165 403.98 0.42
E 70 76 0.026635 0.003788 414.27 0.16
E 70 84 0.017806 0.001512 287.78 0.99
E 70 86 0.018471 0.002817 287.28 0.18
E 70 91 0.021207 0.004487 332.00 3.27
E 70 94 0.001553 0.000000 136.00 4.30
E 70 98 0.022099 0.003961 349.43 42.91
E 70 99 0.019944 0.005337 328.62 6.23
E 71 74 0.022119 0.003758 345.79 2.91
E 71 75 0.024813 0.005570 353.15 5.38
E 71 78 0.022592 0.004664 368.42 2.37
E 71 79 0.022562 0.005682 393.06 0.55
E 71 83 0.019556 0.003614 321.34 0.07
E 71 87 0.021642 0.004566 349.44 3.36
E 71 93 0.020914 0.005108 331.62 0.50
E 71 95 0.022455 0.005286 345.44 2.05
E 72 74 0.022165 0.005526 327.56 0.40
E 72 78 0.019997 0.003313 285.14 5.22
E 72 79 0.015871 0.000395 242.78 5.51
E 72 81 0.017949 0.001612 288.62 0.23
E 72 83 0.019665 0.001662 324.05 1.04
E 72 87 0.022952 0.004797 334.60 7.30
E 72 93 0.021426 0.002859 370.94 0.31
E 72 96 0.018924 0.003642 297.95 0.21
E 73 75 0.028288 0.005239 438.32 0.46
E 73 76 0.028567 0.005682 435.49 0.27
E 73 77 0.028095 0.005401 431.84 1.83
E 73 80 0.028001 0.005283 433.58 2.05
E 73 82 0.030625 0.004869 448.70 1.86
E 73 88 0.030567 0.006661 478.79 0.00
E 73 90 0.028971 0.002714 403.57 1.84
E 73 91 0.031183 0.003703 445.02 0.75
E 73 92 0.028082 0.005319 389.70 1.82
E 73 94 0.029516 0.005675 423.80 1.89
E 73 95 0.031722 0.005992 587.54 2.02
E 73 97 0.028082 0.005319 415.33 1.00
E 73 98 0.028219 0.004563 404.54 6.37
E 73 100 0.028083 0.005319 419.67 1.85
E 74 75 0.024800 0.006002 387.37 14.37
E 74 78 0.022645 0.004949 344.46 0.01
E 74 79 0.024023 0.006601 390.25 71.00
E 74 81 0.022411 0.004879 366.45 2.55
E 74 83 0.022208 0.004413 383.02 4.66
E 74 87 0.022285 0.004575 349.95 9.82
E 74 93 0.022346 0.005236 346.27 6.53
E 74 95 0.022813 0.005569 362.15 0.02
E 74 96 0.022410 0.004934 363.49 1.65
E 75 76 0.025927 0.005145 401.06 0.40
E 75 83 0.024148 0.004240 369.33 10.83
E 75 84 0.025196 0.005002 376.13 3.79
E 75 85 0.002850 0.000000 240.00 0.32
E 75 86 0.028332 0.002629 392.51 2.25
E 75 88 0.028959 0.007191 417.86 1.89
E 75 91 0.025861 0.004860 388.89 2.06
E 75 92 0.028571 0.003512 425.63 6.75
E 75 94 0.028602 0.005317 419.66 13.14
E 75 97 0.028692 0.003604 407.36 2.01
E 75 98 0.025935 0.005083 378.16 0.90
E 75 99 0.025669 0.005380 387.78 1.11
E 76 84 0.024204 0.004300 367.93 650.00
E 76 85 0.025957 0.001583 349.98 518.60
E 76 86 0.027169 0.004216 365.54 8.74
E 76 88 0.028361 0.007191 457.28 10.51
E 76 91 0.024635 0.004297 395.67 1.00
E 76 92 0.025382 0.004368 377.45 3.14
E 76 94 0.028762 0.004574 425.19 0.95
E 76 98 0.024708 0.004443 382.22 2.77
E 76 99 0.024759 0.004951 396.24 212.46
E 77 80 0.024532 0.003641 375.33 0.28
E 77 90 0.023342 0.002667 364.71 0.09
E 77 94 0.028675 0.005151 406.96 0.42
E 77 97 0.023522 0.002549 364.24 0.11
E 78 79 0.019962 0.003423 295.20 167.47
E 78 81 0.019776 0.003525 312.44 4.19
E 78 83 0.021388 0.004194 359.48 4.23
E 78 87 0.021183 0.004313 331.31 15.61
E 78 93 0.021420 0.005528 334.92 8.77
E 78 95 0.022517 0.005319 356.37 0.02
E 78 96 0.019684 0.003464 298.70 1.80
E 79 81 0.017710 0.001372 286.30 0.52
E 79 83 0.021044 0.002953 325.90 0.68
E 79 87 0.022223 0.005879 399.23 38.98
E 79 93 0.021098 0.003232 325.43 0.79
E 79 95 0.023145 0.004036 356.43 49.73
E 80 82 0.024896 0.004492 370.42 0.28
E 80 90 0.024996 0.004677 381.61 0.20
E 80 92 0.025258 0.003805 392.06 0.27
E 80 94 0.028630 0.004829 439.03 0.12
E 80 97 0.024667 0.003685 390.52 0.50
E 80 100 0.025452 0.004827 397.48 0.27
E 81 83 0.020476 0.003888 425.22 0.12
E 81 87 0.023030 0.004791 329.02 2.85
E 81 93 0.021410 0.003211 345.72 0.11
E 81 95 0.022590 0.005423 347.10 5.12
E 81 96 0.018796 0.003304 298.20 0.03
E 82 90 0.020494 0.002925 321.24 0.09
E 82 94 0.031999 0.005427 467.87 0.45
E 82 97 0.023623 0.002262 366.36 0.11
E 83 87 0.021429 0.004219 343.18 5.28
E 83 93 0.021110 0.004945 323.50 0.20
E 83 95 0.022499 0.005074 329.41 10.51
E 83 96 0.019811 0.001979 331.12 0.16
E 84 86 0.018628 0.001502 291.96 0.37
E 84 91 0.021116 0.004749 319.73 19.83
E 84 94 0.025852 0.002968 394.55 31.43
E 84 98 0.022097 0.003961 334.83 2.98
E 84 99 0.020447 0.005808 326.66 0.29
E 85 86 0.019219 0.005380 298.66 12.84
E 85 88 0.018862 0.005152 295.38 1.70
E 85 91 0.005314 0.000608 548.00 4.25
E 85 98 0.031497 0.010741 374.05 1.47
E 86 88 0.024659 0.006205 411.83 0.69
E 86 91 0.026126 0.003029 367.96 1.11
E 86 98 0.028578 0.009066 416.52 14.59
E 86 99 0.021048 0.005621 340.74 27.54
E 87 89 0.021258 0.004070 329.81 0.10
E 87 93 0.021514 0.004987 346.22 4.49
E 87 96 0.022952 0.004797 314.58 4.11
E 88 91 0.028362 0.007191 460.13 5.04
E 88 92 0.031385 0.004070 474.12 23.31
E 88 94 0.031260 0.007191 408.81 1.56
E 88 98 0.029927 0.010757 426.64 2.13
E 88 99 0.031977 0.008310 476.19 31.00
E 90 92 0.025263 0.003604 385.43 0.08
E 90 94 0.031892 0.004494 427.03 0.13
E 90 97 0.023619 0.002528 380.24 0.14
E 90 100 0.025676 0.005247 381.71 0.08
E 91 94 0.027952 0.003562 395.85 0.47
E 91 98 0.022377 0.004110 352.83 0.97
E 91 99 0.021071 0.005585 330.31 0.61
E 92 94 0.029079 0.005537 415.62 0.45
E 92 97 0.025138 0.003497 384.16 0.22
E 93 95 0.022426 0.005176 330.58 12.91
E 93 96 0.021426 0.002859 357.90 0.03
E 94 97 0.029079 0.005537 394.08 0.26
E 94 98 0.028336 0.004046 438.06 0.52
E 94 99 0.030282 0.003392 505.25 1.70
E 94 100 0.028743 0.005065 402.19 0.45
E 95 96 0.022604 0.005435 340.11 0.59
E 97 100 0.025539 0.004942 385.77 0.22
E 98 99 0.022142 0.005608 355.67 2.68
END

SECTION Terminals
Root 46
Terminals 24
T 57
T 27
T 81
T 82
T 17
T 63
T 76
T 19
T 83
T 21
T 25
T 23
T 48
T 70
T 49
T 61
T 85
T 24
T 72
T 58
T 69
T 97
T 86
T 94
END

EOF