SECTION Comment
CREATOR "Carlos Araujo"
REMARK "Instance for QoS Multicast Routing Problem"
QoS METRICS "delay, jitter, bandwidth and estimate of link duration"
END

SECTION Graph
Nodes 100
Edges 1896

E 1 2 0.027048 0.005357 421.49 2.12
E 1 4 0.030931 0.005993 402.54 4.39
E 1 5 0.028178 0.004930 452.50 4.39
E 1 6 0.028290 0.005751 423.99 11.23
E 1 7 0.026047 0.005691 405.65 207.44
E 1 8 0.028400 0.005964 457.34 12.92
E 1 9 0.028695 0.006424 460.08 8.50
E 1 10 0.027749 0.005579 405.31 12.28
E 1 13 0.029009 0.005604 420.83 12.88
E 1 17 0.026149 0.006644 391.45 0.35
E 1 18 0.028382 0.005533 423.01 6.63
E 1 19 0.028517 0.005258 417.18 5.16
E 1 20 0.026901 0.005356 430.64 1.45
E 1 23 0.028669 0.005831 425.09 7.58
E 1 24 0.026428 0.005552 392.98 0.91
E 1 26 0.028039 0.004070 396.04 0.68
E 1 29 0.028252 0.004736 406.74 6.18
E 1 30 0.027343 0.005641 410.62 2.22
E 1 33 0.028077 0.004777 394.28 3.80
E 1 34 0.026861 0.005960 403.11 0.91
E 1 35 0.031889 0.008916 465.58 3.73
E 1 36 0.027623 0.008084 431.93 3.44
E 1 37 0.026787 0.005254 409.27 0.39
E 1 39 0.026714 0.005446 404.75 1.14
E 1 41 0.026582 0.005519 431.39 1.39
E 1 42 0.027328 0.004610 428.66 3.55
E 1 44 0.026830 0.004817 402.22 12.42
E 1 45 0.028005 0.005154 424.34 3.45
E 1 46 0.027328 0.004610 402.17 4.39
E 1 47 0.025251 0.004654 375.99 4.14
E 1 48 0.027040 0.005255 383.74 276.06
E 1 49 0.028727 0.004636 478.18 1.85
E 1 50 0.026418 0.005345 404.05 2.38
E 1 51 0.027337 0.005461 430.17 1.94
E 1 52 0.027357 0.005386 392.74 2.98
E 1 54 0.027573 0.006125 386.59 3.68
E 1 57 0.027081 0.005373 429.33 0.57
E 1 58 0.026998 0.004700 410.03 8.92
E 1 59 0.026432 0.005270 410.27 1.77
E 1 60 0.026706 0.005235 396.37 11.23
E 1 61 0.026826 0.005450 434.29 12.42
E 1 64 0.026097 0.004627 386.94 12.83
E 1 65 0.027339 0.006466 424.24 2.44
E 1 66 0.027022 0.005356 395.80 11.60
E 1 67 0.026567 0.002883 379.52 1.01
E 1 68 0.027124 0.005400 410.61 11.17
E 1 71 0.026568 0.002883 385.25 13.58
E 1 73 0.028126 0.006106 402.54 11.77
E 1 74 0.027882 0.006728 385.99 0.22
E 1 75 0.027008 0.005293 415.10 10.23
E 1 76 0.026511 0.004795 394.17 12.30
E 1 77 0.027033 0.005345 428.46 3.85
E 1 79 0.040543 0.000000 814.59 3.48
E 1 80 0.027719 0.006614 443.10 0.27
E 1 82 0.030704 0.007651 420.76 0.99
E 1 85 0.026107 0.005676 386.45 13.98
E 1 88 0.025843 0.004523 465.53 1.15
E 1 90 0.032741 0.007801 470.36 1.26
E 1 92 0.027068 0.005327 402.17 2.10
E 1 94 0.027731 0.005242 423.66 1.98
E 1 95 0.027928 0.005653 371.99 5.41
E 1 97 0.027068 0.005327 392.47 1.82
E 1 98 0.025816 0.005964 376.14 1.71
E 1 100 0.027124 0.005400 413.44 0.00
E 2 4 0.002161 0.000000 212.00 20.31
E 2 6 0.023375 0.002449 368.29 0.31
E 2 7 0.024820 0.003087 394.08 2.29
E 2 9 0.026901 0.005984 394.24 2.28
E 2 10 0.029994 0.005156 428.75 1.40
E 2 18 0.025286 0.005552 394.21 0.57
E 2 19 0.023420 0.002508 387.23 0.58
E 2 20 0.023418 0.002395 363.72 3.13
E 2 22 0.025384 0.003535 406.78 1.52
E 2 23 0.023439 0.002423 386.69 0.43
E 2 24 0.022487 0.002462 357.49 6.51
E 2 26 0.023073 0.004494 445.65 5.69
E 2 29 0.028557 0.002827 383.00 18.05
E 2 30 0.023414 0.002588 372.14 4.14
E 2 34 0.027396 0.004334 460.75 1.00
E 2 35 0.025617 0.005597 379.54 20.77
E 2 37 0.031344 0.004797 398.86 1.41
E 2 39 0.023375 0.002339 369.17 0.26
E 2 42 0.023455 0.002453 362.89 0.43
E 2 45 0.025600 0.004240 399.90 0.17
E 2 46 0.023455 0.002453 360.61 0.26
E 2 47 0.025532 0.002968 513.79 7.40
E 2 48 0.025320 0.003518 394.06 2.20
E 2 50 0.004354 0.000032 428.00 0.90
E 2 51 0.026057 0.005244 384.70 2.02
E 2 52 0.025882 0.004027 375.31 15.08
E 2 54 0.023761 0.002923 369.21 0.47
E 2 57 0.024455 0.004104 371.83 3.83
E 2 60 0.025867 0.004602 398.25 0.62
E 2 61 0.025557 0.004381 380.96 0.82
E 2 65 0.026489 0.007128 391.37 0.23
E 2 66 0.027076 0.005500 415.76 0.82
E 2 68 0.023445 0.002415 362.49 0.69
E 2 73 0.027942 0.006045 439.07 0.88
E 2 74 0.004930 0.000800 500.00 40.25
E 2 75 0.026749 0.002968 325.90 1.99
E 2 77 0.023400 0.002478 357.09 0.63
E 2 80 0.025750 0.005408 373.00 2.71
E 2 82 0.023402 0.002382 355.48 0.41
E 2 90 0.023489 0.003041 356.09 0.82
E 2 92 0.024407 0.002885 388.54 1.32
E 2 94 0.027098 0.004625 415.26 1.37
E 3 4 0.016057 0.001592 235.43 22.13
E 3 5 0.020529 0.004388 315.81 1.62
E 3 11 0.016932 0.003504 258.94 0.92
E 3 15 0.022656 0.005991 336.26 41.02
E 3 16 0.018857 0.001927 295.14 1.12
E 3 22 0.024174 0.005004 442.07 10.50
E 3 25 0.021122 0.003816 326.63 0.07
E 3 26 0.020989 0.002670 339.40 30.10
E 3 27 0.002513 0.000000 256.00 0.26
E 3 28 0.020678 0.002644 364.52 50.75
E 3 31 0.017121 0.003770 284.05 0.04
E 3 33 0.020264 0.000791 397.77 8.23
E 3 43 0.022864 0.005201 420.16 2.90
E 3 45 0.021252 0.005103 309.58 2.04
E 3 49 0.022869 0.005020 390.84 1.06
E 3 55 0.022055 0.004578 437.27 0.00
E 3 56 0.022788 0.004259 364.11 1.96
E 3 62 0.016120 0.001778 266.90 68.66
E 3 63 0.026635 0.000000 389.15 0.23
E 3 67 0.024006 0.007547 367.37 0.28
E 3 71 0.018940 0.003308 285.07 0.29
E 3 72 0.026635 0.000000 698.33 0.15
E 3 74 0.025955 0.004578 450.06 0.44
E 3 78 0.019209 0.001575 319.67 0.94
E 3 81 0.022112 0.006558 497.89 0.17
E 3 83 0.019779 0.003300 310.57 30.07
E 3 87 0.021442 0.004158 342.38 278.63
E 3 89 0.015281 0.002977 237.32 7.39
E 3 93 0.021352 0.005800 342.54 0.51
E 3 95 0.026838 0.004308 374.01 0.00
E 3 96 0.026635 0.000000 275.91 0.00
E 4 5 0.024879 0.004900 371.74 0.11
E 4 10 0.009618 0.003488 1028.00 1.74
E 4 11 0.018335 0.004530 269.92 1.79
E 4 16 0.019896 0.002329 311.29 0.00
E 4 19 0.002129 0.000000 208.00 0.00
E 4 22 0.027733 0.008183 381.90 0.66
E 4 25 0.021206 0.003913 333.71 56.50
E 4 26 0.021304 0.002784 345.35 10.78
E 4 27 0.021827 0.002183 319.55 2.39
E 4 29 0.021921 0.002915 369.78 0.15
E 4 30 0.025956 0.000339 632.00 0.27
E 4 31 0.019044 0.004441 282.16 0.18
E 4 33 0.022336 0.004457 340.72 0.30
E 4 35 0.022211 0.005604 348.94 0.20
E 4 37 0.013939 0.001664 1452.00 48.26
E 4 43 0.022092 0.002998 353.35 4.65
E 4 44 0.025616 0.002968 375.27 1.51
E 4 48 0.002513 0.000000 256.00 4.36
E 4 49 0.021436 0.002902 344.55 0.31
E 4 51 0.025953 0.002568 348.09 243.33
E 4 52 0.006242 0.001152 664.00 6.33
E 4 54 0.006546 0.000032 644.00 2.25
E 4 56 0.021679 0.002600 349.43 5.29
E 4 57 0.010947 0.001088 1136.00 48.44
E 4 60 0.002833 0.000000 296.00 5.84
E 4 62 0.016086 0.001481 260.20 0.08
E 4 63 0.021688 0.005070 362.16 2.43
E 4 67 0.023513 0.005380 370.46 0.67
E 4 69 0.004897 0.000064 496.00 1.66
E 4 71 0.020344 0.004221 337.61 1.70
E 4 72 0.024891 0.004070 377.13 1.72
E 4 74 0.024224 0.006479 402.36 3.50
E 4 76 0.002577 0.000000 264.00 1.69
E 4 78 0.020865 0.004477 357.92 5.87
E 4 79 0.021981 0.002904 348.11 12.00
E 4 81 0.021500 0.002770 323.91 2.13
E 4 83 0.020736 0.004178 333.05 19.93
E 4 87 0.021454 0.004294 331.92 1.55
E 4 89 0.014747 0.002823 239.23 2.02
E 4 93 0.022000 0.005594 363.66 26.79
E 4 95 0.022267 0.003415 367.82 229.30
E 5 9 0.027266 0.006128 393.51 0.00
E 5 11 0.025234 0.006868 383.16 1.71
E 5 16 0.007186 0.002560 724.00 8.74
E 5 18 0.024170 0.005177 373.07 0.78
E 5 22 0.025729 0.004366 377.91 23.10
E 5 23 0.004482 0.000032 444.00 0.00
E 5 25 0.022555 0.004089 342.23 0.40
E 5 26 0.022544 0.004015 371.53 3.47
E 5 27 0.025236 0.006869 397.86 0.00
E 5 28 0.023039 0.003692 352.80 1.16
E 5 29 0.022474 0.003547 352.21 0.01
E 5 30 0.022904 0.000763 524.95 0.61
E 5 31 0.020221 0.003053 317.32 4.34
E 5 33 0.022385 0.004897 356.29 0.63
E 5 36 0.024466 0.006550 361.42 65.71
E 5 43 0.023343 0.004723 398.32 3.96
E 5 45 0.022135 0.004399 348.03 5.14
E 5 48 0.025515 0.002374 389.25 3.83
E 5 49 0.022580 0.004240 329.57 0.13
E 5 50 0.021450 0.004033 352.54 0.17
E 5 52 0.025727 0.003871 367.27 1.32
E 5 55 0.023346 0.004723 373.78 13.64
E 5 56 0.023343 0.004723 356.30 3.70
E 5 61 0.004482 0.000032 444.00 0.05
E 5 62 0.023493 0.005060 372.17 2.39
E 5 63 0.025235 0.006869 370.55 0.00
E 5 67 0.023389 0.004346 409.58 0.56
E 5 69 0.020967 0.003040 339.21 0.30
E 5 71 0.021867 0.004386 353.00 2.64
E 5 72 0.025236 0.006869 371.09 0.02
E 5 74 0.024170 0.005669 355.82 0.88
E 5 77 0.027766 0.001809 438.44 0.04
E 5 78 0.025234 0.006868 420.01 4.82
E 5 79 0.023346 0.004723 326.04 3.01
E 5 81 0.023346 0.004723 396.20 0.00
E 5 83 0.021559 0.004532 328.61 13.05
E 5 87 0.021968 0.005304 374.29 0.49
E 5 93 0.022647 0.004397 390.43 22.32
E 5 95 0.022587 0.003821 349.39 73.00
E 5 96 0.023347 0.004723 339.56 50.09
E 6 7 0.025987 0.004346 408.52 2.15
E 6 9 0.028340 0.006463 429.80 2.18
E 6 10 0.029774 0.005597 485.20 0.05
E 6 18 0.025075 0.005752 392.86 0.33
E 6 19 0.021299 0.000517 339.82 0.40
E 6 20 0.023343 0.002254 367.20 0.49
E 6 23 0.021277 0.001373 350.76 0.33
E 6 24 0.022430 0.002374 366.49 48.77
E 6 26 0.023357 0.003166 566.21 186.91
E 6 29 0.028558 0.002827 463.73 0.03
E 6 30 0.022285 0.001005 354.49 5.76
E 6 34 0.023930 0.004803 402.95 1.08
E 6 35 0.024259 0.004325 543.09 0.18
E 6 37 0.027798 0.004434 377.94 0.81
E 6 39 0.021754 0.001241 357.97 0.18
E 6 42 0.021232 0.000464 323.38 0.29
E 6 45 0.026889 0.003816 426.80 0.86
E 6 46 0.021232 0.000464 347.15 0.18
E 6 47 0.023073 0.001017 488.91 57.62
E 6 48 0.025291 0.003402 384.62 0.39
E 6 51 0.028087 0.006377 453.60 0.64
E 6 52 0.026503 0.004194 418.20 3.74
E 6 54 0.022428 0.001068 355.56 4.13
E 6 57 0.024242 0.003852 381.78 227.11
E 6 60 0.025729 0.004484 409.73 0.65
E 6 61 0.025699 0.004423 388.48 3.73
E 6 65 0.026560 0.007227 419.42 0.34
E 6 66 0.027296 0.006083 412.11 0.09
E 6 68 0.022377 0.001122 346.36 0.15
E 6 73 0.030147 0.007204 460.17 0.08
E 6 77 0.023292 0.002560 371.11 0.29
E 6 80 0.024686 0.004160 386.11 1.26
E 6 82 0.021375 0.000632 331.76 0.25
E 6 90 0.021187 0.002553 349.11 2.07
E 6 92 0.024800 0.003307 384.04 774.90
E 6 94 0.028135 0.004194 439.51 0.28
E 6 97 0.023084 0.001736 345.98 758.43
E 6 100 0.024811 0.004188 371.31 279.17
E 7 8 0.027370 0.005201 409.23 2.47
E 7 9 0.027564 0.005268 423.98 0.05
E 7 10 0.026506 0.005046 412.30 3.02
E 7 13 0.028624 0.006037 440.65 2.48
E 7 17 0.025315 0.007243 445.32 25.73
E 7 18 0.026478 0.003015 443.80 0.25
E 7 19 0.026153 0.004482 386.73 2.50
E 7 20 0.025274 0.003991 369.09 2.88
E 7 22 0.025083 0.003366 406.59 2.34
E 7 23 0.026190 0.004458 418.61 4.74
E 7 24 0.026172 0.005255 408.14 13.37
E 7 30 0.024875 0.003627 360.39 4.42
E 7 32 0.026994 0.004261 383.91 0.26
E 7 34 0.026642 0.005210 420.54 0.68
E 7 36 0.024006 0.006805 411.75 2.41
E 7 37 0.025505 0.004508 403.79 3.39
E 7 38 0.028516 0.005343 431.51 2.26
E 7 39 0.025339 0.003782 385.20 3.53
E 7 40 0.029516 0.006566 399.34 2.38
E 7 41 0.027503 0.005354 413.88 0.20
E 7 42 0.026138 0.004371 403.24 1.46
E 7 44 0.021887 0.004494 379.90 1.92
E 7 45 0.030907 0.006105 523.57 0.74
E 7 46 0.026018 0.004070 386.28 2.02
E 7 47 0.026962 0.004420 411.57 2.95
E 7 48 0.025271 0.003556 390.56 0.08
E 7 50 0.023836 0.003477 349.85 0.21
E 7 51 0.026796 0.005821 370.60 4.77
E 7 52 0.025968 0.004551 390.77 0.69
E 7 54 0.024811 0.003612 399.88 1.56
E 7 57 0.025392 0.004258 368.14 4.45
E 7 58 0.028922 0.006137 455.33 0.57
E 7 59 0.026717 0.004606 399.63 1.02
E 7 60 0.026602 0.004933 431.11 0.48
E 7 61 0.025590 0.004356 404.74 1.16
E 7 64 0.024497 0.002934 405.76 2.50
E 7 65 0.026116 0.006111 373.64 2.55
E 7 66 0.027639 0.006629 394.93 2.85
E 7 68 0.025407 0.004095 370.20 4.35
E 7 73 0.027813 0.005778 415.33 2.74
E 7 75 0.023896 0.004011 404.62 1.79
E 7 76 0.024137 0.003543 368.27 3.52
E 7 77 0.025472 0.004177 398.80 3.83
E 7 80 0.025463 0.004135 411.34 21.23
E 7 82 0.025352 0.003865 394.66 1.75
E 7 85 0.029008 0.004876 417.81 3.29
E 7 88 0.028481 0.007171 440.41 12.72
E 7 90 0.025594 0.004104 387.16 3.12
E 7 92 0.025396 0.004095 391.00 0.32
E 7 94 0.027680 0.004948 418.99 3.36
E 7 97 0.025248 0.003796 386.32 0.00
E 7 98 0.021699 0.002186 362.03 0.84
E 8 9 0.027998 0.005922 416.19 1.52
E 8 17 0.024998 0.005659 379.79 17.53
E 8 20 0.023979 0.003279 394.52 0.52
E 8 24 0.028808 0.007538 415.17 21.78
E 8 32 0.026623 0.004497 397.65 7.48
E 8 37 0.026872 0.004588 419.85 1.31
E 8 38 0.026844 0.004737 446.19 6.17
E 8 41 0.028871 0.006317 425.02 78.16
E 8 45 0.028533 0.004749 444.04 1.30
E 8 47 0.025955 0.004288 364.82 26.97
E 8 48 0.026615 0.004499 394.78 15.14
E 8 50 0.022217 0.004003 349.82 3.19
E 8 51 0.027997 0.006784 409.24 5.57
E 8 52 0.026707 0.003574 404.00 19.78
E 8 53 0.027031 0.005060 382.24 1.25
E 8 57 0.027364 0.004071 416.72 64.44
E 8 58 0.021350 0.003314 313.39 0.89
E 8 59 0.027045 0.003863 409.92 6.67
E 8 60 0.030014 0.005942 433.02 1.89
E 8 61 0.028949 0.005663 458.78 11.80
E 8 69 0.021017 0.002509 318.77 6.56
E 8 70 0.018050 0.001994 303.16 22.34
E 8 75 0.025074 0.005457 392.08 0.43
E 8 84 0.021698 0.002796 345.12 27.77
E 8 86 0.002033 0.000000 196.00 6.77
E 8 88 0.026019 0.006040 413.29 2.10
E 8 91 0.021703 0.003752 336.06 5.10
E 8 94 0.028182 0.005035 442.06 1.43
E 8 98 0.022102 0.003015 357.71 5.34
E 8 99 0.019770 0.004888 314.65 3.16
E 9 10 0.027796 0.005402 434.74 4.39
E 9 13 0.026427 0.005732 389.01 2.27
E 9 17 0.027774 0.004936 413.85 12.05
E 9 18 0.021377 0.004965 351.65 0.75
E 9 19 0.028605 0.005569 405.56 24.38
E 9 22 0.027742 0.005688 431.05 0.20
E 9 24 0.028714 0.007939 424.17 1.34
E 9 26 0.020561 0.004409 304.11 0.78
E 9 30 0.028134 0.006007 404.91 0.06
E 9 32 0.027642 0.004757 404.72 0.39
E 9 33 0.019592 0.003074 305.71 0.28
E 9 34 0.028126 0.005427 428.02 2.19
E 9 35 0.019595 0.003074 323.52 24.48
E 9 36 0.025574 0.006801 373.40 0.46
E 9 37 0.027736 0.005233 416.79 9.73
E 9 38 0.027614 0.005042 445.35 2.54
E 9 39 0.028127 0.004839 421.38 24.90
E 9 40 0.028366 0.005670 418.03 2.04
E 9 41 0.029609 0.006654 434.16 0.08
E 9 44 0.026837 0.006072 395.73 19.81
E 9 45 0.022968 0.004956 353.94 2.09
E 9 46 0.028651 0.006285 419.64 2.13
E 9 47 0.028229 0.006077 445.20 4.78
E 9 49 0.019537 0.003440 301.25 0.07
E 9 50 0.027421 0.007145 432.82 0.15
E 9 52 0.025319 0.004679 358.95 1.24
E 9 53 0.026363 0.003949 479.80 5.92
E 9 57 0.026900 0.005427 438.54 4.86
E 9 58 0.027399 0.004053 500.47 0.74
E 9 59 0.028135 0.006070 432.55 0.51
E 9 60 0.029436 0.005657 433.10 0.69
E 9 61 0.027803 0.005494 435.13 1.86
E 9 64 0.028017 0.005434 399.99 2.35
E 9 66 0.029534 0.006436 455.73 3.52
E 9 71 0.020378 0.004221 306.77 0.52
E 9 73 0.030061 0.006859 454.42 4.68
E 9 75 0.024972 0.005283 402.00 44.30
E 9 76 0.027897 0.005936 398.90 4.53
E 9 85 0.028215 0.005434 419.64 1.74
E 9 86 0.030366 0.000000 532.77 3.94
E 9 88 0.028254 0.006343 401.86 44.96
E 9 91 0.024262 0.000113 279.24 38.53
E 9 92 0.027974 0.006046 404.67 3.40
E 9 97 0.028057 0.005932 435.85 0.41
E 9 100 0.028472 0.006745 419.37 0.00
E 10 17 0.025141 0.005757 388.34 17.25
E 10 18 0.030070 0.005300 652.53 3.01
E 10 20 0.027913 0.005088 406.37 0.77
E 10 24 0.028380 0.007115 412.48 51.04
E 10 26 0.031382 0.006727 543.92 24.02
E 10 29 0.031380 0.006727 428.59 0.04
E 10 32 0.022302 0.003115 339.28 1.73
E 10 34 0.031385 0.006727 452.93 1.30
E 10 37 0.026375 0.004824 398.08 1.01
E 10 38 0.024717 0.006003 425.31 4.43
E 10 41 0.029035 0.006076 426.35 47.63
E 10 42 0.005122 0.000032 524.00 0.68
E 10 45 0.029344 0.005766 448.53 1.00
E 10 46 0.017765 0.003808 1872.00 0.24
E 10 47 0.025861 0.005041 382.47 39.79
E 10 48 0.027791 0.005262 426.00 5.70
E 10 50 0.024654 0.004952 381.65 3.04
E 10 51 0.026780 0.005619 421.02 1.53
E 10 52 0.027362 0.005275 441.89 18.71
E 10 53 0.031328 0.006784 397.21 2.02
E 10 54 0.028162 0.004862 451.79 6.22
E 10 57 0.029768 0.005597 418.01 96.89
E 10 58 0.024156 0.004209 357.92 1.19
E 10 59 0.027317 0.005347 379.75 5.52
E 10 60 0.030287 0.005843 448.02 1.77
E 10 61 0.028330 0.004763 435.14 12.28
E 10 65 0.029773 0.009116 462.59 0.29
E 10 69 0.023961 0.004832 359.59 6.15
E 10 70 0.022980 0.004671 342.02 26.33
E 10 75 0.025062 0.005503 406.14 0.30
E 10 80 0.030452 0.005851 415.37 3.14
E 10 84 0.023765 0.004728 377.66 14.48
E 10 88 0.025993 0.007373 413.10 2.42
E 10 91 0.024381 0.004975 386.12 4.87
E 10 94 0.027792 0.004947 414.76 1.92
E 10 98 0.024503 0.004786 376.72 5.09
E 10 99 0.020375 0.004285 335.13 3.10
E 11 15 0.022695 0.006002 364.26 0.11
E 11 16 0.018989 0.004497 296.34 7.40
E 11 22 0.024174 0.005003 383.68 0.37
E 11 25 0.021122 0.003816 325.66 0.15
E 11 26 0.020770 0.005807 322.94 0.04
E 11 27 0.020190 0.001357 291.66 141.64
E 11 28 0.020519 0.002626 329.41 1.30
E 11 31 0.017149 0.003807 284.22 0.76
E 11 33 0.020486 0.004353 286.78 1.61
E 11 43 0.022863 0.005201 389.34 5.41
E 11 45 0.021043 0.004931 330.02 0.67
E 11 49 0.022508 0.004212 424.30 230.57
E 11 55 0.019782 0.000611 272.56 239.05
E 11 56 0.022357 0.003968 321.68 4.59
E 11 62 0.016803 0.003366 273.58 3.09
E 11 63 0.021377 0.003562 381.95 132.23
E 11 67 0.024648 0.008286 375.91 1.03
E 11 71 0.018963 0.005088 287.97 7.79
E 11 72 0.021377 0.003562 349.41 127.42
E 11 74 0.025954 0.000000 620.28 0.75
E 11 78 0.019110 0.004489 310.85 6.00
E 11 79 0.020191 0.000170 223.43 2.30
E 11 81 0.020698 0.005766 384.48 129.16
E 11 83 0.019779 0.004721 307.26 0.39
E 11 87 0.021486 0.004799 343.04 13.93
E 12 17 0.025347 0.005463 388.73 14.32
E 12 24 0.028889 0.007941 440.27 41.01
E 12 32 0.016955 0.002515 263.96 1.84
E 12 36 0.022315 0.004579 342.25 3.02
E 12 38 0.017267 0.003928 276.84 1.53
E 12 41 0.024600 0.006954 395.98 29.57
E 12 47 0.018066 0.005615 290.71 53.26
E 12 50 0.022395 0.004787 349.62 3.49
E 12 51 0.027814 0.006186 399.78 10.48
E 12 53 0.018807 0.002958 297.24 0.88
E 12 57 0.028738 0.002307 406.73 31.62
E 12 58 0.020968 0.004141 323.25 2.42
E 12 59 0.025618 0.000339 274.67 5.10
E 12 60 0.032159 0.005621 415.75 2.00
E 12 69 0.020647 0.003750 351.57 7.49
E 12 70 0.020934 0.003869 321.57 64.02
E 12 75 0.026489 0.005944 402.30 0.65
E 12 84 0.020881 0.003959 342.17 15.62
E 12 86 0.017916 0.002967 291.94 6.66
E 12 88 0.016788 0.004280 277.26 2.64
E 12 91 0.021055 0.005121 345.38 3.20
E 12 98 0.022001 0.004023 327.93 3.06
E 12 99 0.020551 0.005850 325.67 2.08
E 13 17 0.024666 0.005005 400.60 17.49
E 13 20 0.002865 0.000000 300.00 0.54
E 13 24 0.028161 0.007705 393.26 21.79
E 13 26 0.020734 0.007530 307.59 8.42
E 13 32 0.024578 0.003186 379.80 7.67
E 13 33 0.019173 0.003925 344.47 118.18
E 13 37 0.027931 0.004692 438.60 1.27
E 13 38 0.024892 0.003460 412.08 6.54
E 13 41 0.030323 0.008122 418.41 76.33
E 13 45 0.022697 0.004666 356.68 1.27
E 13 47 0.024482 0.004260 349.82 27.21
E 13 48 0.027063 0.003668 409.83 13.89
E 13 50 0.023410 0.005009 372.36 3.18
E 13 51 0.030039 0.007024 411.48 4.80
E 13 52 0.026592 0.003443 386.86 19.70
E 13 53 0.024895 0.005280 339.49 1.26
E 13 57 0.027266 0.004308 454.09 66.46
E 13 58 0.023944 0.004091 352.40 0.89
E 13 59 0.027575 0.003952 395.14 6.59
E 13 60 0.031320 0.007123 454.74 1.89
E 13 61 0.028669 0.005471 393.47 11.80
E 13 69 0.023052 0.002987 339.13 6.53
E 13 70 0.024007 0.003350 355.13 22.88
E 13 75 0.025014 0.005199 378.95 0.41
E 13 84 0.023536 0.003085 367.79 25.30
E 13 88 0.024599 0.006181 360.77 2.12
E 13 91 0.023564 0.004517 368.16 5.07
E 13 94 0.029503 0.004107 417.13 1.47
E 13 98 0.023564 0.003796 360.19 5.31
E 13 99 0.022417 0.005682 352.20 3.15
E 14 17 0.025347 0.005760 391.21 14.27
E 14 24 0.028889 0.007941 415.32 41.76
E 14 32 0.020918 0.005156 326.24 1.84
E 14 36 0.023318 0.005956 374.96 1.31
E 14 38 0.021718 0.005289 367.92 1.54
E 14 41 0.024600 0.000000 465.29 28.56
E 14 47 0.020951 0.005633 309.47 53.05
E 14 50 0.022782 0.005766 359.21 3.45
E 14 51 0.027814 0.007335 423.76 10.11
E 14 53 0.021583 0.005251 349.87 0.91
E 14 57 0.028738 0.002374 421.22 32.96
E 14 58 0.022114 0.006095 326.32 2.48
E 14 59 0.025618 0.002827 454.29 5.12
E 14 60 0.032158 0.007420 528.07 1.99
E 14 69 0.022415 0.006305 384.60 7.12
E 14 70 0.022725 0.005783 342.48 64.34
E 14 75 0.026249 0.005970 405.06 0.62
E 14 84 0.022516 0.006127 350.44 15.56
E 14 86 0.021217 0.005575 348.38 6.75
E 14 88 0.020441 0.005147 322.26 2.65
E 14 91 0.022575 0.006031 365.71 3.25
E 14 98 0.022382 0.006094 338.06 3.09
E 14 99 0.022394 0.006253 367.45 2.10
E 15 16 0.022334 0.005599 356.67 21.77
E 15 22 0.022754 0.005879 316.18 0.26
E 15 25 0.022598 0.005878 329.85 0.14
E 15 27 0.022361 0.004871 319.85 986.37
E 15 28 0.023258 0.006106 370.10 166.29
E 15 31 0.022546 0.005906 334.35 6.23
E 15 33 0.022776 0.005970 393.46 8.27
E 15 36 0.024342 0.007236 359.12 0.53
E 15 43 0.022735 0.002374 323.24 3.96
E 15 45 0.023403 0.005870 361.83 0.32
E 15 49 0.022265 0.005088 341.55 0.00
E 15 51 0.023583 0.005050 353.66 8.08
E 15 57 0.021368 0.003457 326.13 55.96
E 15 67 0.022696 0.005942 356.92 4.96
E 15 71 0.022624 0.005703 332.41 116.69
E 15 74 0.023330 0.006360 359.66 0.17
E 15 75 0.024156 0.004757 373.78 0.86
E 15 78 0.023181 0.002991 351.82 0.83
E 15 81 0.023108 0.002646 339.11 1665.66
E 15 83 0.022721 0.005835 344.59 0.43
E 15 87 0.022683 0.005918 355.56 9.72
E 15 89 0.022474 0.006106 348.53 2.24
E 16 18 0.020493 0.002374 440.10 4.69
E 16 25 0.019851 0.002699 317.83 13.74
E 16 26 0.021296 0.003187 327.14 5.46
E 16 27 0.018268 0.001272 311.44 4.01
E 16 31 0.018809 0.004360 308.97 0.00
E 16 33 0.020944 0.002945 344.65 2.61
E 16 35 0.018714 0.000878 272.44 1.35
E 16 36 0.022632 0.005902 436.47 11.50
E 16 43 0.018740 0.003572 283.11 21.02
E 16 44 0.023375 0.004519 360.38 3.35
E 16 45 0.021997 0.005628 332.07 26.87
E 16 49 0.018728 0.001552 306.28 4.56
E 16 56 0.016664 0.000463 274.78 35.68
E 16 62 0.019405 0.003036 303.57 54.67
E 16 63 0.020396 0.005643 300.93 3.95
E 16 67 0.022339 0.005108 352.12 25.07
E 16 69 0.023922 0.009023 613.83 6.10
E 16 71 0.019994 0.004445 340.27 2.97
E 16 74 0.023664 0.004907 384.90 24.94
E 16 78 0.019524 0.003783 292.90 3.34
E 16 79 0.016410 0.000308 246.86 4.29
E 16 81 0.017255 0.000631 277.30 1.92
E 16 83 0.020747 0.004494 335.22 4.88
E 16 87 0.021268 0.003991 314.01 0.13
E 16 89 0.018699 0.003816 321.52 0.06
E 16 93 0.021653 0.005402 345.76 10.31
E 16 95 0.022225 0.005736 336.05 485.40
E 17 21 0.024936 0.005131 399.18 14.33
E 17 24 0.027802 0.006566 417.34 0.50
E 17 32 0.025286 0.005662 394.25 3.46
E 17 37 0.025284 0.004906 397.75 2.49
E 17 38 0.024243 0.005472 345.05 7.06
E 17 40 0.024707 0.005123 351.11 17.89
E 17 41 0.027009 0.005509 403.42 2.51
E 17 44 0.025100 0.006696 441.28 17.25
E 17 47 0.025096 0.006049 382.69 4.63
E 17 48 0.024614 0.005450 363.27 41.72
E 17 50 0.025408 0.006148 402.63 1.64
E 17 51 0.027682 0.007029 419.17 1.42
E 17 52 0.024938 0.008050 355.47 6.89
E 17 53 0.024870 0.005165 386.99 0.76
E 17 57 0.028738 0.004635 413.16 1.89
E 17 58 0.024819 0.005946 364.38 4.43
E 17 59 0.026026 0.005801 388.10 1.93
E 17 60 0.026952 0.006132 410.92 1.86
E 17 64 0.025224 0.005873 367.91 17.43
E 17 66 0.025199 0.007423 412.18 24.79
E 17 69 0.025337 0.006843 384.98 0.11
E 17 70 0.024894 0.004980 378.06 0.62
E 17 73 0.026860 0.005990 394.70 18.33
E 17 75 0.024458 0.005352 382.23 18.74
E 17 76 0.025609 0.006167 382.64 17.03
E 17 84 0.024911 0.006280 382.45 0.51
E 17 85 0.025041 0.005742 379.88 45.25
E 17 86 0.024204 0.003915 387.94 4.09
E 17 88 0.025948 0.006571 390.66 0.62
E 17 91 0.025064 0.006477 370.66 0.37
E 17 92 0.023838 0.006848 354.53 4.30
E 17 94 0.027095 0.005993 425.75 1.36
E 17 97 0.023838 0.006848 436.18 2.40
E 17 98 0.025032 0.006268 370.58 0.84
E 17 99 0.024953 0.006507 406.20 1.49
E 18 19 0.024475 0.004869 387.83 0.82
E 18 20 0.025428 0.005752 364.88 2.18
E 18 23 0.024329 0.004893 365.69 0.93
E 18 25 0.019083 0.002976 313.11 1.01
E 18 26 0.021814 0.004713 318.85 2.38
E 18 27 0.019252 0.002748 300.69 1.22
E 18 28 0.020269 0.003053 318.42 0.96
E 18 29 0.019180 0.002770 300.74 8.53
E 18 30 0.024125 0.004493 375.28 23.63
E 18 33 0.019322 0.003075 326.66 2.67
E 18 34 0.025759 0.006444 412.77 0.88
E 18 35 0.021738 0.003405 344.58 6.60
E 18 37 0.031344 0.004033 480.62 2.92
E 18 39 0.024566 0.004980 372.58 0.46
E 18 42 0.024816 0.005050 364.88 0.42
E 18 43 0.018945 0.004730 311.29 0.80
E 18 45 0.025600 0.004350 399.19 0.15
E 18 46 0.024815 0.005050 363.63 0.55
E 18 47 0.024033 0.001017 358.41 1.78
E 18 48 0.027628 0.004655 430.24 0.39
E 18 49 0.018854 0.002533 313.84 1.57
E 18 51 0.026918 0.004410 455.09 2.37
E 18 52 0.026494 0.004029 390.40 3.55
E 18 54 0.024118 0.004636 361.63 1.94
E 18 55 0.019060 0.002614 309.40 0.86
E 18 56 0.018853 0.002533 305.97 7.82
E 18 57 0.025376 0.004496 421.69 3.79
E 18 59 0.027293 0.005242 412.09 2.90
E 18 60 0.029184 0.005918 435.11 0.89
E 18 61 0.028390 0.005246 420.76 0.97
E 18 63 0.019141 0.004896 313.48 1.23
E 18 65 0.027965 0.007929 412.02 0.38
E 18 66 0.030944 0.006992 422.46 1.52
E 18 67 0.021297 0.004308 324.13 1.62
E 18 68 0.024660 0.004670 410.39 1.11
E 18 72 0.018566 0.002447 307.72 0.83
E 18 73 0.030394 0.006756 462.36 1.65
E 18 74 0.021685 0.003966 357.53 6.29
E 18 75 0.024940 0.001187 312.93 4.98
E 18 77 0.025429 0.004945 397.06 0.97
E 18 79 0.018853 0.002533 287.46 49.96
E 18 80 0.026489 0.006444 439.47 4.04
E 18 81 0.019060 0.002614 286.65 1.22
E 18 82 0.024505 0.004784 363.31 0.22
E 18 90 0.024717 0.004955 385.83 0.36
E 18 92 0.026632 0.004670 398.22 7.54
E 18 94 0.029128 0.004410 469.08 0.14
E 18 95 0.022491 0.007452 346.90 0.18
E 19 20 0.023363 0.002278 364.42 809.82
E 19 22 0.027483 0.005062 413.82 396.91
E 19 23 0.021065 0.001299 343.20 0.72
E 19 24 0.022299 0.002247 355.49 49.84
E 19 26 0.022564 0.000000 272.85 141.59
E 19 29 0.028558 0.002827 420.57 1.97
E 19 30 0.022280 0.001001 342.10 21.28
E 19 34 0.023930 0.004803 430.34 1.95
E 19 35 0.024259 0.004325 450.59 97.73
E 19 37 0.027963 0.004636 414.45 0.45
E 19 39 0.021747 0.001241 335.60 2.43
E 19 41 0.029593 0.005634 426.76 2.26
E 19 42 0.020439 0.000421 334.20 7.15
E 19 45 0.026889 0.003816 390.13 1.72
E 19 46 0.020461 0.000417 332.80 9.19
E 19 47 0.023582 0.001951 344.52 18.25
E 19 48 0.025325 0.003461 375.28 0.64
E 19 51 0.027928 0.006508 423.54 0.22
E 19 52 0.026308 0.003702 375.49 3.54
E 19 54 0.022437 0.001048 356.12 1.78
E 19 57 0.024408 0.004149 373.88 9.43
E 19 59 0.028340 0.004609 427.72 12.09
E 19 60 0.025877 0.004427 393.86 1.32
E 19 61 0.025700 0.004423 386.20 5.56
E 19 65 0.026778 0.007495 406.81 0.40
E 19 66 0.027329 0.006165 405.09 1.19
E 19 68 0.022374 0.001144 347.58 1.88
E 19 73 0.030511 0.007453 488.20 1.11
E 19 77 0.023321 0.002614 373.58 0.25
E 19 80 0.024881 0.004410 370.21 0.75
E 19 82 0.020760 0.000595 330.61 1.69
E 19 90 0.020350 0.002714 330.01 72.61
E 19 92 0.024801 0.003307 368.91 103.65
E 19 94 0.029270 0.004866 414.83 2.64
E 19 97 0.023098 0.001755 343.63 101.51
E 19 100 0.024712 0.004092 350.56 2.74
E 20 23 0.023363 0.002278 380.50 2.34
E 20 30 0.023404 0.002371 357.76 0.00
E 20 34 0.025435 0.004803 416.32 0.41
E 20 35 0.025905 0.004325 359.87 48.18
E 20 37 0.027797 0.004434 432.01 0.83
E 20 39 0.023337 0.002212 386.69 2.37
E 20 41 0.026433 0.004396 395.51 0.00
E 20 42 0.023383 0.002261 363.05 0.80
E 20 45 0.026888 0.005106 450.01 1.06
E 20 46 0.023372 0.002220 371.48 17.30
E 20 47 0.025616 0.001865 369.93 2.66
E 20 48 0.025303 0.003402 401.74 2.09
E 20 50 0.023922 0.000000 555.34 0.00
E 20 51 0.026580 0.005552 421.44 0.37
E 20 54 0.023409 0.002324 368.11 0.00
E 20 60 0.026379 0.004811 402.24 5.81
E 20 61 0.025738 0.004479 379.36 0.12
E 20 64 0.029915 0.007010 433.96 5.99
E 20 65 0.026646 0.006604 399.37 0.43
E 20 66 0.027432 0.006244 405.40 5.24
E 20 68 0.023314 0.002141 374.17 4.51
E 20 73 0.027954 0.005912 383.47 5.34
E 20 75 0.026749 0.003505 571.30 6.11
E 20 77 0.023292 0.002636 377.47 2.31
E 20 80 0.024776 0.004029 412.31 0.71
E 20 82 0.023382 0.002261 379.51 1.70
E 20 90 0.023384 0.003150 369.19 1.88
E 20 92 0.024779 0.003294 379.91 4.46
E 20 94 0.027420 0.004741 453.04 4.52
E 20 97 0.023308 0.002135 364.03 4.51
E 21 24 0.029039 0.007678 387.70 41.09
E 21 32 0.015051 0.002442 251.98 1.84
E 21 36 0.022149 0.004532 353.28 2.79
E 21 38 0.014595 0.003645 225.99 1.53
E 21 41 0.025860 0.008577 544.16 29.85
E 21 47 0.020153 0.004711 332.67 53.04
E 21 50 0.022264 0.004566 352.73 3.45
E 21 51 0.027528 0.005891 444.25 10.42
E 21 53 0.016618 0.002347 257.96 0.88
E 21 57 0.028738 0.002307 408.80 32.68
E 21 58 0.021303 0.004389 352.91 2.36
E 21 59 0.025505 0.005736 491.96 5.09
E 21 60 0.032158 0.007462 524.21 2.00
E 21 69 0.020620 0.004118 342.04 7.37
E 21 70 0.020408 0.004018 317.26 63.62
E 21 75 0.026770 0.006241 360.79 0.63
E 21 84 0.021026 0.004437 310.83 15.50
E 21 86 0.016004 0.002241 236.16 6.67
E 21 88 0.018862 0.007575 315.00 2.63
E 21 91 0.021364 0.005173 339.42 3.22
E 21 98 0.022905 0.004557 373.83 3.09
E 21 99 0.020573 0.005189 336.38 2.10
E 22 23 0.026716 0.003990 447.91 2.56
E 22 25 0.024356 0.003683 379.71 7.52
E 22 26 0.025070 0.002441 365.04 1.28
E 22 27 0.021547 0.002035 381.47 7.66
E 22 28 0.028961 0.007172 444.65 1.26
E 22 29 0.025583 0.003477 394.21 6.88
E 22 30 0.025357 0.003484 362.18 268.59
E 22 31 0.024175 0.005004 373.04 181.44
E 22 33 0.025249 0.003012 412.25 0.30
E 22 35 0.024841 0.007074 408.90 0.01
E 22 36 0.025311 0.007123 395.98 0.05
E 22 39 0.025342 0.003497 399.21 12.35
E 22 41 0.025146 0.003660 396.60 0.00
E 22 42 0.027144 0.004636 359.78 321.93
E 22 43 0.024554 0.003223 444.50 14.60
E 22 44 0.025205 0.004816 391.41 3.67
E 22 45 0.026621 0.004945 418.96 19.37
E 22 49 0.024300 0.005065 354.55 151.70
E 22 50 0.024963 0.003702 364.34 12.88
E 22 51 0.027044 0.004887 433.26 27.56
E 22 55 0.024175 0.005003 308.42 78.71
E 22 56 0.024554 0.003460 343.83 25.31
E 22 58 0.013139 0.002144 1352.00 1.82
E 22 59 0.025991 0.004795 400.79 0.06
E 22 60 0.025846 0.004610 449.84 7.61
E 22 62 0.024553 0.003223 456.86 0.08
E 22 63 0.021547 0.000339 280.11 7.44
E 22 67 0.025035 0.006207 389.06 6.37
E 22 69 0.002129 0.000000 208.00 8.44
E 22 71 0.026388 0.006290 397.33 0.01
E 22 72 0.004065 0.000064 392.00 9.62
E 22 74 0.026579 0.005297 445.65 115.80
E 22 77 0.025459 0.003618 404.79 10.11
E 22 78 0.024174 0.005004 354.99 94.51
E 22 79 0.024065 0.003004 414.94 0.31
E 22 80 0.023615 0.005040 392.30 4.59
E 22 81 0.024175 0.006558 356.65 6.68
E 22 82 0.023583 0.002337 373.47 9.90
E 22 83 0.016084 0.002432 1604.00 1.37
E 22 87 0.024302 0.004313 364.04 0.00
E 23 24 0.022315 0.002155 356.42 35.56
E 23 26 0.022480 0.000594 667.03 290.22
E 23 29 0.029689 0.001696 430.54 8.20
E 23 30 0.022259 0.001630 353.11 107.03
E 23 34 0.023792 0.005141 369.43 1.04
E 23 35 0.024259 0.004325 334.84 0.77
E 23 37 0.027963 0.004636 431.28 0.58
E 23 39 0.021774 0.001617 346.44 1.29
E 23 42 0.020775 0.001164 326.76 0.46
E 23 45 0.026889 0.003816 366.66 1.07
E 23 46 0.020746 0.001162 327.08 0.29
E 23 47 0.023073 0.001017 419.17 56.89
E 23 48 0.025326 0.003490 402.41 0.94
E 23 51 0.028297 0.004410 488.05 0.14
E 23 52 0.026018 0.003707 414.21 2.53
E 23 54 0.022545 0.001749 339.84 5.54
E 23 57 0.024069 0.004070 371.68 404.54
E 23 59 0.027394 0.003419 393.32 10.43
E 23 60 0.025806 0.004545 397.01 2.15
E 23 61 0.025661 0.004545 387.64 7.42
E 23 65 0.026778 0.007495 418.94 0.28
E 23 66 0.027329 0.006165 404.26 0.93
E 23 68 0.022395 0.001639 368.38 1.66
E 23 73 0.030467 0.006886 439.82 0.85
E 23 77 0.023327 0.002585 369.01 0.46
E 23 80 0.024804 0.004427 368.13 0.64
E 23 82 0.021195 0.001334 323.98 0.32
E 23 90 0.020707 0.002610 330.58 8.92
E 23 94 0.029142 0.004690 457.41 1.01
E 24 30 0.022549 0.002557 359.04 171.76
E 24 32 0.028797 0.006796 404.75 0.86
E 24 34 0.024140 0.004527 347.90 3.50
E 24 36 0.030267 0.008452 429.75 0.55
E 24 37 0.025528 0.004937 377.02 1.54
E 24 38 0.027718 0.006614 420.09 0.19
E 24 39 0.022486 0.002462 358.62 10.33
E 24 40 0.029139 0.007516 387.33 20.99
E 24 41 0.027735 0.005766 415.63 1.00
E 24 42 0.021367 0.001325 355.70 49.21
E 24 45 0.028501 0.005936 491.62 3.98
E 24 46 0.021361 0.001368 353.28 41.56
E 24 47 0.027644 0.005950 405.63 3.89
E 24 48 0.025014 0.005019 410.46 1.35
E 24 50 0.029327 0.008406 425.50 1.62
E 24 51 0.027726 0.006205 415.88 4.10
E 24 53 0.025557 0.006030 384.85 2.41
E 24 54 0.021575 0.002742 345.56 1734.18
E 24 57 0.029010 0.002883 361.68 34.78
E 24 58 0.028020 0.006599 442.08 7.21
E 24 59 0.026648 0.005118 412.27 0.37
E 24 60 0.026688 0.005434 398.07 2.36
E 24 61 0.025096 0.004438 376.64 6.89
E 24 64 0.028592 0.007566 431.05 21.80
E 24 65 0.024321 0.003790 387.72 79.76
E 24 66 0.026461 0.005461 414.71 57.49
E 24 68 0.022695 0.002568 366.55 68.87
E 24 69 0.031347 0.010704 479.36 0.58
E 24 70 0.027170 0.006417 402.82 0.31
E 24 73 0.027926 0.005720 416.78 56.10
E 24 75 0.028670 0.008039 403.00 5.30
E 24 76 0.030156 0.007944 449.84 50.83
E 24 77 0.022487 0.002462 370.49 49.41
E 24 80 0.025016 0.005169 390.91 0.91
E 24 82 0.021339 0.001514 317.66 2.07
E 24 84 0.028489 0.008084 406.02 0.14
E 24 85 0.028408 0.007311 412.60 20.31
E 24 86 0.025012 0.004334 394.02 0.45
E 24 88 0.028099 0.006748 425.19 0.74
E 24 90 0.021367 0.002650 330.78 2.79
E 24 91 0.028489 0.008084 432.45 2.83
E 24 92 0.022488 0.002462 368.64 192.43
E 24 97 0.023771 0.002906 366.25 0.00
E 24 100 0.024356 0.005373 363.42 0.00
E 25 26 0.021242 0.003124 335.04 1.30
E 25 27 0.019004 0.001842 295.69 278.14
E 25 28 0.020909 0.002908 344.53 77.30
E 25 31 0.021121 0.004527 325.19 0.16
E 25 33 0.020896 0.002917 338.55 244.45
E 25 35 0.019290 0.002281 300.66 1077.90
E 25 36 0.005074 0.000032 460.00 2.72
E 25 43 0.020291 0.005276 315.96 3.34
E 25 45 0.022581 0.005279 370.29 4.74
E 25 49 0.019699 0.002645 323.68 10.26
E 25 55 0.018973 0.001773 300.37 23.30
E 25 56 0.019117 0.001908 304.30 2.18
E 25 62 0.021121 0.003816 366.77 9.17
E 25 63 0.019627 0.005999 326.51 272.61
E 25 67 0.022304 0.005051 349.96 0.14
E 25 69 0.001681 0.000000 152.00 0.23
E 25 71 0.020389 0.003508 337.78 223.69
E 25 72 0.019215 0.001039 302.65 257.03
E 25 74 0.022477 0.004606 373.75 0.25
E 25 78 0.019914 0.002996 309.24 0.81
E 25 79 0.018951 0.001753 317.81 253.60
E 25 81 0.019234 0.002024 316.14 250.43
E 25 83 0.020781 0.003482 329.21 0.80
E 25 87 0.021078 0.003763 313.91 15.93
E 25 89 0.020906 0.003628 338.79 40.32
E 25 96 0.018972 0.002502 312.63 0.00
E 26 27 0.021988 0.004161 345.98 123.99
E 26 28 0.021273 0.003198 328.80 3.48
E 26 29 0.021394 0.003188 350.24 216.87
E 26 30 0.023468 0.002781 357.69 23.15
E 26 31 0.020528 0.003188 324.47 126.97
E 26 33 0.021332 0.003233 343.93 3.02
E 26 35 0.021328 0.003343 326.90 0.56
E 26 37 0.029550 0.003528 379.87 3.48
E 26 42 0.001937 0.000000 184.00 273.43
E 26 43 0.021787 0.003392 309.00 4.05
E 26 44 0.023921 0.003411 401.69 29.25
E 26 45 0.022157 0.005039 352.19 3.33
E 26 46 0.001937 0.000000 184.00 168.62
E 26 47 0.023582 0.001018 367.84 2.43
E 26 48 0.026974 0.001018 429.63 0.71
E 26 49 0.021382 0.003058 337.41 4.70
E 26 50 0.023989 0.003731 405.58 0.52
E 26 51 0.024059 0.002572 385.71 7.13
E 26 52 0.031788 0.006852 398.81 0.29
E 26 54 0.023468 0.003780 322.29 87.18
E 26 55 0.021447 0.003153 334.69 697.83
E 26 56 0.021338 0.003130 355.75 2.62
E 26 57 0.028626 0.002781 389.34 105.96
E 26 60 0.031552 0.001526 659.04 2.90
E 26 62 0.021417 0.002907 340.91 1.82
E 26 63 0.021570 0.004372 338.32 126.65
E 26 65 0.003842 0.000032 364.00 87.34
E 26 66 0.027200 0.002781 372.18 30.17
E 26 67 0.022189 0.004677 351.95 3.56
E 26 68 0.001937 0.000000 184.00 90.64
E 26 69 0.018742 0.001856 1820.00 0.54
E 26 71 0.020792 0.003486 303.76 15.71
E 26 73 0.028781 0.002781 454.81 28.17
E 26 74 0.022668 0.004776 359.33 0.54
E 26 75 0.026805 0.002186 403.62 4.87
E 26 76 0.026925 0.003779 394.78 25.74
E 26 77 0.022855 0.000145 340.49 176.78
E 26 78 0.021184 0.003691 347.96 1.27
E 26 79 0.021963 0.003961 331.50 0.06
E 26 80 0.033759 0.005766 621.93 1.03
E 26 81 0.021402 0.003392 326.42 113.13
E 26 83 0.021355 0.003533 332.58 0.06
E 26 87 0.021365 0.004107 340.31 10.68
E 26 89 0.020826 0.002756 342.52 0.03
E 26 92 0.026183 0.001583 477.07 63.63
E 26 97 0.024261 0.000226 625.63 0.00
E 26 100 0.003121 0.000000 332.00 0.00
E 27 28 0.019921 0.002546 311.85 154.00
E 27 29 0.018633 0.001003 298.66 3.38
E 27 33 0.021189 0.003547 347.21 117.80
E 27 35 0.019323 0.002468 301.19 13.72
E 27 43 0.018922 0.003401 297.71 2.08
E 27 49 0.017993 0.001071 291.92 819.18
E 27 55 0.016914 0.000734 256.58 0.66
E 27 56 0.017117 0.000754 288.55 5.46
E 27 62 0.020406 0.001542 292.57 5.86
E 27 67 0.022407 0.004799 328.94 288.53
E 27 72 0.016860 0.000703 270.13 0.16
E 27 74 0.021538 0.003630 319.99 21.54
E 27 78 0.018916 0.002764 293.91 28.68
E 27 79 0.016916 0.000728 288.19 352.18
E 27 81 0.017669 0.001190 277.20 23.53
E 27 95 0.022027 0.005589 349.24 5.27
E 27 96 0.018827 0.003826 290.23 2.65
E 28 31 0.020796 0.004282 332.24 9.57
E 28 33 0.021104 0.003383 334.27 0.55
E 28 35 0.020425 0.002495 326.86 1.82
E 28 36 0.021839 0.002762 501.53 1.50
E 28 43 0.020112 0.004603 324.93 5.53
E 28 49 0.020601 0.002796 347.96 0.89
E 28 55 0.019419 0.001987 321.18 87.71
E 28 56 0.019657 0.002105 293.71 7.26
E 28 62 0.020010 0.002314 292.40 5.47
E 28 63 0.019349 0.003731 324.83 140.06
E 28 67 0.022257 0.004451 336.14 218.31
E 28 72 0.018963 0.001946 278.82 134.26
E 28 74 0.022492 0.004603 353.74 141.61
E 28 78 0.020260 0.003097 321.30 21.99
E 28 79 0.019917 0.002494 370.99 0.43
E 28 81 0.019945 0.002452 316.58 129.56
E 28 83 0.020628 0.003270 337.79 0.11
E 28 87 0.021160 0.003702 329.79 4.93
E 28 89 0.022226 0.003901 390.58 1.23
E 28 93 0.020824 0.004933 338.51 0.00
E 28 95 0.022322 0.005258 346.88 0.00
E 28 96 0.019961 0.004762 323.00 0.00
E 29 30 0.030422 0.005597 482.03 0.01
E 29 33 0.020987 0.003081 332.24 2.79
E 29 34 0.028671 0.000000 529.34 5.29
E 29 35 0.019626 0.001906 313.74 34.03
E 29 37 0.029005 0.003816 474.12 14.00
E 29 39 0.002641 0.000000 272.00 359.51
E 29 42 0.002641 0.000000 272.00 10.49
E 29 43 0.018768 0.003824 304.68 3.15
E 29 44 0.026701 0.004511 403.62 1.91
E 29 45 0.024193 0.005126 363.73 4.12
E 29 46 0.002641 0.000000 272.00 0.04
E 29 47 0.027991 0.001018 633.17 0.62
E 29 48 0.028558 0.002827 429.05 16.26
E 29 49 0.018984 0.001642 316.61 0.91
E 29 50 0.028896 0.003731 369.96 3.29
E 29 51 0.026404 0.004681 409.30 67.84
E 29 52 0.027068 0.004240 385.47 16.06
E 29 54 0.029518 0.003647 490.77 4.26
E 29 56 0.018661 0.000822 291.66 3.15
E 29 57 0.028441 0.003816 491.61 0.11
E 29 58 0.002225 0.000000 220.00 22.31
E 29 60 0.031551 0.003816 686.06 12.27
E 29 61 0.006177 0.000768 656.00 1.21
E 29 62 0.022130 0.002809 387.29 4.19
E 29 63 0.019221 0.005266 293.36 3.45
E 29 64 0.002161 0.000000 212.00 2.12
E 29 65 0.028558 0.002827 539.86 0.77
E 29 66 0.027906 0.003816 355.84 1.64
E 29 68 0.027992 0.000000 379.04 2.16
E 29 69 0.018196 0.003552 1868.00 0.83
E 29 71 0.020812 0.002853 345.75 2.37
E 29 72 0.017242 0.000324 267.54 2.85
E 29 73 0.028780 0.003816 499.81 1.68
E 29 74 0.022623 0.004722 360.94 11.53
E 29 75 0.026805 0.005224 414.35 116.41
E 29 76 0.027906 0.003816 436.20 1.76
E 29 77 0.028558 0.002827 458.95 4.02
E 29 78 0.018916 0.002958 312.42 4.42
E 29 79 0.017926 0.000982 292.11 103.32
E 29 80 0.033758 0.005766 461.92 12.13
E 29 81 0.018643 0.000811 306.60 2.90
E 29 82 0.005778 0.000032 548.00 21.17
E 29 87 0.021898 0.003948 329.60 14.17
E 29 92 0.028873 0.002827 446.49 2.81
E 29 93 0.022224 0.006428 329.15 1.80
E 29 94 0.031975 0.004325 462.41 0.00
E 29 95 0.022416 0.005745 361.79 0.00
E 29 97 0.027992 0.005563 481.34 0.00
E 30 34 0.023716 0.004862 390.16 8.60
E 30 35 0.025241 0.005869 407.03 16.25
E 30 37 0.026774 0.004625 386.04 21.25
E 30 39 0.022181 0.001340 352.79 83.54
E 30 45 0.026634 0.003912 390.24 43.99
E 30 46 0.022222 0.001031 348.35 0.08
E 30 48 0.025173 0.003241 389.76 27.05
E 30 51 0.026580 0.005552 421.35 26.07
E 30 52 0.025424 0.003923 408.00 26.43
E 30 54 0.022443 0.001149 356.82 1.97
E 30 57 0.023852 0.003962 356.52 0.52
E 30 60 0.025804 0.004540 400.04 8.76
E 30 61 0.025277 0.004322 390.34 1.15
E 30 62 0.001873 0.000000 176.00 3.69
E 30 65 0.026346 0.006423 411.21 0.21
E 30 66 0.027439 0.006327 397.50 4.06
E 30 68 0.022298 0.001109 343.07 1.52
E 30 73 0.027931 0.006047 426.96 8.17
E 30 74 0.024430 0.004919 431.44 1.32
E 30 77 0.023290 0.002746 373.12 7.00
E 30 79 0.023806 0.000113 280.71 82.21
E 30 80 0.024486 0.003672 390.45 20.87
E 30 82 0.022256 0.001039 350.21 11.10
E 30 90 0.022173 0.002400 350.70 17.75
E 30 92 0.024616 0.003353 372.03 75.07
E 30 94 0.026816 0.004540 403.88 0.16
E 30 95 0.023583 0.002488 322.47 0.00
E 30 97 0.022897 0.001464 361.88 0.00
E 30 100 0.024718 0.004190 376.14 0.00
E 31 33 0.020427 0.001526 346.45 7.14
E 31 36 0.024777 0.007418 398.48 36.03
E 31 43 0.022320 0.004555 404.22 2.21
E 31 45 0.021133 0.004973 337.19 1.44
E 31 49 0.022111 0.003675 330.82 0.22
E 31 55 0.020190 0.003561 318.58 0.03
E 31 56 0.022788 0.004259 310.83 1.88
E 31 62 0.017362 0.004244 274.99 0.00
E 31 63 0.025957 0.000000 313.98 7.00
E 31 67 0.024472 0.007505 329.22 0.17
E 31 71 0.019024 0.003968 288.81 0.11
E 31 72 0.002449 0.000000 248.00 5.53
E 31 74 0.025955 0.000000 690.76 0.62
E 31 78 0.017983 0.001235 303.57 0.90
E 31 81 0.022113 0.006558 382.74 6.25
E 31 83 0.019778 0.004940 328.74 159.93
E 31 87 0.021231 0.004862 332.12 95.77
E 31 89 0.017052 0.003817 278.28 11.20
E 31 93 0.021270 0.005681 341.69 20.14
E 31 95 0.024854 0.004452 372.30 165.15
E 31 96 0.002449 0.000000 248.00 115.59
E 32 34 0.024040 0.003641 352.07 0.34
E 32 37 0.026084 0.005071 402.33 15.46
E 32 38 0.016798 0.002710 290.01 8.29
E 32 40 0.018906 0.004382 312.82 5.49
E 32 41 0.031382 0.007345 446.65 1.50
E 32 46 0.001457 0.000000 124.00 2.27
E 32 48 0.028429 0.004628 439.92 0.79
E 32 53 0.015038 0.002485 242.53 4.64
E 32 58 0.027088 0.004183 472.06 1.72
E 32 59 0.028838 0.004681 434.80 4.45
E 32 61 0.027382 0.004160 420.33 0.32
E 32 64 0.024052 0.001670 411.81 7.84
E 32 68 0.024375 0.000848 393.05 4.80
E 32 73 0.029169 0.004161 406.90 7.78
E 32 80 0.023963 0.003053 404.53 73.73
E 32 85 0.016354 0.003556 275.49 5.79
E 32 86 0.015124 0.002368 241.31 28.48
E 32 88 0.017485 0.005195 281.97 2.01
E 32 92 0.028219 0.002827 499.29 0.00
E 32 98 0.022650 0.001781 375.26 8.07
E 33 35 0.021117 0.003356 319.02 0.17
E 33 36 0.022564 0.000781 322.47 5.70
E 33 43 0.021016 0.003896 327.12 6.70
E 33 44 0.029052 0.005088 393.89 85.42
E 33 45 0.021797 0.005286 327.33 4.68
E 33 49 0.020907 0.002916 322.45 0.17
E 33 51 0.022966 0.002775 395.25 13.34
E 33 52 0.025678 0.005578 388.28 1.27
E 33 55 0.020891 0.002911 327.99 12.71
E 33 56 0.020967 0.002977 324.80 2.72
E 33 62 0.021296 0.001785 357.45 0.15
E 33 63 0.019910 0.006077 310.14 115.43
E 33 67 0.022180 0.004659 349.06 4.72
E 33 69 0.015622 0.000416 1488.00 6.15
E 33 71 0.021094 0.003702 342.51 68.42
E 33 74 0.022615 0.004766 354.12 115.29
E 33 78 0.020929 0.003092 343.04 110.09
E 33 79 0.019894 0.001660 307.07 0.96
E 33 81 0.021012 0.003227 344.13 109.74
E 33 83 0.020998 0.003479 310.31 1.48
E 33 87 0.021339 0.003961 329.04 78.88
E 33 89 0.020428 0.000780 317.49 0.00
E 33 93 0.021309 0.005806 344.44 0.88
E 33 95 0.022505 0.005366 351.35 21.94
E 34 35 0.026803 0.004410 473.55 6.62
E 34 37 0.022571 0.005752 340.60 17.39
E 34 38 0.024811 0.003533 376.53 9.50
E 34 39 0.023241 0.005363 354.64 1.12
E 34 40 0.024649 0.004652 396.54 2.04
E 34 41 0.031778 0.007886 460.43 4.61
E 34 42 0.024667 0.005556 372.84 0.42
E 34 45 0.028602 0.003562 462.32 0.83
E 34 46 0.024667 0.005556 401.80 2.65
E 34 47 0.020274 0.004925 316.26 2.45
E 34 48 0.027769 0.004918 423.94 0.74
E 34 52 0.027251 0.004928 444.60 56.18
E 34 54 0.024767 0.004163 398.09 1.85
E 34 57 0.027096 0.003971 397.42 1.17
E 34 59 0.028064 0.005215 417.57 6.32
E 34 60 0.029386 0.006426 466.54 0.40
E 34 61 0.025512 0.005416 409.00 0.78
E 34 65 0.029133 0.008289 423.04 0.91
E 34 66 0.030462 0.007947 430.41 1.22
E 34 68 0.025096 0.005427 392.47 1.11
E 34 73 0.030122 0.005875 431.95 1.23
E 34 77 0.025737 0.004985 415.88 1.14
E 34 80 0.024769 0.005435 389.76 7.39
E 34 82 0.023819 0.005601 329.43 1.88
E 34 88 0.015536 0.004258 257.92 3.14
E 34 90 0.024555 0.005293 394.14 7.35
E 34 92 0.027649 0.005588 394.56 1.70
E 34 94 0.030218 0.004876 429.75 1.40
E 34 97 0.024241 0.005534 381.88 0.25
E 35 37 0.029551 0.003528 625.22 11.19
E 35 39 0.024371 0.005314 658.04 23.26
E 35 42 0.024371 0.005314 341.94 118.26
E 35 43 0.019356 0.004070 310.83 12.02
E 35 45 0.022791 0.003617 471.31 6.65
E 35 46 0.024371 0.005314 377.94 48.25
E 35 47 0.001969 0.000000 188.00 0.30
E 35 48 0.028879 0.005314 478.62 2.17
E 35 51 0.024430 0.001950 362.66 47.92
E 35 52 0.026748 0.004070 425.61 1.46
E 35 54 0.022789 0.002290 353.45 2.17
E 35 55 0.019325 0.002468 308.74 184.03
E 35 56 0.019390 0.002621 305.54 21.84
E 35 57 0.025116 0.003691 373.24 0.51
E 35 63 0.019104 0.005580 331.87 14.21
E 35 65 0.027801 0.008777 428.47 88.21
E 35 66 0.027314 0.000849 401.38 9.55
E 35 68 0.024372 0.005314 359.32 8.33
E 35 72 0.019126 0.002300 313.36 18.54
E 35 73 0.029687 0.001696 681.90 9.84
E 35 74 0.022516 0.004537 353.86 0.00
E 35 77 0.024259 0.004325 353.98 3.09
E 35 78 0.018935 0.002803 299.27 86.88
E 35 79 0.019527 0.002717 310.27 0.41
E 35 80 0.032964 0.005314 571.78 15.92
E 35 81 0.019346 0.002493 313.91 13.60
E 35 82 0.024372 0.005314 336.19 227.19
E 35 90 0.025278 0.004410 347.41 11.32
E 35 92 0.028215 0.005314 407.91 2.93
E 35 94 0.029010 0.001356 527.95 145.57
E 35 95 0.022453 0.005784 375.30 274.29
E 35 96 0.019367 0.004362 311.69 2.45
E 35 97 0.024824 0.005314 368.33 268.37
E 35 100 0.026124 0.005314 396.89 29.05
E 36 41 0.025228 0.006477 379.04 0.02
E 36 44 0.023686 0.006075 376.09 0.35
E 36 48 0.025788 0.003788 413.78 3.10
E 36 49 0.006834 0.001568 680.00 25.38
E 36 51 0.026917 0.006197 385.32 13.76
E 36 52 0.025248 0.006888 363.68 12.25
E 36 58 0.023733 0.006094 348.25 15.12
E 36 59 0.026251 0.006602 410.16 0.65
E 36 60 0.029078 0.004749 457.40 0.26
E 36 67 0.024734 0.005834 600.99 8.08
E 36 69 0.023348 0.005732 354.78 3.68
E 36 70 0.022150 0.004492 354.20 10.03
E 36 71 0.023527 0.006491 340.12 2.51
E 36 74 0.024224 0.006671 368.17 8.65
E 36 75 0.024820 0.005776 408.68 291.14
E 36 76 0.024103 0.005879 391.04 6.77
E 36 83 0.024392 0.006784 355.03 2.57
E 36 84 0.023278 0.005609 364.97 2.86
E 36 87 0.024392 0.006784 399.00 31.24
E 36 98 0.023464 0.005836 347.64 0.00
E 37 38 0.027591 0.005398 416.72 0.60
E 37 39 0.029191 0.004253 426.91 0.78
E 37 40 0.027668 0.004778 383.38 1.42
E 37 41 0.031163 0.007565 433.64 4.38
E 37 42 0.028384 0.004427 412.98 1.75
E 37 44 0.030069 0.004028 445.20 1.93
E 37 45 0.030360 0.003515 443.15 2.81
E 37 46 0.028839 0.004452 430.92 0.28
E 37 47 0.022972 0.005084 353.37 7.41
E 37 48 0.027747 0.004311 419.67 3.75
E 37 50 0.028821 0.008013 380.96 3.52
E 37 51 0.028551 0.005088 427.06 0.12
E 37 52 0.029231 0.004070 457.73 0.70
E 37 54 0.028134 0.004035 432.57 4.70
E 37 57 0.028214 0.003109 485.71 5.97
E 37 58 0.028062 0.003757 429.14 1.35
E 37 59 0.028265 0.004730 395.28 1.75
E 37 60 0.030298 0.006575 428.25 2.10
E 37 61 0.025923 0.004656 384.99 99.63
E 37 64 0.027501 0.004491 411.97 1.23
E 37 65 0.031145 0.008395 467.58 0.36
E 37 66 0.030352 0.007649 427.72 0.86
E 37 68 0.027827 0.004293 402.95 1.58
E 37 69 0.013939 0.001664 1452.00 0.47
E 37 73 0.028071 0.005546 413.96 0.84
E 37 75 0.029548 0.007801 439.96 0.40
E 37 76 0.027638 0.004433 395.21 1.07
E 37 77 0.027878 0.004523 433.09 0.38
E 37 80 0.024896 0.004893 388.79 0.11
E 37 82 0.031346 0.004033 392.69 2.02
E 37 85 0.022121 0.005433 365.67 6.52
E 37 88 0.022321 0.005152 359.13 2.29
E 37 92 0.027949 0.004484 408.42 0.54
E 37 94 0.029684 0.004382 431.47 0.77
E 37 97 0.026819 0.004584 397.15 1.76
E 37 98 0.030070 0.006445 422.78 1.60
E 37 100 0.027034 0.004583 412.32 0.00
E 38 40 0.019064 0.004236 308.52 4.07
E 38 41 0.031302 0.007582 403.12 1.31
E 38 46 0.001457 0.000000 124.00 1.31
E 38 48 0.026674 0.001168 464.18 2.95
E 38 53 0.014632 0.003231 236.47 0.22
E 38 58 0.022826 0.003575 362.16 59.50
E 38 59 0.028725 0.004862 462.76 0.90
E 38 61 0.028131 0.004480 430.66 11.50
E 38 64 0.023978 0.002092 363.07 7.07
E 38 68 0.024465 0.000882 336.63 3.91
E 38 73 0.025559 0.003616 2672.00 1.42
E 38 80 0.024288 0.002374 387.17 0.22
E 38 85 0.017956 0.003660 293.87 4.26
E 38 86 0.014734 0.003364 215.26 0.72
E 38 88 0.019355 0.005443 311.40 2.11
E 38 92 0.028219 0.002827 536.96 3.29
E 38 97 0.026466 0.003519 380.40 0.00
E 38 100 0.024827 0.002601 435.70 0.00
E 39 41 0.024674 0.003251 400.67 0.18
E 39 42 0.021724 0.001384 333.89 11.31
E 39 45 0.027531 0.006911 454.52 0.44
E 39 46 0.021769 0.001449 352.26 0.99
E 39 47 0.030028 0.007802 566.80 38.81
E 39 48 0.025204 0.003162 393.72 3.27
E 39 51 0.025896 0.005427 406.48 0.27
E 39 52 0.025840 0.004137 379.55 4.31
E 39 54 0.022445 0.001400 343.83 36.36
E 39 57 0.023914 0.004018 368.17 45.31
E 39 59 0.025940 0.004679 361.71 8.14
E 39 60 0.025381 0.004328 384.11 0.96
E 39 61 0.025533 0.004310 392.23 5.78
E 39 65 0.026238 0.006229 403.65 0.26
E 39 66 0.027072 0.005829 399.36 2.41
E 39 68 0.022503 0.001370 365.11 1.63
E 39 73 0.027949 0.005978 386.81 0.90
E 39 77 0.023240 0.002508 378.55 0.21
E 39 80 0.025156 0.004642 393.69 0.61
E 39 82 0.021752 0.001454 343.54 0.15
E 39 90 0.021672 0.003187 350.37 0.54
E 39 92 0.024800 0.003307 386.99 1.27
E 39 94 0.026984 0.004958 421.79 5.33
E 40 41 0.030889 0.008179 407.17 85.23
E 40 45 0.028533 0.003494 413.61 1.42
E 40 47 0.019227 0.004975 322.59 26.30
E 40 48 0.027044 0.001803 423.30 15.85
E 40 50 0.022316 0.003311 375.53 3.25
E 40 52 0.028453 0.005396 488.93 20.01
E 40 53 0.019145 0.004504 275.78 1.36
E 40 57 0.027453 0.002600 393.22 57.01
E 40 58 0.024564 0.004348 379.94 0.93
E 40 59 0.027735 0.003166 467.60 6.94
E 40 60 0.031947 0.006106 439.50 1.93
E 40 61 0.028442 0.005257 435.89 11.69
E 40 75 0.030153 0.006996 453.15 0.49
E 40 80 0.022252 0.002061 395.63 4.32
E 40 84 0.021963 0.003361 374.64 26.91
E 40 86 0.017759 0.005673 292.42 6.75
E 40 88 0.019318 0.004728 292.58 2.03
E 40 91 0.022354 0.005213 435.63 5.30
E 40 94 0.030555 0.004304 459.42 1.32
E 40 98 0.023179 0.003951 352.16 5.60
E 41 42 0.030875 0.006869 484.85 2.14
E 41 44 0.024079 0.004228 386.96 314.33
E 41 45 0.029602 0.004834 478.02 5.15
E 41 46 0.030875 0.006869 471.99 27.63
E 41 47 0.031268 0.007881 449.82 0.91
E 41 48 0.027164 0.004986 415.08 1.02
E 41 50 0.025818 0.004881 408.74 0.26
E 41 51 0.027684 0.006570 400.01 12.36
E 41 52 0.025962 0.004579 403.59 0.93
E 41 53 0.028443 0.007067 429.28 4.37
E 41 57 0.026239 0.004474 393.45 44.15
E 41 58 0.031810 0.008344 496.62 5.60
E 41 59 0.027257 0.005427 409.54 0.05
E 41 60 0.027286 0.005020 423.11 3.26
E 41 61 0.027662 0.005060 413.75 3.22
E 41 64 0.027345 0.005710 398.94 244.80
E 41 65 0.025738 0.006073 397.65 226.00
E 41 66 0.027183 0.005814 410.42 281.41
E 41 68 0.026694 0.004290 415.50 307.69
E 41 73 0.028052 0.005903 433.35 276.65
E 41 75 0.025698 0.005032 398.63 6.32
E 41 76 0.026690 0.005153 418.04 277.93
E 41 80 0.027265 0.005052 399.22 1.58
E 41 85 0.031206 0.008246 479.21 221.71
E 41 86 0.028670 0.000000 306.23 0.39
E 41 88 0.031207 0.008246 432.56 1.26
E 41 91 0.024601 0.009837 392.40 18.53
E 41 92 0.026525 0.004349 386.76 2.59
E 41 97 0.026693 0.004290 391.48 0.00
E 41 100 0.026694 0.005575 415.65 0.00
E 42 45 0.026889 0.003816 395.81 0.27
E 42 46 0.019856 0.000488 307.30 5.32
E 42 47 0.023073 0.001017 465.06 12.06
E 42 48 0.025495 0.003490 365.35 0.65
E 42 51 0.025618 0.001102 366.10 0.77
E 42 52 0.026066 0.003581 376.79 13.58
E 42 54 0.022498 0.001174 351.32 3.36
E 42 57 0.024335 0.004025 366.93 33.56
E 42 59 0.028708 0.003373 447.57 6.92
E 42 60 0.025807 0.004545 388.36 0.45
E 42 61 0.025688 0.004603 384.96 1.96
E 42 65 0.026843 0.007276 409.43 0.12
E 42 66 0.027251 0.006073 389.48 2.19
E 42 68 0.022538 0.001383 344.14 1.55
E 42 73 0.030942 0.006784 426.96 0.93
E 42 77 0.023303 0.002630 368.44 0.17
E 42 80 0.025219 0.005129 386.52 2.13
E 42 82 0.019629 0.000494 313.70 0.10
E 42 90 0.020256 0.003295 319.53 0.10
E 42 92 0.024816 0.003344 400.22 1.53
E 42 94 0.029433 0.003533 421.32 3.54
E 42 97 0.023280 0.001904 358.20 1.71
E 43 49 0.018943 0.003640 300.15 1.68
E 43 55 0.019064 0.003791 299.29 1.12
E 43 56 0.019181 0.003859 313.08 0.16
E 43 62 0.020330 0.002332 354.60 16.72
E 43 63 0.019065 0.005161 301.00 1.77
E 43 67 0.022563 0.004793 348.76 2.62
E 43 72 0.019111 0.003600 306.36 1.00
E 43 74 0.022006 0.004290 365.62 1.48
E 43 78 0.019499 0.003787 304.54 9.46
E 43 79 0.019034 0.003621 297.29 5.79
E 43 81 0.019110 0.003760 289.93 1.46
E 43 83 0.005970 0.000416 572.00 6.61
E 43 87 0.022507 0.004919 398.56 0.22
E 43 93 0.022055 0.005325 422.22 0.72
E 43 95 0.022540 0.005508 326.36 1.20
E 43 96 0.018949 0.003500 304.92 0.33
E 44 45 0.023475 0.004658 374.63 1.46
E 44 47 0.023583 0.001018 565.71 48.08
E 44 48 0.027240 0.005122 453.22 32.85
E 44 49 0.027517 0.002883 374.56 152.80
E 44 50 0.023690 0.004916 388.46 3.14
E 44 51 0.026786 0.005332 428.85 1.23
E 44 52 0.026079 0.004728 400.43 20.48
E 44 57 0.028669 0.003138 537.87 157.19
E 44 58 0.023321 0.004636 363.29 5.16
E 44 60 0.029219 0.004878 565.71 1.94
E 44 62 0.006450 0.000032 632.00 0.00
E 44 67 0.029155 0.005233 378.40 53.41
E 44 69 0.023656 0.004740 349.86 5.70
E 44 70 0.023813 0.005146 349.24 113.99
E 44 74 0.025278 0.005767 515.94 10.39
E 44 75 0.024483 0.004996 384.96 0.41
E 44 83 0.023755 0.004591 368.06 11.32
E 44 84 0.023716 0.004894 374.55 32.44
E 44 87 0.023762 0.004927 399.27 0.11
E 44 91 0.023690 0.004916 374.63 4.91
E 44 93 0.023852 0.006052 373.66 0.60
E 44 94 0.026837 0.004711 396.29 1.24
E 44 98 0.023741 0.004972 368.97 5.30
E 44 99 0.023672 0.006132 367.83 3.05
E 45 46 0.026889 0.003816 416.18 1.08
E 45 47 0.029220 0.003307 440.53 2.15
E 45 48 0.028806 0.004903 391.42 1.19
E 45 50 0.022979 0.004297 353.05 0.25
E 45 51 0.027049 0.004179 397.61 2.16
E 45 52 0.025704 0.005007 365.80 9.14
E 45 54 0.026888 0.003816 374.53 0.38
E 45 57 0.026444 0.004101 393.30 2.47
E 45 58 0.026769 0.003957 446.18 0.27
E 45 59 0.028610 0.004869 437.89 14.21
E 45 60 0.032239 0.008231 476.70 0.16
E 45 61 0.029497 0.005201 539.17 0.22
E 45 64 0.026506 0.003731 427.79 1.23
E 45 65 0.027821 0.006784 415.95 0.51
E 45 66 0.029864 0.005223 465.95 0.92
E 45 67 0.021413 0.005386 332.72 1.65
E 45 68 0.026889 0.003816 383.50 1.58
E 45 69 0.023430 0.004480 2464.00 0.86
E 45 71 0.021795 0.004986 337.47 0.86
E 45 73 0.031662 0.006822 420.38 0.91
E 45 75 0.024681 0.004966 377.80 1.30
E 45 76 0.024859 0.005206 398.22 1.02
E 45 77 0.026889 0.003816 428.67 0.77
E 45 80 0.030478 0.005031 446.39 4.41
E 45 82 0.029221 0.003307 363.71 0.34
E 45 83 0.021160 0.005071 335.81 10.62
E 45 92 0.028857 0.004184 474.09 4.19
E 45 93 0.021222 0.005284 347.99 0.00
E 45 94 0.031944 0.004500 455.98 0.48
E 45 95 0.022164 0.005653 339.07 0.14
E 45 98 0.029873 0.005088 430.60 0.76
E 46 47 0.023073 0.001017 457.24 25.69
E 46 48 0.025495 0.003490 380.58 0.58
E 46 51 0.009667 0.000416 976.00 0.18
E 46 52 0.026199 0.003954 384.98 2.33
E 46 54 0.022485 0.001174 345.25 1.46
E 46 57 0.024168 0.003697 382.17 7.06
E 46 59 0.028263 0.003324 411.88 3.82
E 46 60 0.025878 0.004427 399.92 0.87
E 46 61 0.025653 0.004554 401.87 3.75
E 46 65 0.026843 0.007276 391.65 0.68
E 46 66 0.027298 0.006083 417.20 0.36
E 46 68 0.022547 0.001403 343.61 0.57
E 46 73 0.030942 0.006784 431.24 0.34
E 46 77 0.023302 0.002630 350.68 0.24
E 46 80 0.025079 0.005141 382.78 0.68
E 46 82 0.019980 0.000502 317.01 2.04
E 46 90 0.020097 0.003295 323.32 22.73
E 46 92 0.024795 0.003329 368.54 0.36
E 46 94 0.030433 0.005156 382.19 96.94
E 46 97 0.023268 0.001891 365.65 0.37
E 46 100 0.024833 0.004454 384.85 0.01
E 47 48 0.028565 0.004984 407.46 2.30
E 47 50 0.025227 0.005766 482.31 0.68
E 47 51 0.024429 0.001018 489.61 4.88
E 47 52 0.027625 0.004482 392.89 2.53
E 47 54 0.023526 0.001357 353.21 1.33
E 47 57 0.027695 0.002125 399.85 0.82
E 47 58 0.026632 0.005484 420.61 7.44
E 47 59 0.028780 0.004834 409.73 2.77
E 47 60 0.030432 0.004206 432.11 2.94
E 47 61 0.027142 0.003948 396.78 0.68
E 47 64 0.025953 0.002374 353.02 27.54
E 47 65 0.035906 0.013116 566.33 22.70
E 47 66 0.028593 0.003806 509.44 36.30
E 47 68 0.025024 0.003223 343.43 45.96
E 47 69 0.004450 0.000192 440.00 5.59
E 47 73 0.030121 0.005875 410.41 35.53
E 47 75 0.026748 0.001923 395.39 16.89
E 47 76 0.026632 0.003307 375.18 41.08
E 47 77 0.023073 0.001017 348.02 46.70
E 47 80 0.023963 0.003089 350.52 7.09
E 47 82 0.023582 0.001018 349.74 28.47
E 47 85 0.019205 0.004854 313.28 8.07
E 47 88 0.019227 0.004801 293.28 119.16
E 47 92 0.028216 0.002827 405.40 28.35
E 47 94 0.030896 0.005281 505.61 3.54
E 47 97 0.026112 0.003157 464.54 5.49
E 47 98 0.026042 0.003562 382.21 1.58
E 47 100 0.024797 0.002488 385.85 10.93
E 48 50 0.026975 0.001018 418.11 0.25
E 48 51 0.027019 0.006164 393.42 5.18
E 48 52 0.025725 0.003896 384.09 0.53
E 48 54 0.025501 0.003582 382.03 1.13
E 48 57 0.025356 0.003915 393.27 7.35
E 48 58 0.027233 0.005258 402.24 12.63
E 48 59 0.026782 0.004803 405.06 2.45
E 48 60 0.026629 0.005114 403.17 1.08
E 48 61 0.025643 0.004131 384.57 2.29
E 48 64 0.028151 0.003877 386.69 12.42
E 48 65 0.026117 0.006100 412.58 0.50
E 48 66 0.027289 0.005851 395.07 2.78
E 48 68 0.025265 0.003402 365.44 2.10
E 48 73 0.028123 0.005847 425.42 2.97
E 48 75 0.028176 0.007140 400.60 2.61
E 48 76 0.025006 0.004331 400.76 8.17
E 48 77 0.025399 0.003368 388.39 0.72
E 48 80 0.025382 0.004099 389.53 4.83
E 48 82 0.025494 0.003490 392.24 0.98
E 48 90 0.024631 0.003208 375.54 3.49
E 48 92 0.025255 0.003334 390.17 29.21
E 48 94 0.028176 0.005656 414.92 3.50
E 48 97 0.025317 0.003368 376.80 0.00
E 48 98 0.027484 0.002442 446.70 0.85
E 49 51 0.023582 0.002035 380.75 2.47
E 49 55 0.018598 0.001277 303.13 26.03
E 49 56 0.018703 0.001477 313.18 2.20
E 49 62 0.021832 0.003392 336.83 0.42
E 49 63 0.019538 0.005847 305.73 801.05
E 49 67 0.022453 0.004778 335.09 0.42
E 49 69 0.006834 0.001568 680.00 0.67
E 49 71 0.022243 0.004391 339.70 281.72
E 49 72 0.017173 0.000490 283.43 478.73
E 49 74 0.022767 0.005097 356.88 0.68
E 49 78 0.019194 0.003230 286.05 1.25
E 49 79 0.018475 0.001186 309.95 30.94
E 49 81 0.018695 0.001380 298.60 801.76
E 49 83 0.021287 0.003430 333.92 56.19
E 49 87 0.021227 0.003749 327.96 86.71
E 49 93 0.022409 0.006913 368.46 5.15
E 49 95 0.022523 0.005372 351.63 7.28
E 49 96 0.018810 0.002989 303.20 26.01
E 50 51 0.026855 0.005230 400.54 2.67
E 50 52 0.026251 0.004347 395.25 0.59
E 50 53 0.023364 0.007185 380.26 11.05
E 50 57 0.027716 0.005554 421.42 0.74
E 50 58 0.021449 0.003930 341.52 1.24
E 50 59 0.026765 0.006092 413.27 0.56
E 50 60 0.031349 0.005714 451.78 0.24
E 50 61 0.029279 0.005766 471.57 0.51
E 50 64 0.023176 0.003963 361.66 3.17
E 50 66 0.028881 0.005597 401.90 3.16
E 50 69 0.021277 0.003805 358.49 1.26
E 50 70 0.021545 0.004004 326.46 1.29
E 50 73 0.027166 0.005023 415.78 3.13
E 50 75 0.025074 0.005306 379.29 0.79
E 50 76 0.024376 0.004575 364.21 3.01
E 50 84 0.021437 0.004144 328.87 1.13
E 50 91 0.021542 0.004167 316.37 153.64
E 50 94 0.027303 0.004329 378.96 0.07
E 50 98 0.021497 0.003969 353.46 0.00
E 50 99 0.021549 0.005843 353.32 0.00
E 51 52 0.027464 0.005459 432.10 2.17
E 51 54 0.026635 0.005116 426.28 5.47
E 51 57 0.026332 0.005134 394.98 21.42
E 51 58 0.026848 0.005802 366.01 2.01
E 51 59 0.027993 0.006604 417.78 10.55
E 51 60 0.026978 0.005594 409.18 1.56
E 51 61 0.026984 0.005968 399.99 23.18
E 51 62 0.024429 0.000169 292.56 84.96
E 51 64 0.027043 0.005818 404.00 3.96
E 51 65 0.026456 0.006015 376.64 0.14
E 51 66 0.027044 0.005727 388.89 1.37
E 51 68 0.026654 0.005776 412.19 3.27
E 51 69 0.026667 0.005110 373.37 2.15
E 51 70 0.006019 0.000320 520.00 5.28
E 51 71 0.025793 0.004380 371.49 1.95
E 51 73 0.027955 0.006042 416.93 1.43
E 51 74 0.024080 0.003935 390.95 3.15
E 51 75 0.026931 0.005214 406.17 0.61
E 51 76 0.027252 0.005674 434.95 1.42
E 51 77 0.026521 0.005861 429.63 0.08
E 51 80 0.026738 0.006241 417.84 0.36
E 51 83 0.017958 0.002880 1780.00 4.36
E 51 84 0.027025 0.005369 419.91 6.64
E 51 87 0.022728 0.003392 2260.00 0.25
E 51 91 0.027025 0.005369 434.99 1.61
E 51 92 0.026580 0.005552 415.30 1.30
E 51 93 0.010484 0.001472 1020.00 0.93
E 51 94 0.027873 0.006013 441.78 0.43
E 51 95 0.024133 0.006954 395.68 0.51
E 51 97 0.026580 0.005552 396.51 1.42
E 51 98 0.027062 0.005556 404.46 0.43
E 51 100 0.026664 0.005886 407.18 38.80
E 52 54 0.025818 0.004233 381.91 2.24
E 52 57 0.025966 0.004267 384.50 2.85
E 52 58 0.027626 0.004618 491.12 12.43
E 52 59 0.026988 0.005138 419.17 0.96
E 52 60 0.026633 0.004749 432.00 2.48
E 52 61 0.026507 0.005282 399.36 9.97
E 52 64 0.027627 0.004482 428.90 19.59
E 52 65 0.026706 0.006744 412.06 2.35
E 52 66 0.027065 0.005119 420.77 17.22
E 52 68 0.025740 0.003976 419.61 19.70
E 52 69 0.012451 0.003040 1324.00 4.58
E 52 73 0.028016 0.005866 448.12 17.52
E 52 74 0.025230 0.003566 372.30 187.87
E 52 75 0.025861 0.005277 399.09 1.33
E 52 76 0.025842 0.003744 384.94 18.95
E 52 77 0.025715 0.003896 385.29 2.19
E 52 80 0.026279 0.003717 413.32 1.16
E 52 82 0.026200 0.003953 435.79 20.75
E 52 90 0.024527 0.002665 379.20 5.38
E 52 92 0.025940 0.004414 392.72 11.14
E 52 97 0.025738 0.003997 393.45 0.00
E 52 100 0.025741 0.004274 394.52 0.00
E 53 58 0.023446 0.003668 383.00 1.40
E 53 59 0.027016 0.003844 400.59 1.33
E 53 60 0.035200 0.004410 542.07 2.43
E 53 64 0.025990 0.003949 366.18 1.28
E 53 70 0.020681 0.004664 335.57 1.97
E 53 75 0.027654 0.000000 747.34 2.68
E 53 76 0.027653 0.003780 409.25 2.06
E 53 84 0.022834 0.004839 352.72 1.84
E 53 85 0.020889 0.005756 341.32 1.47
E 53 86 0.014653 0.001814 231.63 1.76
E 53 88 0.021164 0.006535 342.50 2.19
E 53 91 0.022684 0.005742 373.98 1.20
E 53 98 0.023997 0.006181 371.63 0.29
E 53 99 0.020121 0.005278 327.05 0.47
E 54 57 0.023861 0.003876 365.06 2.40
E 54 60 0.025802 0.004216 384.79 0.82
E 54 61 0.025640 0.004592 401.86 0.48
E 54 65 0.026534 0.007297 389.01 4.74
E 54 66 0.027284 0.006132 409.52 5.46
E 54 68 0.022483 0.001257 358.43 5.98
E 54 73 0.028036 0.006054 418.77 5.41
E 54 77 0.023562 0.002995 355.09 6.45
E 54 80 0.023541 0.002830 399.92 8.90
E 54 82 0.022477 0.001186 350.59 131.38
E 54 90 0.022480 0.003568 337.33 38.00
E 54 92 0.024633 0.003195 358.30 247.40
E 54 94 0.027313 0.004305 404.72 0.00
E 54 97 0.022900 0.001491 361.62 4.77
E 54 100 0.024818 0.004511 366.64 0.00
E 55 56 0.016874 0.000541 269.44 1.59
E 55 62 0.020528 0.001995 323.76 8.68
E 55 63 0.018942 0.005065 306.44 0.63
E 55 67 0.022327 0.004613 363.56 79.89
E 55 72 0.015959 0.000387 240.45 0.71
E 55 74 0.024126 0.005767 445.45 3.55
E 55 78 0.019215 0.003082 295.10 1.15
E 55 79 0.015899 0.000370 250.24 50.58
E 55 81 0.017656 0.001132 277.96 0.21
E 55 95 0.022604 0.003392 379.41 0.00
E 55 96 0.018800 0.003580 306.00 13.43
E 56 62 0.020488 0.001884 368.69 11.78
E 56 63 0.018979 0.005185 301.97 5.09
E 56 67 0.022520 0.004740 355.81 1.46
E 56 72 0.016762 0.000461 270.11 2.31
E 56 74 0.024939 0.007250 377.58 1.14
E 56 78 0.019156 0.003155 301.74 0.92
E 56 79 0.016680 0.000342 266.25 5.28
E 56 81 0.017526 0.001026 272.10 2.71
E 56 83 0.010163 0.001632 980.00 3.24
E 56 87 0.022508 0.004919 333.06 0.16
E 56 93 0.021716 0.005325 346.23 0.68
E 56 95 0.022447 0.005322 369.43 1.09
E 56 96 0.018863 0.003684 297.68 0.31
E 57 58 0.026414 0.003877 362.56 10.75
E 57 59 0.026902 0.005077 411.49 0.00
E 57 60 0.026485 0.004285 375.76 3.69
E 57 61 0.025859 0.004558 381.10 1.48
E 57 64 0.026614 0.002167 425.14 69.23
E 57 65 0.026689 0.007314 404.01 19.10
E 57 66 0.027063 0.005269 415.11 86.24
E 57 68 0.024324 0.003974 378.11 33.21
E 57 69 0.013490 0.001088 1396.00 0.19
E 57 73 0.028035 0.006054 435.08 90.71
E 57 75 0.029541 0.008771 503.31 49.25
E 57 76 0.026970 0.003607 411.72 120.48
E 57 77 0.024270 0.003839 397.97 59.47
E 57 80 0.024484 0.003964 377.10 6.64
E 57 82 0.023972 0.004099 372.35 13.06
E 57 88 0.005314 0.000288 548.00 3.28
E 57 90 0.023587 0.003925 355.29 751.76
E 57 91 0.028737 0.002307 370.39 9.67
E 57 92 0.024634 0.003847 369.48 36.65
E 57 94 0.027520 0.004201 392.50 45.64
E 57 97 0.024294 0.003890 383.10 0.00
E 58 59 0.027914 0.004647 456.49 9.41
E 58 60 0.030806 0.004097 471.18 0.28
E 58 61 0.028643 0.006137 477.55 1.99
E 58 64 0.022989 0.003779 368.81 0.90
E 58 66 0.028216 0.004229 389.88 1.54
E 58 69 0.018691 0.003731 286.17 2.28
E 58 70 0.018904 0.003624 293.35 4.75
E 58 73 0.030584 0.005665 412.73 1.38
E 58 75 0.025007 0.005467 396.76 1.26
E 58 76 0.024519 0.004569 374.00 1.30
E 58 84 0.019598 0.003788 304.37 6.75
E 58 85 0.024937 0.002766 324.64 1.40
E 58 88 0.025135 0.006256 430.85 1.12
E 58 91 0.019771 0.004101 314.61 0.69
E 58 92 0.006338 0.000160 676.00 66.23
E 58 94 0.030342 0.004261 439.04 1.42
E 58 98 0.021598 0.003447 347.06 5.29
E 58 99 0.019857 0.005427 308.40 3.13
E 59 60 0.027002 0.004989 418.25 10.28
E 59 61 0.026731 0.004621 395.84 18.36
E 59 64 0.026573 0.004489 370.02 12.64
E 59 65 0.026771 0.005293 418.71 20.96
E 59 66 0.027197 0.005802 418.08 14.37
E 59 68 0.026703 0.004783 373.93 15.77
E 59 73 0.028016 0.005869 419.26 14.14
E 59 75 0.027143 0.005917 436.51 4.26
E 59 76 0.026830 0.005088 425.66 14.14
E 59 77 0.026745 0.004854 416.64 5.83
E 59 80 0.026689 0.004760 400.22 1.09
E 59 85 0.028183 0.003731 464.49 12.97
E 59 86 0.008178 0.001120 848.00 0.18
E 59 88 0.028184 0.005879 401.80 0.39
E 59 91 0.025618 0.000339 335.58 0.97
E 59 92 0.026773 0.004792 395.06 6.22
E 59 97 0.026644 0.004673 393.30 0.00
E 59 100 0.026690 0.005030 434.94 0.00
E 60 61 0.026307 0.004529 418.51 0.49
E 60 64 0.032186 0.005724 476.94 1.88
E 60 65 0.025930 0.005790 367.95 0.67
E 60 66 0.027524 0.006538 426.60 1.87
E 60 68 0.025707 0.004348 416.31 2.58
E 60 69 0.013907 0.000960 1448.00 2.19
E 60 70 0.031045 0.001018 374.73 1.37
E 60 73 0.027918 0.005556 412.78 1.85
E 60 75 0.032933 0.007072 468.06 3.51
E 60 76 0.027311 0.004892 401.60 1.78
E 60 77 0.025596 0.004348 366.72 1.71
E 60 80 0.025747 0.004158 392.13 13.25
E 60 82 0.025282 0.004410 402.52 0.25
E 60 84 0.028128 0.000882 392.99 23.49
E 60 88 0.005666 0.000000 592.00 0.94
E 60 90 0.024426 0.003424 370.12 0.01
E 60 91 0.031270 0.004711 456.58 0.86
E 60 92 0.026414 0.004749 400.32 0.62
E 60 94 0.028299 0.005503 434.12 0.30
E 60 98 0.030738 0.005682 407.24 5.02
E 61 64 0.029007 0.004897 433.72 11.82
E 61 65 0.026115 0.006111 399.94 3.50
E 61 66 0.027367 0.006228 416.79 12.15
E 61 68 0.025624 0.004489 406.40 12.89
E 61 73 0.027942 0.005808 404.11 12.04
E 61 75 0.029498 0.005201 469.65 14.10
E 61 76 0.029348 0.005012 422.91 12.55
E 61 77 0.025698 0.004603 381.67 7.37
E 61 80 0.025438 0.004185 406.09 12.95
E 61 82 0.025524 0.004219 396.81 1.01
E 61 85 0.029348 0.005003 463.47 12.59
E 61 88 0.029347 0.007462 389.66 2.24
E 61 90 0.025090 0.003913 387.80 9.80
E 61 92 0.025662 0.004545 398.13 11.20
E 61 94 0.027688 0.004933 405.82 0.13
E 61 97 0.025624 0.004498 414.92 0.48
E 62 63 0.020710 0.004772 309.64 4.01
E 62 67 0.022849 0.004802 346.60 3.69
E 62 71 0.019064 0.003189 340.23 3.15
E 62 72 0.020529 0.001662 346.71 6.47
E 62 74 0.023612 0.005951 379.02 37.34
E 62 78 0.020865 0.004868 309.36 17.47
E 62 79 0.020608 0.001955 349.43 1.49
E 62 81 0.020358 0.001941 356.67 3.65
E 62 83 0.019856 0.003386 326.16 4.96
E 62 87 0.021342 0.004175 320.28 0.01
E 62 89 0.014911 0.002456 235.43 0.18
E 62 93 0.021248 0.005691 361.17 21.21
E 62 95 0.023312 0.004174 344.58 62.99
E 62 96 0.020656 0.002078 344.40 39.85
E 63 67 0.022408 0.005917 339.23 281.57
E 63 72 0.018904 0.004957 299.10 0.18
E 63 74 0.025957 0.000000 415.17 21.43
E 63 78 0.019123 0.004800 315.71 27.71
E 63 79 0.018994 0.005157 323.46 363.33
E 63 81 0.018781 0.005102 289.16 24.81
E 63 96 0.018866 0.004927 301.97 2.79
E 64 69 0.022707 0.004054 361.63 6.50
E 64 70 0.022417 0.003452 381.22 23.59
E 64 75 0.025126 0.005329 379.58 0.40
E 64 84 0.022931 0.003820 374.66 22.18
E 64 88 0.025989 0.006072 490.09 2.15
E 64 91 0.023144 0.003876 375.66 5.03
E 64 94 0.027790 0.004963 418.52 1.51
E 64 98 0.023015 0.003765 351.31 5.26
E 64 99 0.022451 0.005953 359.69 3.14
E 65 66 0.027206 0.006010 426.76 0.26
E 65 68 0.026238 0.006229 382.89 0.22
E 65 73 0.028036 0.006054 394.63 0.27
E 65 77 0.026315 0.006619 408.28 0.17
E 65 80 0.026189 0.006200 397.91 0.65
E 65 82 0.026680 0.007400 403.36 0.38
E 65 90 0.026659 0.007048 395.29 1.99
E 65 92 0.026238 0.006229 398.36 0.43
E 65 94 0.027313 0.006068 420.21 0.06
E 65 97 0.026238 0.006229 408.00 0.98
E 66 69 0.005154 0.000064 528.00 6.30
E 66 75 0.027896 0.008219 506.88 0.37
E 66 77 0.027295 0.006083 421.48 0.16
E 66 80 0.027348 0.006242 403.69 1.77
E 66 82 0.027132 0.005912 411.68 0.34
E 66 90 0.026825 0.005957 386.60 4.90
E 66 94 0.028300 0.005631 424.51 2.00
E 66 98 0.029204 0.006236 419.18 5.97
E 67 69 0.003905 0.000032 372.00 1.39
E 67 71 0.021513 0.004009 336.55 90.12
E 67 74 0.022573 0.004980 349.18 1.11
E 67 78 0.022140 0.004337 350.44 0.99
E 67 81 0.022242 0.004494 350.18 279.04
E 67 83 0.022362 0.005008 343.98 15.47
E 67 87 0.022361 0.005008 357.11 18.60
E 67 89 0.024473 0.007505 341.80 6.21
E 67 93 0.022436 0.005806 359.91 169.40
E 67 95 0.022591 0.005514 350.58 0.00
E 68 77 0.023233 0.002536 356.64 0.28
E 68 80 0.025089 0.004601 388.55 1.38
E 68 82 0.022539 0.001424 341.26 0.26
E 68 90 0.022734 0.002734 356.60 1.79
E 68 94 0.027622 0.004952 424.46 5.47
E 69 70 0.018193 0.002532 280.70 28.52
E 69 71 0.021787 0.008626 398.46 5.83
E 69 73 0.005505 0.000416 572.00 6.29
E 69 75 0.025013 0.004918 365.62 2.41
E 69 76 0.024219 0.004405 360.37 6.05
E 69 83 0.003522 0.000096 324.00 1.55
E 69 84 0.018155 0.002499 284.38 6.49
E 69 87 0.032741 0.000000 649.05 2.94
E 69 91 0.019836 0.004462 314.60 1.28
E 69 93 0.006898 0.002848 688.00 3.60
E 69 94 0.012067 0.001632 1276.00 1.34
E 69 98 0.021597 0.003447 356.53 7.33
E 69 99 0.020081 0.005676 312.67 162.14
E 70 75 0.028670 0.008039 405.38 20.96
E 70 76 0.027059 0.004749 379.10 113.93
E 70 84 0.017979 0.001249 270.88 0.09
E 70 91 0.020162 0.004753 300.29 0.18
E 70 98 0.021573 0.003374 348.79 1.04
E 70 99 0.019528 0.005236 325.46 1.62
E 71 74 0.022160 0.003715 327.18 9.65
E 71 75 0.024813 0.005570 379.08 1.42
E 71 83 0.019908 0.003438 321.48 14.42
E 71 87 0.021706 0.004664 342.02 0.14
E 71 93 0.021061 0.005623 334.24 1.02
E 71 95 0.022322 0.005214 334.81 0.90
E 72 74 0.002449 0.000000 248.00 19.39
E 72 78 0.019430 0.003053 272.71 25.06
E 72 79 0.015659 0.000278 258.81 387.48
E 72 81 0.017632 0.001084 281.47 0.10
E 72 96 0.018802 0.003580 295.96 2.38
E 73 75 0.027550 0.005579 389.78 0.35
E 73 77 0.027954 0.005912 418.06 0.15
E 73 80 0.027853 0.005749 397.57 1.87
E 73 82 0.032486 0.007844 484.99 0.22
E 73 94 0.028669 0.005945 431.25 2.08
E 73 98 0.027535 0.004710 403.14 5.81
E 74 75 0.024800 0.006002 379.99 24.11
E 74 78 0.022603 0.004603 366.21 0.07
E 74 79 0.025277 0.000677 400.87 2.07
E 74 81 0.022550 0.004579 374.49 20.41
E 74 83 0.022163 0.004014 331.60 1.68
E 74 87 0.022265 0.004245 363.27 5.15
E 74 93 0.022304 0.005872 343.01 0.76
E 74 95 0.022582 0.005664 353.73 0.84
E 74 96 0.022550 0.004648 333.84 1.79
E 75 76 0.025014 0.005316 394.51 0.29
E 75 83 0.024148 0.004240 340.54 7.49
E 75 84 0.024986 0.005082 396.39 5.52
E 75 91 0.024986 0.005082 400.01 3.06
E 75 92 0.028219 0.002827 379.82 1.12
E 75 94 0.026858 0.005683 417.23 1.98
E 75 97 0.026805 0.004022 443.98 35.95
E 75 98 0.025082 0.005288 383.74 27.23
E 76 84 0.024111 0.004473 379.50 32.87
E 76 91 0.024228 0.004440 372.30 4.75
E 76 94 0.027537 0.004507 413.90 1.84
E 76 98 0.024324 0.004617 377.17 4.95
E 76 99 0.024336 0.004579 379.02 3.03
E 77 80 0.024615 0.003809 383.69 0.50
E 77 82 0.023247 0.002585 363.46 0.28
E 77 90 0.023332 0.002940 359.82 3.98
E 77 92 0.024779 0.003294 375.78 0.33
E 77 94 0.027505 0.005065 413.77 1.05
E 78 79 0.019475 0.003240 313.69 17.58
E 78 81 0.019228 0.003300 316.85 26.89
E 78 83 0.003425 0.000000 312.00 6.99
E 78 87 0.021064 0.004183 325.76 26.59
E 78 93 0.021556 0.006146 330.30 0.00
E 78 95 0.022511 0.005443 363.29 0.00
E 78 96 0.019151 0.003522 297.28 0.00
E 79 81 0.017521 0.001026 279.89 344.44
E 79 95 0.023980 0.003412 379.35 0.00
E 80 82 0.025047 0.004819 383.95 1.00
E 80 90 0.025142 0.004988 400.39 0.75
E 80 92 0.024916 0.003884 410.87 0.34
E 80 94 0.027445 0.004633 410.97 1.05
E 80 97 0.024806 0.003917 392.03 0.65
E 80 100 0.025062 0.004703 393.75 0.00
E 81 95 0.022496 0.005451 357.96 5.03
E 81 96 0.018721 0.003411 299.56 2.72
E 82 90 0.020061 0.003226 338.87 1.19
E 82 92 0.024815 0.003344 369.94 0.19
E 82 94 0.031977 0.004325 602.70 7.21
E 82 97 0.023231 0.001946 374.76 0.09
E 82 100 0.024871 0.004387 409.16 0.37
E 83 87 0.021280 0.004070 327.56 2.20
E 83 89 0.019781 0.003300 322.68 2.53
E 83 93 0.021154 0.005488 331.86 9.31
E 84 91 0.020225 0.005009 326.10 0.38
E 84 94 0.025852 0.002968 367.76 1.64
E 85 86 0.020303 0.003618 335.38 6.34
E 85 88 0.017531 0.004976 270.99 1.67
E 86 88 0.018766 0.005020 371.97 0.03
E 86 98 0.007858 0.001216 808.00 3.21
E 86 99 0.018446 0.004991 299.38 139.32
E 87 89 0.021258 0.004070 344.84 2.48
E 87 93 0.021387 0.005471 350.33 0.12
E 87 95 0.022440 0.005219 358.50 0.05
E 89 93 0.021394 0.005872 334.32 206.91
E 90 92 0.024911 0.003426 373.60 1.82
E 90 97 0.023230 0.002734 367.83 0.71
E 91 94 0.026734 0.003454 402.66 2.99
E 91 98 0.021570 0.004339 338.36 12.72
E 91 99 0.019985 0.005590 317.03 0.00
E 92 94 0.028113 0.005579 391.29 1.15
E 93 95 0.022397 0.005794 341.49 4.11
E 94 97 0.028113 0.005579 427.47 7.85
E 94 98 0.027059 0.003808 408.23 4.42
E 95 96 0.022497 0.005451 352.83 3.30
E 98 99 0.021572 0.005621 337.97 1.42
END

SECTION Terminals
Root 55
Terminals 22
T 19
T 54
T 76
T 57
T 58
T 100
T 28
T 79
T 43
T 92
T 16
T 14
T 59
T 70
T 86
T 84
T 56
T 15
T 99
T 8
T 45
T 30
END

EOF