SECTION Comment
CREATOR "Carlos Araujo"
REMARK "Instance for QoS Multicast Routing Problem"
QoS METRICS "delay, jitter, bandwidth and estimate of link duration"
END

SECTION Graph
Nodes 80
Edges 954

E 1 2 0.023824 0.005766 340.55 0.65
E 1 3 0.023551 0.006260 376.90 0.68
E 1 4 0.021449 0.004391 332.28 1.08
E 1 5 0.023432 0.005497 357.21 35.79
E 1 6 0.020867 0.004304 289.83 0.99
E 1 7 0.023546 0.006260 334.95 14.32
E 1 9 0.023547 0.006260 365.54 68.41
E 1 10 0.022968 0.005386 370.51 1.09
E 1 11 0.022861 0.004931 377.05 1.23
E 1 12 0.022968 0.005386 358.64 1.15
E 1 13 0.023454 0.005554 334.03 0.68
E 1 14 0.023623 0.005847 360.75 1.08
E 1 15 0.021243 0.004107 341.60 1.39
E 1 17 0.022935 0.005071 359.38 0.88
E 1 18 0.021305 0.003489 431.14 0.29
E 1 20 0.023547 0.006260 323.40 0.49
E 1 23 0.021990 0.004082 357.11 1.36
E 1 25 0.021960 0.005058 324.60 0.65
E 1 31 0.023182 0.006264 379.11 19.12
E 1 32 0.021305 0.003489 373.30 0.16
E 1 33 0.023621 0.004071 324.58 2.58
E 1 34 0.021858 0.005427 375.83 1.03
E 1 38 0.024087 0.006260 325.63 7.48
E 1 40 0.023976 0.006765 402.92 1.70
E 1 41 0.023551 0.006260 347.82 0.72
E 1 43 0.022889 0.005194 355.48 1.11
E 1 45 0.022912 0.004845 362.07 0.65
E 1 49 0.022647 0.004821 373.79 89.99
E 1 50 0.023623 0.004071 345.92 0.68
E 1 51 0.021732 0.002159 352.67 0.78
E 1 52 0.020088 0.002883 381.94 1.02
E 1 53 0.029009 0.006260 358.26 0.68
E 1 54 0.023550 0.006260 406.49 0.65
E 1 55 0.023625 0.004070 317.62 0.75
E 1 56 0.023001 0.005020 365.12 0.38
E 1 57 0.022749 0.005258 353.32 1.08
E 1 61 0.023376 0.005224 359.67 0.81
E 1 62 0.022872 0.004560 351.21 4.05
E 1 63 0.023547 0.006260 368.75 1.27
E 1 64 0.022754 0.004646 356.34 0.38
E 1 65 0.023354 0.007689 293.37 0.12
E 1 67 0.022713 0.005030 349.63 4.27
E 1 71 0.023936 0.006170 380.75 2.73
E 1 72 0.023623 0.004071 421.52 6.01
E 1 73 0.024596 0.002578 347.15 1.43
E 1 74 0.023546 0.006260 373.89 0.49
E 1 77 0.022892 0.004955 361.78 23.77
E 1 78 0.022733 0.004739 382.49 1.53
E 1 79 0.022983 0.005176 368.90 1.13
E 2 4 0.019510 0.002985 292.31 7.37
E 2 5 0.021755 0.004097 340.93 4.69
E 2 7 0.020671 0.002582 365.38 15.44
E 2 9 0.022180 0.004911 358.80 22.64
E 2 11 0.024869 0.006581 359.07 1.13
E 2 31 0.022667 0.006398 399.36 12.12
E 2 32 0.020348 0.002455 306.93 22.01
E 2 38 0.022111 0.002554 372.93 4.44
E 2 41 0.021259 0.003693 357.11 0.36
E 2 42 0.021268 0.005576 342.82 0.41
E 2 45 0.021241 0.004783 323.91 9.54
E 2 49 0.022473 0.005114 346.07 556.81
E 2 56 0.022957 0.006596 359.80 3.53
E 2 61 0.021662 0.004579 356.01 178.00
E 2 62 0.019053 0.003986 297.96 25.19
E 2 63 0.021169 0.002525 321.91 227.37
E 2 67 0.022440 0.004944 349.52 0.00
E 2 71 0.019399 0.005330 405.13 133.28
E 2 72 0.021432 0.004353 307.27 6.32
E 2 77 0.021745 0.004692 333.23 0.07
E 3 7 0.020868 0.003177 316.97 6.16
E 3 9 0.021178 0.004159 354.80 10.65
E 3 32 0.019871 0.004688 301.62 32.67
E 3 33 0.001841 0.000000 172.00 0.00
E 3 38 0.018638 0.003933 311.69 4.51
E 3 41 0.018842 0.004164 305.74 0.40
E 3 42 0.021190 0.004297 319.78 0.41
E 3 45 0.021179 0.003247 353.08 10.83
E 3 63 0.020936 0.002725 317.93 229.55
E 3 67 0.020755 0.002883 420.96 0.00
E 3 72 0.020867 0.004092 336.71 5.69
E 4 5 0.016687 0.001390 281.34 0.66
E 4 6 0.017517 0.001758 268.40 6.27
E 4 8 0.018180 0.001832 262.09 6.24
E 4 10 0.019244 0.001150 290.21 6.06
E 4 12 0.020839 0.002949 309.78 6.10
E 4 15 0.019902 0.005036 299.11 5.62
E 4 17 0.018464 0.002210 303.83 1.67
E 4 22 0.018155 0.008225 361.45 5.62
E 4 24 0.015914 0.001404 238.71 2.33
E 4 25 0.017505 0.000792 314.30 7.39
E 4 26 0.017321 0.002621 330.40 19.40
E 4 28 0.016508 0.001832 303.83 1.26
E 4 29 0.017096 0.001696 259.37 8.30
E 4 30 0.015743 0.001908 279.05 0.73
E 4 31 0.021269 0.005766 318.82 4.39
E 4 39 0.016918 0.003639 254.34 4.74
E 4 43 0.017860 0.000724 309.59 6.31
E 4 44 0.017052 0.004664 257.52 5.31
E 4 45 0.018977 0.002883 305.05 0.77
E 4 57 0.021020 0.004625 352.53 6.33
E 4 59 0.015990 0.002158 248.87 5.83
E 4 61 0.018709 0.001747 300.35 0.08
E 4 62 0.018008 0.003252 287.94 3.07
E 4 64 0.020787 0.003457 321.21 0.08
E 4 70 0.017333 0.003463 247.12 5.03
E 4 77 0.018690 0.001372 315.12 19.06
E 4 79 0.018706 0.001289 307.91 6.30
E 5 6 0.022485 0.003782 375.12 2.98
E 5 8 0.022827 0.004175 343.61 2.97
E 5 10 0.024203 0.004217 401.58 3.44
E 5 12 0.022942 0.004114 350.69 3.54
E 5 13 0.022151 0.003263 378.01 0.09
E 5 14 0.023470 0.004190 357.34 3.12
E 5 17 0.021998 0.002707 346.68 89.81
E 5 18 0.022225 0.002148 392.62 10.67
E 5 23 0.023113 0.005408 347.69 4.87
E 5 24 0.022225 0.001413 287.62 3.04
E 5 26 0.024411 0.005314 370.73 4.88
E 5 29 0.022971 0.002510 280.97 10.66
E 5 30 0.024811 0.004495 404.14 4.00
E 5 31 0.023775 0.005463 335.57 0.19
E 5 32 0.022225 0.000000 594.16 14.07
E 5 34 0.022422 0.004016 367.78 3.50
E 5 37 0.022540 0.003814 352.65 49.86
E 5 40 0.023563 0.006057 377.00 3.52
E 5 43 0.022230 0.003910 359.61 3.13
E 5 45 0.019280 0.002968 347.29 5.16
E 5 49 0.023309 0.005637 376.13 4.50
E 5 52 0.022501 0.002883 334.12 3.50
E 5 57 0.023788 0.004950 380.03 3.13
E 5 58 0.023005 0.003401 351.55 1.22
E 5 59 0.020783 0.005152 324.84 1.08
E 5 61 0.023161 0.004780 341.99 3.52
E 5 62 0.019150 0.003957 300.22 24.05
E 5 64 0.021454 0.004014 336.98 2.79
E 5 65 0.002097 0.000000 204.00 144.65
E 5 73 0.021953 0.004070 286.29 1.51
E 5 77 0.022385 0.003615 364.36 1.66
E 5 78 0.021802 0.002544 483.50 2.04
E 5 79 0.023313 0.004528 378.23 3.14
E 6 8 0.019306 0.002940 310.89 0.81
E 6 10 0.024417 0.004150 381.05 0.00
E 6 12 0.022073 0.003907 345.18 0.00
E 6 13 0.019582 0.002647 309.09 3.62
E 6 14 0.023606 0.003799 334.12 0.00
E 6 17 0.018887 0.002672 287.79 24.64
E 6 18 0.023583 0.000000 478.54 12.09
E 6 23 0.023080 0.004929 404.28 15.08
E 6 24 0.018301 0.003069 288.59 3.45
E 6 26 0.018372 0.002927 285.04 16.81
E 6 29 0.018371 0.002996 301.03 2.44
E 6 30 0.018373 0.002927 296.70 7.58
E 6 31 0.021708 0.005567 336.88 7.88
E 6 34 0.021471 0.004176 324.90 0.00
E 6 37 0.020307 0.002807 316.77 0.37
E 6 40 0.023934 0.006072 369.75 14.22
E 6 43 0.023213 0.004437 363.12 0.00
E 6 44 0.016960 0.002575 313.78 0.00
E 6 49 0.022603 0.005663 363.38 52.02
E 6 52 0.021342 0.002578 389.52 0.00
E 6 56 0.022951 0.005004 362.03 0.01
E 6 57 0.023980 0.005294 358.05 0.00
E 6 59 0.018613 0.002258 308.89 129.27
E 6 60 0.022355 0.003128 338.79 24.54
E 6 61 0.024807 0.004537 428.22 45.49
E 6 62 0.020340 0.002429 324.17 5.74
E 6 70 0.017508 0.003250 268.81 4.58
E 6 71 0.011429 0.002432 1080.00 113.58
E 6 73 0.023581 0.004240 294.62 21.80
E 6 77 0.022614 0.005020 361.65 0.62
E 6 78 0.003586 0.000096 332.00 217.31
E 6 79 0.022310 0.003824 351.39 0.00
E 7 9 0.020751 0.004046 338.55 13.33
E 7 11 0.024428 0.005767 349.17 30.16
E 7 14 0.019510 0.004502 291.72 21.10
E 7 16 0.020854 0.004203 334.02 0.52
E 7 20 0.021776 0.004812 332.18 8.74
E 7 21 0.019512 0.000407 229.84 19.86
E 7 25 0.020572 0.003378 335.25 15.43
E 7 28 0.020134 0.003392 291.53 0.00
E 7 33 0.020966 0.004749 295.57 20.08
E 7 36 0.019512 0.003392 393.35 6.50
E 7 38 0.020836 0.004353 360.38 8.65
E 7 41 0.020933 0.002831 328.91 6.17
E 7 42 0.020691 0.003687 325.98 154.30
E 7 45 0.020812 0.002205 385.92 4.00
E 7 50 0.020688 0.003655 332.77 7.23
E 7 53 0.020761 0.003830 329.47 15.82
E 7 54 0.020849 0.005016 331.63 15.42
E 7 55 0.020970 0.002578 361.61 7.30
E 7 60 0.020935 0.004605 344.11 10.23
E 7 63 0.020781 0.003781 367.16 29.93
E 7 65 0.020885 0.003961 344.34 148.97
E 7 69 0.020741 0.003818 325.34 8.22
E 7 72 0.020669 0.003810 337.25 13.02
E 7 73 0.020892 0.004253 363.81 7.38
E 7 74 0.020796 0.003904 324.74 8.69
E 7 75 0.021265 0.003298 344.17 6.17
E 7 78 0.020472 0.001923 319.56 93.00
E 8 10 0.025489 0.005146 378.65 51.14
E 8 12 0.022699 0.003951 367.21 108.98
E 8 13 0.018896 0.002556 320.95 3.60
E 8 14 0.025223 0.004658 381.03 18.88
E 8 17 0.024704 0.006212 356.20 25.20
E 8 18 0.001745 0.000000 160.00 12.07
E 8 23 0.024786 0.005236 375.87 15.12
E 8 24 0.014559 0.001300 236.41 3.44
E 8 26 0.014750 0.001254 237.69 16.93
E 8 29 0.014642 0.001284 246.18 2.46
E 8 30 0.014670 0.001383 228.26 7.51
E 8 31 0.023564 0.005713 359.82 7.75
E 8 34 0.021471 0.004176 338.38 20.92
E 8 37 0.020963 0.003020 327.64 0.19
E 8 40 0.023934 0.006072 388.16 14.37
E 8 43 0.023186 0.004731 358.71 18.88
E 8 44 0.013215 0.001715 220.84 28.03
E 8 49 0.023549 0.006279 362.47 50.60
E 8 52 0.021235 0.003363 336.27 20.93
E 8 56 0.021886 0.004495 332.18 0.08
E 8 57 0.024259 0.005479 391.15 18.95
E 8 59 0.019954 0.002924 306.19 28.63
E 8 60 0.022023 0.003312 332.69 20.95
E 8 61 0.024807 0.005302 362.22 44.98
E 8 62 0.019941 0.003053 319.27 5.74
E 8 65 0.002001 0.000000 192.00 0.00
E 8 70 0.013153 0.001597 206.25 4.58
E 8 73 0.025617 0.005385 337.58 21.74
E 8 77 0.026191 0.008175 382.18 0.28
E 8 78 0.003650 0.000224 340.00 213.69
E 8 79 0.023480 0.004120 397.45 18.86
E 9 11 0.024428 0.005767 349.84 7.70
E 9 14 0.019601 0.005359 367.46 29.91
E 9 16 0.020151 0.003758 321.59 1.31
E 9 20 0.021538 0.004855 319.92 11.81
E 9 21 0.022792 0.002940 379.57 13.88
E 9 25 0.021010 0.003755 326.41 22.62
E 9 32 0.020342 0.003886 329.46 0.04
E 9 33 0.021641 0.004748 407.36 2.11
E 9 35 0.019965 0.004410 267.16 9.79
E 9 36 0.022792 0.005257 374.23 9.94
E 9 38 0.020541 0.004349 331.33 6.79
E 9 41 0.021226 0.003860 368.84 9.49
E 9 42 0.020397 0.003920 310.05 2.36
E 9 45 0.023194 0.005766 292.95 22.74
E 9 50 0.020503 0.004195 332.70 10.10
E 9 53 0.020542 0.004060 343.47 23.16
E 9 54 0.020815 0.004795 332.92 22.61
E 9 55 0.022607 0.005045 383.76 11.24
E 9 63 0.020285 0.003924 325.09 0.30
E 9 65 0.020495 0.003686 341.44 33.65
E 9 68 0.020251 0.004780 321.45 1.75
E 9 69 0.020801 0.004780 317.81 6.68
E 9 72 0.020522 0.004020 328.80 0.65
E 9 74 0.020607 0.003991 333.94 11.73
E 9 75 0.019309 0.003403 321.41 9.30
E 9 78 0.022791 0.002940 481.60 86.03
E 10 13 0.024502 0.004106 386.60 3.11
E 10 17 0.022278 0.002963 343.80 7.51
E 10 23 0.022737 0.005644 379.39 42.77
E 10 24 0.025345 0.005970 455.95 3.42
E 10 26 0.025277 0.006572 459.51 17.16
E 10 28 0.019967 0.001187 322.93 3.90
E 10 29 0.024598 0.006614 471.11 2.44
E 10 30 0.024598 0.006614 416.40 6.07
E 10 31 0.022303 0.005801 349.40 54.81
E 10 37 0.022558 0.003222 365.02 0.58
E 10 40 0.026330 0.005330 447.80 13.64
E 10 45 0.021272 0.003894 337.37 7.75
E 10 49 0.022485 0.005040 345.40 115.52
E 10 56 0.021939 0.004684 367.12 3.58
E 10 58 0.021052 0.002046 314.59 0.57
E 10 59 0.027250 0.006290 422.63 50.04
E 10 60 0.027211 0.004250 422.66 0.84
E 10 61 0.022286 0.003833 355.45 29.99
E 10 62 0.022594 0.002994 361.24 6.25
E 10 71 0.022300 0.003769 386.01 97.19
E 10 73 0.026549 0.005173 375.37 20.77
E 10 77 0.022232 0.003042 350.86 1.00
E 10 78 0.022656 0.003010 356.08 196.83
E 11 12 0.022789 0.003573 364.96 0.00
E 11 14 0.022275 0.003202 363.22 0.00
E 11 15 0.018110 0.003020 293.42 0.00
E 11 19 0.023478 0.005766 326.21 0.00
E 11 20 0.026521 0.005654 364.33 0.00
E 11 21 0.027652 0.006784 420.50 0.00
E 11 22 0.019083 0.002171 319.57 0.00
E 11 23 0.018471 0.004410 314.30 0.12
E 11 24 0.018707 0.006190 252.99 0.03
E 11 26 0.018231 0.005503 303.91 1.07
E 11 29 0.018707 0.006190 347.03 0.60
E 11 30 0.018231 0.005503 325.26 1.71
E 11 33 0.024217 0.006233 489.06 0.12
E 11 34 0.019455 0.004852 312.92 0.00
E 11 36 0.015857 0.003901 272.06 0.00
E 11 38 0.028331 0.006784 570.14 13.26
E 11 40 0.018709 0.002480 288.38 2.23
E 11 43 0.023526 0.003222 391.86 0.00
E 11 44 0.030706 0.000000 501.77 0.00
E 11 49 0.023440 0.005793 374.30 1.51
E 11 51 0.017530 0.002641 270.34 0.00
E 11 52 0.018992 0.002796 290.19 0.00
E 11 55 0.024065 0.006445 326.34 0.00
E 11 57 0.024075 0.004811 343.43 0.00
E 11 63 0.026521 0.005654 459.69 3.62
E 11 65 0.023141 0.004942 357.97 0.06
E 11 66 0.023478 0.005766 347.72 0.00
E 11 67 0.022632 0.003596 388.73 0.01
E 11 70 0.018707 0.006190 272.33 1.43
E 11 71 0.019332 0.004544 320.03 42.03
E 11 73 0.008899 0.002240 880.00 7.25
E 11 74 0.027651 0.006784 527.61 0.00
E 11 77 0.020191 0.001583 388.69 246.41
E 11 78 0.019007 0.004328 299.30 5.96
E 11 79 0.022933 0.004826 342.21 0.00
E 12 13 0.023044 0.003965 377.42 3.19
E 12 17 0.022326 0.003906 336.54 7.92
E 12 23 0.022484 0.005217 321.46 14.14
E 12 24 0.022756 0.004334 476.61 3.46
E 12 26 0.022870 0.003238 359.51 17.24
E 12 28 0.021903 0.003310 348.46 3.89
E 12 29 0.024404 0.003095 405.22 2.45
E 12 30 0.022638 0.003090 400.74 6.52
E 12 31 0.022273 0.005800 382.24 75.71
E 12 37 0.021979 0.003564 367.23 0.58
E 12 40 0.022621 0.003671 337.06 14.15
E 12 45 0.022510 0.004347 341.78 6.37
E 12 49 0.022394 0.005042 358.69 114.10
E 12 56 0.022772 0.004909 362.20 4.87
E 12 58 0.022670 0.004462 351.23 0.30
E 12 59 0.022431 0.003940 356.36 109.29
E 12 60 0.022965 0.004049 369.08 5.01
E 12 61 0.022672 0.004646 358.70 31.35
E 12 62 0.022576 0.004485 373.86 6.22
E 12 65 0.012083 0.001696 1220.00 0.00
E 12 71 0.020704 0.003797 329.36 99.74
E 12 73 0.025276 0.005173 454.06 20.52
E 12 77 0.022707 0.004681 357.31 0.63
E 12 78 0.021319 0.003053 335.53 187.54
E 13 14 0.023014 0.004041 355.72 3.84
E 13 15 0.017919 0.003146 282.26 4.98
E 13 17 0.021304 0.003198 391.76 11.89
E 13 22 0.016938 0.004768 280.81 4.96
E 13 23 0.018899 0.005409 294.66 27.42
E 13 24 0.019066 0.002285 294.20 33.81
E 13 26 0.017734 0.001777 279.77 0.99
E 13 29 0.022300 0.004146 374.10 5.47
E 13 30 0.017801 0.002900 311.22 10.89
E 13 31 0.023468 0.005917 362.84 0.20
E 13 34 0.019672 0.004711 323.79 2.95
E 13 37 0.019997 0.003414 302.69 38.84
E 13 40 0.018824 0.002926 312.65 7.40
E 13 43 0.023633 0.004460 349.19 3.88
E 13 44 0.005202 0.001216 476.00 5.42
E 13 49 0.023556 0.005472 378.74 1.28
E 13 51 0.017277 0.003060 268.03 3.08
E 13 52 0.018611 0.002567 304.00 2.95
E 13 57 0.024508 0.005140 383.79 3.85
E 13 59 0.021850 0.002273 362.47 4.03
E 13 60 0.020926 0.001696 345.12 0.99
E 13 61 0.024938 0.004514 432.77 30.40
E 13 64 0.022660 0.003440 364.43 47.66
E 13 65 0.005970 0.000128 572.00 25.08
E 13 67 0.023197 0.003822 376.93 0.16
E 13 70 0.018382 0.004297 626.07 77.52
E 13 73 0.021065 0.005173 319.68 0.58
E 13 77 0.025744 0.006572 480.21 0.66
E 13 79 0.023351 0.004518 369.65 3.90
E 14 16 0.018127 0.004424 296.56 44.97
E 14 17 0.022924 0.003736 380.57 22.10
E 14 18 0.024684 0.004155 419.71 12.08
E 14 23 0.022997 0.006876 347.10 15.06
E 14 24 0.002161 0.000000 212.00 3.45
E 14 26 0.026465 0.003646 397.52 17.65
E 14 28 0.022430 0.004085 374.31 4.87
E 14 29 0.022904 0.002374 385.39 2.23
E 14 30 0.021887 0.001696 420.80 2.12
E 14 31 0.024053 0.005282 374.60 8.14
E 14 32 0.025956 0.003053 514.17 46.86
E 14 37 0.022551 0.004077 368.83 0.51
E 14 40 0.024661 0.005007 358.86 12.71
E 14 42 0.017745 0.004424 319.32 1.52
E 14 45 0.022395 0.003998 359.10 6.35
E 14 49 0.022941 0.004779 366.42 40.40
E 14 56 0.022788 0.005037 354.57 0.00
E 14 58 0.022793 0.003637 332.76 7.47
E 14 59 0.023710 0.006233 392.32 24.89
E 14 60 0.020641 0.004508 329.57 22.88
E 14 61 0.023900 0.005549 399.75 51.21
E 14 62 0.022508 0.003599 351.10 9.56
E 14 63 0.018392 0.003930 308.59 356.82
E 14 65 0.017579 0.004257 271.15 0.00
E 14 71 0.021429 0.003443 345.07 118.71
E 14 72 0.017786 0.004587 261.34 6.41
E 14 73 0.018842 0.004029 302.62 21.62
E 14 77 0.022994 0.003696 356.02 0.97
E 14 78 0.018832 0.004309 308.22 215.48
E 15 16 0.020529 0.005292 379.90 35.59
E 15 17 0.022394 0.006513 360.56 44.45
E 15 23 0.019589 0.005022 309.72 3.98
E 15 26 0.019766 0.002460 264.73 12.13
E 15 28 0.018159 0.003568 297.02 3.30
E 15 29 0.018031 0.002405 289.50 1796.80
E 15 30 0.016332 0.002326 294.13 2.10
E 15 31 0.020621 0.004853 334.16 1.43
E 15 37 0.019929 0.004070 309.57 0.58
E 15 39 0.016893 0.004206 261.63 0.07
E 15 40 0.017533 0.002573 281.65 73.06
E 15 49 0.020297 0.003791 332.82 12.02
E 15 58 0.022845 0.005168 359.34 14.23
E 15 60 0.021387 0.003410 327.59 0.91
E 15 70 0.015572 0.002021 237.76 4.89
E 15 71 0.018839 0.004042 298.04 19.99
E 15 77 0.021693 0.003554 318.77 1.19
E 16 18 0.020099 0.002699 329.76 0.09
E 16 19 0.019380 0.003310 324.09 8.20
E 16 20 0.021178 0.004237 332.53 13.77
E 16 21 0.017930 0.000848 274.33 21.47
E 16 22 0.020529 0.005292 296.01 35.58
E 16 23 0.017559 0.004736 1672.00 1.09
E 16 28 0.020390 0.010583 334.40 13.45
E 16 33 0.018492 0.003701 294.03 0.00
E 16 34 0.020699 0.005766 341.46 36.34
E 16 35 0.019143 0.004628 275.41 0.61
E 16 36 0.018937 0.002563 317.80 35.57
E 16 46 0.019509 0.004372 307.42 31.93
E 16 49 0.024260 0.006615 437.81 0.58
E 16 51 0.020392 0.004568 313.77 9.45
E 16 52 0.026409 0.005766 530.81 36.36
E 16 55 0.019370 0.002286 303.56 24.38
E 16 60 0.018936 0.003288 311.70 2.31
E 16 63 0.019748 0.003060 318.51 0.05
E 16 65 0.020487 0.004487 326.35 0.13
E 16 66 0.018784 0.002884 316.22 6.49
E 16 70 0.020530 0.005292 331.92 1.05
E 16 71 0.020356 0.005529 328.48 2.47
E 16 72 0.019212 0.002918 296.23 0.02
E 16 73 0.020049 0.003127 296.17 1.92
E 16 74 0.020132 0.003881 324.70 13.13
E 16 76 0.019597 0.003336 313.27 0.65
E 16 78 0.018831 0.005003 290.97 4.56
E 17 18 0.021921 0.005427 395.59 10.00
E 17 23 0.020345 0.007385 324.86 3.86
E 17 31 0.022028 0.005559 339.78 1.55
E 17 32 0.022853 0.006978 406.01 7.51
E 17 37 0.019290 0.003289 275.32 1.00
E 17 40 0.024905 0.006352 391.80 3.13
E 17 43 0.021766 0.003725 351.12 22.10
E 17 45 0.021042 0.004668 343.25 1.05
E 17 49 0.021086 0.003690 334.13 9.70
E 17 56 0.021617 0.005339 338.08 3.08
E 17 57 0.022866 0.004228 356.53 21.97
E 17 58 0.020250 0.002667 318.66 14.69
E 17 59 0.017331 0.001333 255.86 32.46
E 17 60 0.020823 0.002407 303.98 6.93
E 17 61 0.022575 0.005240 327.37 0.81
E 17 62 0.021178 0.002803 341.40 0.09
E 17 64 0.021408 0.003832 339.90 0.96
E 17 67 0.021646 0.004085 354.54 73.84
E 17 71 0.019193 0.003412 286.78 0.00
E 17 73 0.024684 0.005382 413.88 2.22
E 17 77 0.020277 0.002736 316.99 9.03
E 17 79 0.021816 0.003492 352.65 22.30
E 18 20 0.022234 0.004699 372.10 5.31
E 18 23 0.031892 0.006275 411.07 1.04
E 18 32 0.020545 0.002744 339.26 0.15
E 18 38 0.022607 0.005470 369.93 51.29
E 18 40 0.023355 0.002261 334.36 0.82
E 18 42 0.020214 0.002983 327.23 14.39
E 18 43 0.024429 0.002035 414.45 12.06
E 18 47 0.011519 0.000530 159.58 5.10
E 18 50 0.019423 0.001992 311.51 4.52
E 18 56 0.020950 0.003646 335.21 1.12
E 18 57 0.027991 0.007461 351.49 12.09
E 18 58 0.021123 0.002762 323.07 13.38
E 18 60 0.017079 0.004192 1612.00 0.50
E 18 61 0.026838 0.008548 443.61 12.96
E 18 63 0.020953 0.003533 351.84 0.01
E 18 64 0.024373 0.004198 321.53 0.42
E 18 67 0.021055 0.002850 341.25 1.50
E 18 69 0.018452 0.004012 308.99 5.96
E 18 72 0.020952 0.003840 334.42 0.13
E 18 73 0.020698 0.003449 312.67 1.73
E 18 74 0.021398 0.003705 332.30 4.97
E 18 77 0.026876 0.008771 456.59 35.00
E 18 79 0.023751 0.002091 483.84 12.05
E 19 21 0.014064 0.002141 240.83 24.93
E 19 23 0.019733 0.006027 320.70 4.05
E 19 28 0.017622 0.004313 271.09 1.37
E 19 33 0.016803 0.003528 272.57 1.10
E 19 39 0.015521 0.003350 248.83 0.09
E 19 63 0.020718 0.002318 350.26 19.77
E 19 65 0.020957 0.004390 314.00 0.00
E 19 71 0.020070 0.005208 290.53 73.06
E 19 78 0.016832 0.002192 257.51 63.56
E 20 32 0.021517 0.004773 319.84 27.36
E 20 33 0.021822 0.004749 327.87 0.00
E 20 38 0.021457 0.004940 356.45 2.14
E 20 41 0.021483 0.004516 352.18 0.20
E 20 42 0.021609 0.004780 330.97 0.24
E 20 45 0.021960 0.004297 316.76 21.58
E 20 63 0.021498 0.004684 343.97 161.41
E 20 67 0.003554 0.000128 328.00 0.00
E 20 72 0.021595 0.004761 328.27 4.54
E 20 78 0.019682 0.000170 288.69 160.23
E 21 27 0.013432 0.002270 216.25 23.59
E 21 33 0.018075 0.002166 317.19 0.00
E 21 35 0.016945 0.003179 275.80 10.49
E 21 36 0.017239 0.003124 278.29 14.97
E 21 38 0.017687 0.002786 284.55 1.25
E 21 48 0.014308 0.001110 245.29 9.47
E 21 55 0.018005 0.002681 269.11 18.90
E 21 65 0.019794 0.003081 296.71 0.00
E 21 75 0.018364 0.003722 307.49 7.98
E 21 76 0.015486 0.002587 240.06 23.28
E 21 80 0.015215 0.002396 241.32 0.16
E 22 23 0.018745 0.005941 319.12 3.87
E 22 26 0.016572 0.004212 257.62 12.98
E 22 28 0.017683 0.004292 276.61 3.30
E 22 29 0.017057 0.003392 263.15 1800.26
E 22 30 0.016119 0.004212 245.65 2.10
E 22 37 0.019258 0.004053 319.26 0.56
E 22 39 0.016729 0.004892 270.35 0.07
E 22 40 0.017239 0.004340 294.65 76.69
E 22 70 0.016234 0.004410 273.42 4.87
E 22 71 0.017911 0.003618 296.11 19.99
E 23 24 0.026296 0.008480 587.20 0.95
E 23 26 0.026198 0.007657 425.48 4.75
E 23 28 0.019239 0.003324 346.84 11.43
E 23 29 0.026199 0.007657 381.08 7.13
E 23 30 0.026198 0.007657 434.24 10.96
E 23 31 0.018050 0.006127 334.90 4.19
E 23 32 0.005682 0.000096 536.00 0.91
E 23 34 0.019453 0.005258 334.62 23.37
E 23 37 0.019862 0.005165 319.46 13.32
E 23 40 0.019040 0.005363 316.46 12.81
E 23 43 0.023715 0.004537 367.32 15.14
E 23 49 0.021000 0.006243 339.88 2.97
E 23 51 0.018786 0.005787 320.62 11.75
E 23 52 0.019651 0.006101 309.36 23.26
E 23 56 0.023922 0.003392 351.14 0.38
E 23 57 0.022961 0.005152 395.08 15.06
E 23 58 0.031892 0.006275 463.28 17.06
E 23 59 0.023174 0.006716 350.76 22.00
E 23 60 0.019063 0.004528 305.08 2.10
E 23 61 0.025327 0.006013 421.06 0.56
E 23 64 0.026165 0.006615 439.89 1.17
E 23 71 0.018580 0.004470 299.85 11.51
E 23 73 0.026464 0.008820 427.50 20.52
E 23 77 0.026532 0.006735 452.70 5.52
E 23 78 0.018586 0.005234 280.16 853.39
E 23 79 0.024205 0.004537 355.15 15.20
E 24 26 0.013468 0.000618 216.71 2.07
E 24 29 0.013360 0.000638 218.00 5.90
E 24 30 0.014116 0.001496 219.12 12.59
E 24 31 0.019746 0.003131 289.07 18.55
E 24 34 0.022176 0.003968 364.49 3.44
E 24 37 0.022586 0.003434 389.57 14.16
E 24 40 0.002417 0.000000 244.00 6.72
E 24 43 0.004610 0.000288 460.00 3.45
E 24 49 0.023819 0.004545 332.91 1.02
E 24 52 0.023468 0.003968 351.55 3.44
E 24 59 0.020615 0.002950 353.34 3.63
E 24 60 0.020078 0.001470 358.76 1.39
E 24 61 0.027721 0.005292 421.39 0.29
E 24 62 0.019745 0.003131 337.43 1.48
E 24 77 0.002609 0.000000 268.00 1.21
E 24 79 0.006482 0.000288 636.00 3.45
E 25 32 0.020540 0.003876 337.87 25.70
E 25 33 0.008387 0.000768 816.00 0.00
E 25 38 0.023708 0.005342 357.23 4.39
E 25 41 0.021172 0.003552 347.61 0.36
E 25 42 0.020907 0.003528 348.54 0.41
E 25 45 0.019385 0.003353 294.73 9.75
E 25 56 0.019926 0.003469 321.97 3.57
E 25 61 0.018958 0.001696 295.50 178.99
E 25 63 0.021100 0.003314 343.10 226.87
E 25 67 0.021076 0.003641 336.26 0.00
E 25 72 0.021568 0.004595 327.84 6.10
E 25 77 0.018582 0.000565 287.02 0.06
E 26 29 0.013448 0.000676 225.07 2.15
E 26 30 0.013968 0.001315 215.62 6.61
E 26 31 0.021924 0.001922 358.43 2.60
E 26 34 0.022936 0.002713 399.35 30.65
E 26 37 0.021918 0.001922 357.23 4.95
E 26 39 0.016013 0.002401 307.46 39.83
E 26 40 0.025569 0.003877 416.94 1.28
E 26 43 0.022904 0.002120 443.02 33.62
E 26 44 0.013043 0.001254 207.65 37.75
E 26 49 0.023920 0.005403 373.26 72.99
E 26 52 0.022845 0.002412 396.07 30.72
E 26 57 0.027992 0.007462 526.78 33.65
E 26 59 0.020615 0.002950 324.39 30.10
E 26 61 0.026370 0.003392 455.77 1.96
E 26 62 0.021923 0.001922 304.13 5.14
E 26 64 0.022000 0.001357 344.25 3.54
E 26 70 0.013102 0.001456 203.67 0.93
E 26 77 0.027087 0.010232 403.31 4.11
E 26 79 0.024396 0.002035 320.81 33.60
E 27 76 0.016348 0.004102 243.99 0.80
E 28 31 0.024429 0.004862 347.03 2.60
E 28 34 0.019143 0.003243 288.73 3.72
E 28 37 0.020206 0.003695 338.89 0.43
E 28 39 0.018289 0.006378 295.21 1.70
E 28 40 0.018323 0.002629 285.45 2.14
E 28 43 0.018581 0.001729 305.80 4.91
E 28 45 0.017700 0.001547 292.10 0.02
E 28 46 0.016947 0.003978 280.36 2.75
E 28 49 0.001969 0.000000 188.00 34.28
E 28 51 0.018076 0.002883 319.46 1.35
E 28 52 0.018151 0.002996 322.40 3.72
E 28 57 0.021826 0.004085 351.17 4.88
E 28 60 0.021732 0.003546 389.36 16.34
E 28 61 0.019199 0.002035 311.56 1.14
E 28 66 0.017375 0.004308 270.78 1.36
E 28 70 0.016797 0.007010 345.95 2.50
E 28 71 0.019559 0.004466 299.88 1.90
E 28 77 0.018725 0.001234 326.60 5.12
E 28 78 0.019369 0.003957 307.62 9.21
E 28 79 0.019452 0.001906 321.86 4.93
E 29 30 0.014127 0.001508 223.34 0.32
E 29 31 0.023695 0.003656 312.85 2.58
E 29 34 0.023496 0.004113 358.42 76.03
E 29 37 0.022196 0.003077 430.82 1.80
E 29 39 0.016398 0.002854 261.86 55.11
E 29 40 0.025618 0.002374 378.53 0.16
E 29 43 0.023470 0.002487 394.12 2.23
E 29 44 0.013085 0.001314 197.23 1439.46
E 29 49 0.023819 0.004545 380.93 0.34
E 29 52 0.023496 0.004113 364.51 85.37
E 29 57 0.008643 0.000896 848.00 2.22
E 29 59 0.020615 0.002950 351.17 3.15
E 29 60 0.023809 0.002940 377.98 4.24
E 29 61 0.027846 0.003973 408.53 5.49
E 29 62 0.023207 0.003562 388.52 34.29
E 29 70 0.013054 0.001258 209.26 2.46
E 29 77 0.022904 0.003392 391.62 17.62
E 29 79 0.022904 0.002374 433.40 2.24
E 30 31 0.022123 0.004308 348.75 5.15
E 30 34 0.022903 0.003090 381.83 6.91
E 30 37 0.020900 0.004070 373.63 0.61
E 30 39 0.015990 0.003085 244.42 47.74
E 30 40 0.026127 0.003957 392.56 4.24
E 30 43 0.022735 0.002120 297.00 2.12
E 30 44 0.013255 0.001254 215.78 2.09
E 30 49 0.024260 0.005714 406.99 3.81
E 30 52 0.022638 0.003090 326.95 6.88
E 30 59 0.020614 0.003126 342.30 3.93
E 30 60 0.021321 0.001470 287.17 1.72
E 30 61 0.026371 0.003392 402.65 8.26
E 30 62 0.021154 0.004331 378.73 12.47
E 30 64 0.023108 0.004206 330.23 14.62
E 30 70 0.013605 0.001473 209.78 26.04
E 30 77 0.022904 0.003392 410.91 9.25
E 30 79 0.022904 0.001696 341.88 2.12
E 31 37 0.020330 0.004418 315.99 3.39
E 31 43 0.024102 0.004758 405.11 8.04
E 31 45 0.024020 0.005930 370.08 11.80
E 31 49 0.022387 0.005757 352.11 0.45
E 31 56 0.023549 0.005490 345.24 13.26
E 31 57 0.022530 0.005341 366.18 8.16
E 31 58 0.025414 0.005597 459.80 11.55
E 31 59 0.020234 0.005260 309.38 5.13
E 31 60 0.021070 0.003121 308.26 51.49
E 31 61 0.023549 0.005490 368.40 18.15
E 31 62 0.021094 0.004331 341.67 0.84
E 31 64 0.021994 0.005665 359.26 35.83
E 31 67 0.022222 0.005554 333.28 100.68
E 31 71 0.020708 0.005213 304.73 4.50
E 31 77 0.022336 0.005540 352.89 1.91
E 31 79 0.022192 0.005597 340.38 7.97
E 32 40 0.023920 0.001696 426.00 1.06
E 32 41 0.020353 0.002309 288.23 15.44
E 32 42 0.020013 0.002612 321.02 55.67
E 32 43 0.024429 0.001526 340.76 47.23
E 32 53 0.019969 0.002540 316.21 27.46
E 32 54 0.020784 0.004772 326.84 28.71
E 32 56 0.020109 0.002519 351.98 0.91
E 32 57 0.035454 0.000679 708.54 46.68
E 32 58 0.020217 0.000802 310.91 38.50
E 32 60 0.019789 0.004189 361.33 0.27
E 32 61 0.025730 0.006332 302.38 25.96
E 32 63 0.019836 0.003232 330.91 0.03
E 32 64 0.024373 0.002374 365.28 0.10
E 32 67 0.020300 0.003497 326.29 0.56
E 32 68 0.019983 0.002632 307.93 32.35
E 32 69 0.019983 0.004187 321.37 0.13
E 32 72 0.019943 0.002815 312.46 0.02
E 32 73 0.020129 0.003007 322.11 1.88
E 32 74 0.020380 0.003953 309.78 28.02
E 32 77 0.028940 0.006580 425.53 18.08
E 32 79 0.024395 0.002035 394.04 47.63
E 33 35 0.017199 0.003322 274.39 3.16
E 33 36 0.017538 0.002703 273.39 0.00
E 33 38 0.024598 0.006037 355.79 11.56
E 33 40 0.017308 0.003222 182.49 1.50
E 33 41 0.003649 0.000032 340.00 0.00
E 33 48 0.015442 0.000339 209.57 3.18
E 33 50 0.023525 0.005370 335.01 0.00
E 33 53 0.002289 0.000000 228.00 0.00
E 33 54 0.001873 0.000000 176.00 0.00
E 33 55 0.016605 0.003271 271.64 0.00
E 33 63 0.022052 0.003799 344.53 0.25
E 33 65 0.018379 0.003424 279.12 0.02
E 33 66 0.016851 0.003648 266.36 0.93
E 33 72 0.020799 0.001221 406.27 3.44
E 33 74 0.022007 0.004749 352.32 0.00
E 33 75 0.017751 0.004148 278.20 0.00
E 33 76 0.015957 0.002672 244.22 4.67
E 33 78 0.020188 0.002713 707.77 0.63
E 33 80 0.016281 0.002962 263.55 4.12
E 34 37 0.019972 0.004397 350.17 0.56
E 34 39 0.018777 0.004532 285.66 0.08
E 34 40 0.019063 0.004281 308.10 13.62
E 34 49 0.023710 0.004853 367.77 122.49
E 34 59 0.022471 0.002960 349.89 23.59
E 34 61 0.026466 0.004664 409.84 25.16
E 34 65 0.003905 0.000032 372.00 0.00
E 34 71 0.019487 0.004619 345.14 89.63
E 34 73 0.022176 0.005173 392.54 20.83
E 34 77 0.028128 0.009430 423.89 2.22
E 34 78 0.018846 0.004275 306.94 29.83
E 35 63 0.019461 0.003758 331.46 19.12
E 35 76 0.016817 0.003137 265.53 13.45
E 36 40 0.014906 0.001344 236.11 0.41
E 36 63 0.020297 0.002754 350.64 51.66
E 36 71 0.017608 0.002624 275.35 107.66
E 36 73 0.019513 0.000000 445.19 0.81
E 36 76 0.017261 0.002862 289.48 15.45
E 36 78 0.016741 0.002713 311.55 34.15
E 37 40 0.019978 0.003521 324.13 5.67
E 37 43 0.023080 0.004871 359.61 0.51
E 37 49 0.022172 0.004449 343.25 20.83
E 37 52 0.019822 0.003469 324.30 0.56
E 37 57 0.023639 0.005210 373.07 0.51
E 37 59 0.022240 0.003572 361.07 0.82
E 37 60 0.020486 0.002657 319.60 19.40
E 37 61 0.025257 0.003971 368.59 3.98
E 37 62 0.021947 0.001357 302.70 0.71
E 37 64 0.022767 0.005800 431.50 5.86
E 37 71 0.019850 0.003822 330.59 4.23
E 37 77 0.025414 0.007938 388.30 2.05
E 37 79 0.023388 0.004749 359.14 0.51
E 38 41 0.017949 0.003890 281.84 2.07
E 38 42 0.007747 0.001536 736.00 1.49
E 38 45 0.021885 0.003278 490.10 11.40
E 38 50 0.020759 0.002940 317.16 3.27
E 38 53 0.023709 0.006422 345.41 4.71
E 38 54 0.023538 0.005879 376.27 4.36
E 38 63 0.019733 0.004703 293.21 10.42
E 38 67 0.001841 0.000000 172.00 9.19
E 38 69 0.019526 0.003345 327.91 3.24
E 38 72 0.021832 0.004342 369.12 0.66
E 38 74 0.020657 0.004579 329.86 2.14
E 38 78 0.028332 0.000000 550.24 22.91
E 39 40 0.016225 0.002661 299.79 15.17
E 39 44 0.016300 0.003062 235.11 0.02
E 39 46 0.015253 0.003544 244.79 0.01
E 39 70 0.016354 0.003324 260.45 7.92
E 40 43 0.024439 0.006407 375.72 12.89
E 40 49 0.024026 0.006213 381.86 3.24
E 40 51 0.016064 0.002069 249.40 14.27
E 40 52 0.016875 0.002434 277.89 13.62
E 40 56 0.025555 0.007061 381.75 9.93
E 40 57 0.025317 0.005319 352.95 12.73
E 40 58 0.026521 0.006068 411.32 4.03
E 40 59 0.023785 0.005156 432.21 11.17
E 40 60 0.019834 0.002601 304.73 1.60
E 40 61 0.025201 0.006212 387.75 6.38
E 40 64 0.025169 0.006654 377.06 8.05
E 40 65 0.001521 0.000000 132.00 2.08
E 40 67 0.009699 0.003552 980.00 8.42
E 40 71 0.018348 0.003290 290.95 48.03
E 40 73 0.026391 0.007220 493.63 5.29
E 40 77 0.027702 0.007858 460.23 5.55
E 40 78 0.017614 0.003661 274.08 12.34
E 40 79 0.024295 0.006407 413.91 13.03
E 41 42 0.020647 0.003657 319.10 0.43
E 41 45 0.021569 0.003966 372.06 10.86
E 41 47 0.018953 0.002235 301.69 0.23
E 41 50 0.020533 0.002411 341.03 0.17
E 41 53 0.020141 0.003543 301.52 0.37
E 41 54 0.022457 0.004852 348.32 0.37
E 41 63 0.021406 0.003891 401.20 221.90
E 41 67 0.020755 0.002883 345.04 0.00
E 41 68 0.019826 0.002261 292.12 0.29
E 41 69 0.019722 0.003600 333.40 0.26
E 41 72 0.021458 0.004299 348.25 5.68
E 41 73 0.021488 0.004230 360.72 18.47
E 41 74 0.021504 0.003929 330.62 0.21
E 42 45 0.021114 0.003822 310.55 10.31
E 42 47 0.020571 0.003895 343.77 0.33
E 42 50 0.019498 0.002242 317.84 0.23
E 42 53 0.019277 0.002473 306.87 0.43
E 42 54 0.020913 0.004700 313.85 0.41
E 42 63 0.019682 0.003235 322.95 13.59
E 42 67 0.020755 0.002883 301.20 116.95
E 42 68 0.019253 0.002361 302.25 0.49
E 42 69 0.019292 0.003941 306.14 0.33
E 42 72 0.019914 0.003249 333.49 6.25
E 42 73 0.020038 0.003117 333.58 1.24
E 42 74 0.020611 0.004057 314.48 0.25
E 43 45 0.020070 0.004860 324.52 6.36
E 43 49 0.023479 0.005352 360.41 34.51
E 43 56 0.020732 0.004543 323.49 0.00
E 43 58 0.019618 0.002784 316.36 7.53
E 43 59 0.023441 0.004014 365.88 24.79
E 43 60 0.023337 0.005330 335.60 25.05
E 43 61 0.021817 0.004610 333.34 53.26
E 43 62 0.018782 0.002201 297.39 7.30
E 43 73 0.022733 0.004070 348.03 21.99
E 43 77 0.020367 0.003085 329.51 0.97
E 45 47 0.020868 0.002884 339.12 23.90
E 45 50 0.023583 0.003816 309.20 24.28
E 45 53 0.022958 0.005965 456.73 10.12
E 45 54 0.022251 0.005026 339.19 9.98
E 45 56 0.020696 0.004361 308.00 2.06
E 45 57 0.022088 0.004095 367.17 3.38
E 45 61 0.020254 0.003983 331.02 51.01
E 45 62 0.019949 0.003775 308.27 48.70
E 45 63 0.020899 0.002097 370.77 2.47
E 45 64 0.021261 0.004132 328.20 1.00
E 45 67 0.021434 0.004203 357.07 2.91
E 45 68 0.021114 0.003075 322.05 14.72
E 45 69 0.020359 0.002985 328.40 21.68
E 45 72 0.020982 0.001357 395.54 3.52
E 45 73 0.023921 0.005088 320.96 3.08
E 45 74 0.021783 0.003358 316.06 21.21
E 45 79 0.021209 0.003932 340.17 5.55
E 46 70 0.015473 0.001594 256.85 6.29
E 46 71 0.019680 0.005003 305.63 31.77
E 47 72 0.021412 0.003743 346.17 7.20
E 48 76 0.015854 0.003241 248.44 6.29
E 49 51 0.025501 0.002148 507.43 382.96
E 49 52 0.023461 0.004557 374.16 362.57
E 49 56 0.021618 0.004231 312.60 6.83
E 49 57 0.022638 0.004998 374.35 447.65
E 49 59 0.022560 0.005213 359.26 449.58
E 49 60 0.022714 0.005503 380.83 0.01
E 49 61 0.021834 0.004019 341.90 45.61
E 49 62 0.024439 0.006052 341.27 0.92
E 49 64 0.022628 0.005149 343.89 1.89
E 49 65 0.007217 0.000608 728.00 6.80
E 49 67 0.021628 0.004553 347.39 1.06
E 49 71 0.021208 0.002483 345.53 0.30
E 49 73 0.024258 0.005173 358.81 0.67
E 49 77 0.022010 0.004053 338.70 3.17
E 49 79 0.022138 0.004672 362.61 456.40
E 50 63 0.020178 0.003073 324.90 199.92
E 50 72 0.020157 0.003285 336.30 4.16
E 50 73 0.020050 0.003127 328.71 1.44
E 51 63 0.019988 0.003477 331.84 23.78
E 51 65 0.020093 0.003634 307.81 0.00
E 51 71 0.018678 0.003444 301.20 78.99
E 51 73 0.020808 0.003811 386.16 15.53
E 51 78 0.016850 0.002707 257.12 71.94
E 52 59 0.022224 0.002525 388.47 23.66
E 52 61 0.026466 0.004664 351.91 25.20
E 52 65 0.004065 0.000000 392.00 0.00
E 52 71 0.018493 0.003506 293.81 89.54
E 52 73 0.021066 0.005173 378.64 20.76
E 52 77 0.028128 0.009430 354.31 2.20
E 52 78 0.017705 0.004288 287.32 30.61
E 53 63 0.022713 0.006339 375.90 234.09
E 53 67 0.024259 0.002883 310.81 0.00
E 53 72 0.020026 0.003213 320.41 6.59
E 54 63 0.020661 0.004452 333.11 226.48
E 54 67 0.020754 0.002883 423.37 0.00
E 54 72 0.020826 0.004742 328.07 5.92
E 55 63 0.020714 0.002854 324.41 65.54
E 55 76 0.016137 0.002446 249.07 17.45
E 55 78 0.018578 0.000169 365.27 56.86
E 56 57 0.022555 0.004576 342.60 3.11
E 56 58 0.021450 0.005451 336.25 0.03
E 56 61 0.020838 0.004339 331.70 0.45
E 56 62 0.020865 0.004256 331.79 1.60
E 56 64 0.021322 0.004529 333.47 16.67
E 56 67 0.021447 0.005323 346.18 8.27
E 56 73 0.020771 0.004325 344.13 1.12
E 56 77 0.020957 0.004950 331.26 13.41
E 56 79 0.021852 0.004801 324.09 3.22
E 57 58 0.022352 0.003924 352.28 7.42
E 57 59 0.024261 0.005136 365.41 24.97
E 57 60 0.023852 0.004958 339.10 22.34
E 57 61 0.022474 0.004613 360.84 50.94
E 57 62 0.023027 0.003176 336.42 10.77
E 57 71 0.022847 0.004815 381.73 118.89
E 57 73 0.020528 0.004070 528.24 21.61
E 57 77 0.022887 0.004038 349.25 0.97
E 57 78 0.020798 0.003862 329.63 215.39
E 58 60 0.020029 0.003271 274.45 58.56
E 58 61 0.021790 0.004794 332.83 53.57
E 58 67 0.021473 0.004015 350.32 0.00
E 58 73 0.021615 0.005382 321.32 27.50
E 58 77 0.020230 0.002065 335.02 1.11
E 58 79 0.021607 0.003445 345.16 7.61
E 59 60 0.022791 0.004048 373.57 20.88
E 59 61 0.025258 0.003971 381.48 29.21
E 59 62 0.018334 0.002374 319.53 6.87
E 59 64 0.020973 0.003793 332.83 0.00
E 59 77 0.023469 0.003392 382.82 1.26
E 59 79 0.023660 0.003627 388.32 24.67
E 60 61 0.024134 0.003588 388.63 1.99
E 60 62 0.021059 0.003068 369.86 0.57
E 60 64 0.023098 0.006755 398.08 0.13
E 60 65 0.017767 0.003297 282.09 0.81
E 60 73 0.019062 0.003026 313.42 10.56
E 60 77 0.021439 0.002587 335.86 19.01
E 60 79 0.023056 0.004113 408.02 25.59
E 61 62 0.020513 0.003582 351.32 87.89
E 61 64 0.021233 0.004145 358.70 7.74
E 61 67 0.021695 0.004152 353.01 1.55
E 61 73 0.022112 0.004070 368.54 2.61
E 61 77 0.021687 0.004282 352.18 11.37
E 61 79 0.021902 0.004204 348.56 105.27
E 62 77 0.019497 0.002935 305.85 2.53
E 62 79 0.021246 0.003005 316.21 17.57
E 63 65 0.019948 0.003745 309.31 6.33
E 63 69 0.021790 0.004652 340.97 246.07
E 63 72 0.019968 0.003114 327.29 3.37
E 63 73 0.020007 0.003569 337.10 0.07
E 63 74 0.020654 0.003855 332.33 162.71
E 63 75 0.019533 0.003374 291.93 51.78
E 63 76 0.020147 0.003336 311.28 39.91
E 63 78 0.020303 0.002261 296.33 0.08
E 63 80 0.020608 0.006720 318.98 29.11
E 64 65 0.004161 0.000032 404.00 0.04
E 64 67 0.021810 0.004097 337.35 0.26
E 64 73 0.023307 0.003935 408.79 1.31
E 64 77 0.020905 0.004037 329.08 153.75
E 65 66 0.020800 0.004419 345.75 0.00
E 65 71 0.004001 0.000384 384.00 5.44
E 65 73 0.020182 0.003901 306.08 0.82
E 65 78 0.019018 0.004260 360.77 2.79
E 66 71 0.019433 0.004853 289.57 73.44
E 66 78 0.018206 0.003131 267.31 63.54
E 67 68 0.020755 0.002883 385.24 0.00
E 67 73 0.019824 0.002505 297.19 1.64
E 67 74 0.003554 0.000128 328.00 0.00
E 67 77 0.021692 0.003968 350.77 269.55
E 67 79 0.021833 0.003811 347.90 0.00
E 68 72 0.019985 0.003284 312.70 6.70
E 69 72 0.020154 0.003983 312.90 5.07
E 70 71 0.026636 0.004410 327.27 4.04
E 71 78 0.018563 0.004136 292.13 0.12
E 72 73 0.020038 0.003117 320.50 0.29
E 72 74 0.020588 0.004003 341.08 4.55
E 72 75 0.021410 0.007335 389.89 5.59
E 73 77 0.028126 0.009430 515.32 2.24
E 73 78 0.021359 0.004673 374.70 0.03
E 73 79 0.025278 0.004070 421.13 22.21
E 74 78 0.020615 0.002459 331.30 160.68
E 75 76 0.018403 0.003657 282.74 15.45
E 76 80 0.015403 0.002553 247.94 4.32
E 77 79 0.021821 0.003432 345.01 0.97
END

SECTION Terminals
Root 36
Terminals 23
T 47
T 57
T 67
T 20
T 76
T 28
T 78
T 42
T 45
T 10
T 4
T 43
T 68
T 59
T 12
T 5
T 19
T 14
T 22
T 80
T 40
T 54
T 29
END

EOF