SECTION Comment
CREATOR "Carlos Araujo"
REMARK "Instance for QoS Multicast Routing Problem"
QoS METRICS "delay, jitter, bandwidth and estimate of link duration"
END

SECTION Graph
Nodes 80
Edges 882

E 1 2 0.023880 0.005653 368.69 26.66
E 1 5 0.023432 0.005497 365.84 3.19
E 1 6 0.020867 0.004304 301.79 5.00
E 1 10 0.022968 0.005386 369.11 6.36
E 1 11 0.023196 0.005235 346.66 7.12
E 1 12 0.022968 0.005386 381.97 6.35
E 1 13 0.023454 0.005554 346.93 0.46
E 1 14 0.023623 0.005847 337.09 0.26
E 1 17 0.022822 0.004971 331.50 3.51
E 1 23 0.022313 0.004152 330.03 266.24
E 1 25 0.021460 0.004671 335.21 4.44
E 1 28 0.021128 0.003282 343.70 0.00
E 1 31 0.023182 0.006264 353.69 3.11
E 1 34 0.024328 0.005156 358.12 0.55
E 1 37 0.022029 0.004590 374.95 69.45
E 1 40 0.023976 0.006765 416.08 1.24
E 1 43 0.022889 0.005194 386.05 0.03
E 1 45 0.022834 0.004699 383.85 24.88
E 1 49 0.022647 0.004821 331.66 3.08
E 1 51 0.021353 0.002792 392.89 0.55
E 1 52 0.019935 0.001781 308.96 1.76
E 1 56 0.023001 0.005020 348.19 0.38
E 1 57 0.022749 0.005258 356.79 3.30
E 1 58 0.022455 0.004330 380.52 3.13
E 1 60 0.021453 0.002749 336.91 54.74
E 1 61 0.023376 0.005224 375.27 0.03
E 1 67 0.022751 0.005001 351.48 1.46
E 1 71 0.023936 0.006170 396.46 0.53
E 1 77 0.022789 0.004863 357.42 28.75
E 1 78 0.023109 0.005044 340.72 18.11
E 1 79 0.022983 0.005176 385.43 2.37
E 2 3 0.002097 0.000000 204.00 0.78
E 2 4 0.019510 0.002985 372.41 0.04
E 2 5 0.021755 0.004097 389.87 0.74
E 2 7 0.020970 0.002714 372.14 5.46
E 2 9 0.022022 0.003596 437.37 5.79
E 2 10 0.021940 0.004924 347.22 0.81
E 2 11 0.024869 0.006581 386.99 0.31
E 2 12 0.023676 0.005221 388.12 0.80
E 2 13 0.008340 0.000960 752.00 3.62
E 2 14 0.022411 0.005716 359.96 3.05
E 2 18 0.019114 0.001753 325.87 1.05
E 2 20 0.020700 0.003137 503.50 2.82
E 2 25 0.019846 0.003406 329.25 0.80
E 2 28 0.024740 0.006501 438.92 0.01
E 2 32 0.022167 0.005257 280.56 0.79
E 2 37 0.023846 0.006973 352.08 0.10
E 2 42 0.023015 0.008216 318.86 0.90
E 2 43 0.021413 0.004101 336.92 46.60
E 2 45 0.021546 0.005427 356.65 90.23
E 2 49 0.022473 0.005114 349.89 0.31
E 2 53 0.019040 0.002348 277.34 1.17
E 2 54 0.023870 0.007365 413.71 2.27
E 2 56 0.022957 0.006596 353.08 0.21
E 2 57 0.021863 0.004849 375.77 7.37
E 2 58 0.020327 0.003093 339.74 1.39
E 2 59 0.014442 0.002337 208.54 0.02
E 2 61 0.021662 0.004579 331.36 5.77
E 2 64 0.020977 0.004070 353.55 0.09
E 2 67 0.022746 0.005030 406.70 2.18
E 2 68 0.019041 0.002348 375.21 1.73
E 2 71 0.019399 0.005330 489.35 1.09
E 2 72 0.021351 0.005476 341.68 1.30
E 2 73 0.022176 0.004749 405.05 0.49
E 2 74 0.023073 0.006190 335.90 6.38
E 2 77 0.021745 0.004692 332.02 2.92
E 2 79 0.022037 0.005272 357.64 32.25
E 3 7 0.021022 0.002991 380.80 2.07
E 3 9 0.020529 0.003543 294.50 2.09
E 3 16 0.022201 0.003707 341.39 0.95
E 3 18 0.019191 0.005203 317.60 11.08
E 3 20 0.021163 0.004658 324.81 0.78
E 3 25 0.001617 0.000000 144.00 565.56
E 3 32 0.019907 0.004853 289.80 0.05
E 3 38 0.017877 0.004275 302.06 760.52
E 3 41 0.017940 0.004455 273.49 8.14
E 3 42 0.021107 0.004904 331.53 2.03
E 3 47 0.018987 0.004944 296.09 1.64
E 3 50 0.020223 0.004357 309.94 0.60
E 3 53 0.021110 0.004200 314.29 50.44
E 3 54 0.022354 0.004801 341.88 1.19
E 3 63 0.020675 0.003271 364.80 9.98
E 3 68 0.021239 0.004361 345.60 2.02
E 3 69 0.018943 0.004907 311.24 3.71
E 3 72 0.020476 0.004465 335.28 0.38
E 3 73 0.021652 0.004266 339.47 0.08
E 3 74 0.020828 0.004846 341.52 2.09
E 3 75 0.017286 0.004282 264.95 6.92
E 4 5 0.016687 0.001390 266.45 0.02
E 4 6 0.017265 0.001719 285.36 0.10
E 4 8 0.018096 0.002329 324.58 0.30
E 4 10 0.019244 0.001150 289.81 20.30
E 4 12 0.020839 0.002949 345.38 9.16
E 4 15 0.022526 0.006558 350.59 1.50
E 4 28 0.016508 0.001832 229.16 30.23
E 4 31 0.021303 0.005784 324.47 1.36
E 4 43 0.017860 0.000724 278.80 0.72
E 4 49 0.022304 0.005113 350.70 0.28
E 4 57 0.021020 0.004625 357.43 0.58
E 4 59 0.016040 0.002119 263.99 0.37
E 4 62 0.017807 0.003018 337.64 13.00
E 4 64 0.020900 0.003313 348.71 0.47
E 4 77 0.018690 0.001372 275.11 0.00
E 5 6 0.021575 0.003361 345.12 0.04
E 5 8 0.022076 0.004070 318.38 0.16
E 5 10 0.022634 0.003268 359.31 42.89
E 5 11 0.022721 0.004175 374.31 43.24
E 5 12 0.023029 0.004057 372.06 201.28
E 5 13 0.021352 0.002956 337.24 0.95
E 5 14 0.022605 0.003464 372.20 4.34
E 5 17 0.021062 0.002517 323.27 152.03
E 5 31 0.023775 0.005463 382.54 2.03
E 5 34 0.022516 0.003877 354.69 0.74
E 5 37 0.021511 0.003925 320.26 7.40
E 5 40 0.003522 0.000544 324.00 202.61
E 5 43 0.021024 0.002660 375.12 1.09
E 5 45 0.019497 0.002975 301.25 7.48
E 5 49 0.023406 0.006023 344.10 0.37
E 5 52 0.019851 0.000000 319.80 2.10
E 5 56 0.021560 0.004551 345.94 66.33
E 5 57 0.022963 0.004007 380.75 8.98
E 5 58 0.022848 0.002374 339.01 4.30
E 5 59 0.016857 0.005707 295.56 0.75
E 5 60 0.019850 0.000622 329.72 9.87
E 5 61 0.021684 0.004498 365.41 4.82
E 5 62 0.019150 0.003957 317.82 10.28
E 5 64 0.021100 0.003244 323.81 0.02
E 5 67 0.023719 0.005131 369.82 22.73
E 5 77 0.020847 0.002358 319.74 0.69
E 5 79 0.023130 0.005055 349.82 0.60
E 6 8 0.018127 0.003016 295.53 0.06
E 6 10 0.022393 0.002968 356.69 8.45
E 6 11 0.018933 0.003777 284.12 8.45
E 6 12 0.021153 0.003636 355.53 29.46
E 6 13 0.018181 0.002567 270.55 0.43
E 6 14 0.022056 0.003166 370.15 2.64
E 6 17 0.017658 0.002047 296.63 266.08
E 6 24 0.017367 0.002975 271.76 0.87
E 6 26 0.017397 0.002959 256.57 3.67
E 6 29 0.017367 0.002975 281.16 70.42
E 6 30 0.017398 0.002959 265.90 7.42
E 6 31 0.021639 0.005421 349.76 3.77
E 6 34 0.021377 0.004313 326.76 0.76
E 6 37 0.019391 0.002951 316.00 3.01
E 6 40 0.002033 0.000000 196.00 193.27
E 6 43 0.022074 0.003166 359.33 2.63
E 6 44 0.016960 0.002575 283.80 19.18
E 6 49 0.022226 0.005756 370.55 0.19
E 6 52 0.019608 0.002859 286.03 4.39
E 6 57 0.022150 0.003392 412.91 7.85
E 6 59 0.017501 0.002106 292.20 3.26
E 6 62 0.021004 0.003392 349.76 6.53
E 6 64 0.018833 0.002551 297.70 0.02
E 6 67 0.020349 0.003075 352.76 17.57
E 6 71 0.006866 0.001440 684.00 207.33
E 6 77 0.018872 0.002864 318.68 0.32
E 6 79 0.021377 0.003901 332.52 0.44
E 7 16 0.020854 0.004203 357.90 19.46
E 7 18 0.021123 0.003332 347.73 1.10
E 7 20 0.021520 0.004642 341.24 0.34
E 7 25 0.020600 0.002638 323.94 3.35
E 7 32 0.020709 0.003914 331.00 0.99
E 7 38 0.021120 0.003141 354.31 2.26
E 7 41 0.021337 0.002924 341.01 1.53
E 7 42 0.020707 0.003914 319.02 1.01
E 7 50 0.020732 0.003965 324.90 2.94
E 7 53 0.020755 0.004017 325.90 1.46
E 7 54 0.020800 0.004926 342.54 0.09
E 7 63 0.020861 0.004170 331.62 17.60
E 7 65 0.021671 0.005610 399.10 4.20
E 7 68 0.020639 0.004481 325.94 0.24
E 7 69 0.020710 0.003867 331.99 0.73
E 7 72 0.020707 0.003914 329.35 1.11
E 7 73 0.020960 0.004370 354.60 5.03
E 7 75 0.021265 0.003298 335.88 7.04
E 8 10 0.023420 0.003660 379.93 6.32
E 8 11 0.019895 0.004469 325.65 2.52
E 8 12 0.022718 0.004471 375.70 9.72
E 8 13 0.017635 0.001841 283.47 0.33
E 8 14 0.024600 0.003180 362.71 2.50
E 8 24 0.013214 0.000669 204.29 0.35
E 8 26 0.013265 0.000678 203.36 11.69
E 8 29 0.013214 0.000669 203.80 34.02
E 8 30 0.013265 0.000745 208.36 21.53
E 8 31 0.023561 0.005215 340.93 15.46
E 8 34 0.021377 0.004313 300.85 1.19
E 8 37 0.020657 0.003489 384.20 1.74
E 8 40 0.021548 0.000339 338.46 13.09
E 8 43 0.019625 0.000237 338.92 3.47
E 8 44 0.013215 0.001715 226.05 10.29
E 8 49 0.023288 0.006753 387.90 0.14
E 8 52 0.018130 0.001454 278.00 6.33
E 8 57 0.022395 0.003095 325.19 2.13
E 8 59 0.017975 0.001679 285.17 9.58
E 8 60 0.006403 0.000064 568.00 13.06
E 8 62 0.021004 0.003392 390.37 7.39
E 8 64 0.020360 0.001950 326.77 0.09
E 8 67 0.021344 0.001628 287.26 11.35
E 8 70 0.013153 0.001597 201.57 15.54
E 8 79 0.023217 0.004775 342.04 0.33
E 9 16 0.020116 0.003707 326.66 20.25
E 9 18 0.021235 0.002960 377.75 1.08
E 9 20 0.021219 0.004717 322.62 0.35
E 9 25 0.020135 0.002827 316.67 3.37
E 9 32 0.020354 0.003744 316.63 0.97
E 9 35 0.019965 0.004410 339.92 4.10
E 9 38 0.020086 0.003998 321.56 2.26
E 9 41 0.020280 0.002517 336.18 1.55
E 9 42 0.020149 0.003744 330.53 0.99
E 9 50 0.020150 0.003744 326.61 2.96
E 9 53 0.020168 0.003790 320.42 1.42
E 9 54 0.020142 0.004651 312.65 0.09
E 9 63 0.019823 0.003415 320.15 17.26
E 9 65 0.020154 0.004263 334.27 4.15
E 9 68 0.020251 0.004780 312.83 0.25
E 9 69 0.020449 0.004905 321.28 0.75
E 9 72 0.020149 0.003744 332.59 1.09
E 9 73 0.020015 0.003474 316.57 5.06
E 9 75 0.019309 0.003403 322.05 7.01
E 10 11 0.022398 0.003073 367.59 0.04
E 10 12 0.023118 0.005363 341.73 0.07
E 10 13 0.022453 0.002944 340.42 2.58
E 10 14 0.022777 0.003541 335.51 3.05
E 10 15 0.022639 0.004715 348.62 3.75
E 10 17 0.021322 0.002536 357.72 0.20
E 10 23 0.018962 0.005766 295.28 0.08
E 10 25 0.019510 0.000757 322.81 11.21
E 10 28 0.019967 0.001187 309.66 0.53
E 10 31 0.022303 0.005801 372.12 15.14
E 10 34 0.023858 0.003886 418.95 2.10
E 10 37 0.020880 0.003085 316.71 0.06
E 10 40 0.024057 0.003867 397.14 0.08
E 10 43 0.021170 0.002137 334.36 1.83
E 10 45 0.021272 0.003894 330.03 4.34
E 10 49 0.022296 0.005276 372.26 1.47
E 10 52 0.022563 0.002762 282.37 9.54
E 10 56 0.021233 0.004684 333.48 0.21
E 10 57 0.022141 0.003737 333.08 0.13
E 10 58 0.021052 0.002046 327.57 5.53
E 10 60 0.023622 0.002247 339.34 20.83
E 10 61 0.021233 0.003569 352.45 33.04
E 10 62 0.022594 0.002994 349.82 8.14
E 10 64 0.021522 0.003579 331.71 8.58
E 10 67 0.022033 0.003952 351.40 1.76
E 10 71 0.020487 0.003375 317.70 1.16
E 10 77 0.021219 0.002250 321.83 0.12
E 10 78 0.019073 0.001826 315.68 0.28
E 10 79 0.021584 0.003679 355.15 3.36
E 11 12 0.023793 0.005173 361.50 0.03
E 11 13 0.017206 0.002687 281.63 1.51
E 11 14 0.021987 0.003132 350.53 2.33
E 11 15 0.018110 0.003109 285.03 14.23
E 11 17 0.022643 0.005348 392.03 0.77
E 11 22 0.019083 0.002171 270.47 0.79
E 11 23 0.019530 0.003569 326.17 0.16
E 11 24 0.018707 0.006190 297.75 1.68
E 11 26 0.018231 0.005503 316.86 3.41
E 11 28 0.019701 0.003710 317.82 0.25
E 11 29 0.018707 0.006190 328.61 0.96
E 11 30 0.018231 0.005503 274.91 6.41
E 11 34 0.018638 0.004474 288.89 2.24
E 11 36 0.014874 0.003463 214.43 1.24
E 11 37 0.021304 0.004478 336.83 0.08
E 11 40 0.021094 0.002352 316.72 0.03
E 11 43 0.025109 0.002917 409.26 0.91
E 11 44 0.030706 0.000000 635.51 0.46
E 11 49 0.023579 0.006044 380.46 1.08
E 11 51 0.015808 0.003613 251.63 6.33
E 11 52 0.022565 0.002544 316.42 10.89
E 11 57 0.022860 0.003986 342.48 0.07
E 11 60 0.003713 0.000032 348.00 31.75
E 11 67 0.022632 0.003596 354.62 2.75
E 11 70 0.018707 0.006190 241.53 2.90
E 11 71 0.019363 0.004012 293.23 0.61
E 11 77 0.020191 0.001583 303.06 0.51
E 11 78 0.018873 0.003646 313.81 0.53
E 11 79 0.022852 0.004708 345.51 4.14
E 12 13 0.023319 0.004436 361.31 1.41
E 12 14 0.023667 0.005269 398.61 1.63
E 12 15 0.022138 0.004770 355.85 65.86
E 12 17 0.022211 0.003725 383.23 0.32
E 12 28 0.021903 0.003310 339.13 0.24
E 12 31 0.022273 0.005800 370.68 3.13
E 12 34 0.014868 0.002560 1452.00 2.40
E 12 37 0.021773 0.003609 320.06 0.22
E 12 40 0.024374 0.002827 429.72 5.32
E 12 43 0.022840 0.004809 357.44 1.18
E 12 45 0.022510 0.004347 354.53 4.91
E 12 49 0.022247 0.005183 382.10 1.14
E 12 52 0.003298 0.000128 296.00 12.71
E 12 56 0.022832 0.005030 329.36 44.55
E 12 57 0.022923 0.004874 357.26 0.06
E 12 58 0.022670 0.004462 345.96 3.42
E 12 60 0.029009 0.000792 748.19 17.10
E 12 61 0.022762 0.004877 354.13 8.07
E 12 64 0.022317 0.004200 358.36 15.87
E 12 67 0.023008 0.005088 350.86 2.39
E 12 71 0.020422 0.003439 299.12 0.47
E 12 77 0.022759 0.004877 354.63 0.51
E 12 79 0.022759 0.004877 341.38 5.00
E 13 14 0.021931 0.003121 353.37 0.11
E 13 15 0.017932 0.003146 284.97 48.25
E 13 17 0.019037 0.002035 294.00 2.96
E 13 22 0.016938 0.004768 273.72 0.46
E 13 23 0.018126 0.005078 320.92 1.10
E 13 24 0.016799 0.003392 319.82 1.25
E 13 26 0.015803 0.002261 316.42 1.82
E 13 28 0.019081 0.003234 323.56 0.27
E 13 29 0.018382 0.004297 565.80 0.16
E 13 30 0.015854 0.002423 231.06 0.43
E 13 31 0.023468 0.005917 350.05 16.06
E 13 34 0.018705 0.004638 296.73 0.64
E 13 36 0.015848 0.003783 254.65 0.21
E 13 37 0.020180 0.003683 303.74 1.72
E 13 40 0.017974 0.002832 272.00 0.52
E 13 43 0.022274 0.003344 315.34 0.38
E 13 44 0.005202 0.001216 476.00 0.11
E 13 49 0.023737 0.006128 421.30 0.38
E 13 51 0.016580 0.003342 248.23 1.58
E 13 52 0.017782 0.002744 268.48 5.23
E 13 57 0.023859 0.004348 340.76 0.26
E 13 60 0.019681 0.001048 381.19 45.48
E 13 67 0.023197 0.003822 389.12 69.35
E 13 70 0.018382 0.004297 304.34 0.22
E 13 71 0.018036 0.002700 300.87 0.16
E 13 77 0.021774 0.002301 332.67 3.38
E 13 78 0.018386 0.000821 261.28 3.69
E 13 79 0.023061 0.004797 329.81 0.18
E 14 15 0.021031 0.003961 332.04 41.13
E 14 16 0.018127 0.004424 285.08 35.38
E 14 17 0.022383 0.003200 372.97 3.68
E 14 20 0.020359 0.004149 308.55 1.87
E 14 23 0.020920 0.008565 411.46 3.85
E 14 28 0.022430 0.004085 325.91 0.32
E 14 31 0.024053 0.005282 366.64 3.76
E 14 34 0.023073 0.004410 340.00 1.46
E 14 37 0.021894 0.003646 335.50 3.80
E 14 40 0.023583 0.003222 363.46 0.74
E 14 43 0.022334 0.003426 337.91 2.93
E 14 45 0.022348 0.004084 343.66 1.47
E 14 49 0.022903 0.004902 380.79 1.19
E 14 50 0.017929 0.004587 278.75 5.32
E 14 52 0.001585 0.000000 140.00 2.68
E 14 54 0.019627 0.004370 314.97 1.31
E 14 56 0.022289 0.005734 355.01 0.22
E 14 57 0.022620 0.003427 338.05 0.92
E 14 58 0.022172 0.003053 363.07 0.89
E 14 60 0.019328 0.004571 301.52 57.83
E 14 61 0.022932 0.005782 367.03 0.09
E 14 62 0.022508 0.003599 368.40 15.80
E 14 63 0.018392 0.003930 313.29 463.94
E 14 64 0.022666 0.004150 350.96 0.53
E 14 65 0.017579 0.004257 276.94 5.03
E 14 67 0.022958 0.004549 385.05 20.19
E 14 71 0.021429 0.003443 325.72 0.07
E 14 73 0.017911 0.004070 275.93 5.48
E 14 74 0.020843 0.005064 306.44 1.21
E 14 77 0.022415 0.003342 352.97 10.07
E 14 78 0.018832 0.004309 296.68 14.19
E 14 79 0.022891 0.005503 357.78 0.53
E 15 19 0.018125 0.005057 306.34 3.59
E 15 22 0.017481 0.005540 294.91 0.60
E 15 23 0.019589 0.005022 320.83 1.03
E 15 28 0.019313 0.003639 316.95 100.93
E 15 34 0.018861 0.003227 293.49 13.79
E 15 37 0.019929 0.004070 323.81 0.95
E 15 39 0.017171 0.004884 282.55 11.97
E 15 40 0.017533 0.002573 274.90 9.40
E 15 46 0.017119 0.003420 269.67 32.11
E 15 49 0.020297 0.003791 338.12 12.50
E 15 51 0.017944 0.002727 305.48 5.47
E 15 52 0.017648 0.004234 291.99 35.52
E 15 56 0.022640 0.004900 387.21 306.18
E 15 58 0.022845 0.005168 331.87 197.13
E 15 60 0.021387 0.003410 382.10 0.04
E 15 61 0.022640 0.004900 363.00 11.89
E 15 66 0.007764 0.000544 680.00 132.99
E 15 67 0.021692 0.003813 354.99 3.47
E 15 71 0.019675 0.004024 325.94 27.44
E 15 77 0.021693 0.003554 390.05 0.30
E 15 78 0.020295 0.004630 305.37 0.25
E 15 79 0.021731 0.003716 369.02 132.10
E 16 18 0.020099 0.002699 312.43 0.48
E 16 19 0.019878 0.002883 348.00 5.97
E 16 20 0.021125 0.004278 345.58 9.25
E 16 23 0.017559 0.004736 1672.00 4.00
E 16 25 0.020125 0.003243 308.27 10.74
E 16 27 0.019003 0.001103 313.37 27.20
E 16 32 0.019820 0.002771 346.77 2.09
E 16 33 0.019002 0.004975 412.08 1.62
E 16 35 0.019291 0.005215 319.90 1.83
E 16 36 0.019296 0.002614 279.67 6.06
E 16 50 0.019371 0.002462 324.76 21.91
E 16 51 0.034437 0.002810 338.74 1.73
E 16 53 0.019325 0.002255 315.48 1.70
E 16 54 0.019739 0.004364 301.42 56.93
E 16 55 0.019908 0.002095 330.30 0.25
E 16 63 0.019760 0.003041 328.46 0.18
E 16 65 0.020780 0.004901 345.94 0.98
E 16 66 0.018041 0.000226 481.08 0.52
E 16 68 0.018994 0.002062 286.56 0.23
E 16 69 0.019328 0.004222 313.33 1.64
E 16 72 0.019212 0.002918 312.43 1.06
E 16 73 0.020030 0.003216 314.65 1.38
E 16 74 0.020020 0.003890 321.42 20.65
E 16 75 0.019430 0.002375 302.15 0.25
E 16 76 0.019597 0.003336 313.98 0.33
E 16 78 0.003810 0.000960 360.00 4.17
E 16 80 0.019596 0.007081 321.33 0.99
E 17 23 0.018050 0.006127 289.53 3.88
E 17 31 0.022028 0.005559 334.98 550.62
E 17 37 0.019290 0.003289 298.61 0.37
E 17 43 0.021210 0.003159 346.33 3.38
E 17 45 0.021507 0.004990 341.57 0.34
E 17 49 0.021086 0.003690 326.81 11.46
E 17 56 0.021232 0.004628 339.82 0.30
E 17 57 0.021652 0.003508 353.50 0.59
E 17 58 0.020936 0.002644 309.30 13.86
E 17 59 0.017331 0.001333 277.74 9.18
E 17 60 0.021614 0.002646 361.18 1.31
E 17 61 0.021379 0.004854 346.34 9.40
E 17 62 0.021178 0.002803 347.69 1.15
E 17 64 0.020732 0.003226 360.29 70.64
E 17 67 0.022282 0.004476 340.29 0.55
E 17 71 0.019193 0.003412 353.30 0.70
E 17 77 0.020190 0.002914 314.88 0.49
E 17 79 0.021238 0.003474 364.06 14.81
E 18 20 0.021596 0.003882 346.70 0.41
E 18 25 0.020753 0.003807 330.47 605.96
E 18 32 0.020758 0.003079 328.20 0.05
E 18 38 0.022607 0.005470 346.49 510.84
E 18 41 0.019737 0.002384 308.42 13.04
E 18 42 0.020171 0.002887 327.34 1.99
E 18 47 0.011519 0.000530 176.32 4.74
E 18 50 0.019492 0.002145 329.23 0.33
E 18 53 0.019703 0.002153 302.00 25.54
E 18 54 0.021776 0.004710 353.39 0.83
E 18 60 0.017079 0.004192 1612.00 2.24
E 18 63 0.020942 0.003554 376.15 6.26
E 18 68 0.019619 0.002401 339.56 1.11
E 18 69 0.018373 0.004098 286.22 2.18
E 18 72 0.021048 0.004078 332.99 0.39
E 18 73 0.021616 0.004222 367.91 0.07
E 18 74 0.021235 0.003442 322.52 1.07
E 19 21 0.014064 0.002141 213.44 0.31
E 19 23 0.020077 0.006091 347.43 0.54
E 19 27 0.016574 0.003368 268.13 2.63
E 19 28 0.017985 0.003901 348.34 1.48
E 19 33 0.016730 0.003541 264.01 0.21
E 19 34 0.018042 0.005060 305.67 0.36
E 19 36 0.017456 0.001884 273.16 0.36
E 19 46 0.015613 0.003353 256.92 8.07
E 19 48 0.016528 0.005147 294.26 0.36
E 19 51 0.016947 0.002478 282.45 0.41
E 19 52 0.016992 0.002568 262.76 2.50
E 19 55 0.015587 0.002829 242.22 0.64
E 19 63 0.020290 0.002375 344.81 45.55
E 19 65 0.021635 0.004749 332.73 0.42
E 19 66 0.015864 0.003025 246.78 223.97
E 19 71 0.006866 0.001440 684.00 6.54
E 19 76 0.014993 0.003162 249.66 1.72
E 19 78 0.017099 0.001281 271.16 0.30
E 19 80 0.014993 0.003162 231.17 7.23
E 20 25 0.021137 0.002953 315.80 0.52
E 20 32 0.021190 0.004366 331.92 0.54
E 20 35 0.020950 0.004872 339.16 0.33
E 20 38 0.021073 0.004950 362.74 1.49
E 20 41 0.021110 0.004197 339.22 0.81
E 20 42 0.021246 0.004511 312.33 0.59
E 20 50 0.021246 0.004511 335.89 0.37
E 20 53 0.001809 0.000000 168.00 0.44
E 20 54 0.021183 0.005540 343.92 2.16
E 20 55 0.020700 0.003138 485.80 2.15
E 20 63 0.021089 0.004475 334.50 128.73
E 20 65 0.021195 0.004677 354.50 0.59
E 20 69 0.021495 0.003992 358.93 0.34
E 20 72 0.021245 0.004511 333.63 0.49
E 20 73 0.021174 0.004618 355.89 1.25
E 20 74 0.021180 0.004653 346.23 0.70
E 20 75 0.021155 0.004129 322.58 2.56
E 21 27 0.013432 0.002270 214.50 2.21
E 21 35 0.017037 0.002892 288.75 0.03
E 21 36 0.017403 0.002392 305.10 0.61
E 21 38 0.017204 0.002525 283.16 0.43
E 21 48 0.013697 0.000705 223.90 1.17
E 21 55 0.017661 0.002929 280.07 0.53
E 21 65 0.002594 0.000000 208.00 0.02
E 21 75 0.018006 0.003345 281.98 0.24
E 21 76 0.015715 0.002641 240.37 0.17
E 21 80 0.015115 0.002065 233.19 112.80
E 22 23 0.018745 0.005941 284.09 0.28
E 22 26 0.002338 0.000000 176.00 3.06
E 22 28 0.017876 0.004014 271.33 32.35
E 22 34 0.018154 0.004395 291.06 3.78
E 22 37 0.019258 0.004053 303.45 0.18
E 22 39 0.016885 0.004973 274.91 0.88
E 22 40 0.017239 0.004340 268.22 1.24
E 22 46 0.015776 0.005936 269.63 1.96
E 22 51 0.016683 0.003920 274.10 4.10
E 22 52 0.016885 0.004415 248.63 5.71
E 22 71 0.017582 0.004335 306.57 62.49
E 22 78 0.017171 0.004433 281.34 0.14
E 23 28 0.019239 0.003324 317.52 0.68
E 23 31 0.018050 0.006127 268.67 779.15
E 23 34 0.018569 0.005158 312.75 1.87
E 23 36 0.018136 0.005314 286.52 3.22
E 23 37 0.019892 0.004967 343.29 0.03
E 23 40 0.018502 0.005252 292.09 0.33
E 23 49 0.018050 0.006127 292.39 0.91
E 23 51 0.018973 0.006069 326.61 2.76
E 23 52 0.019395 0.006149 307.73 6.32
E 23 57 0.022225 0.005096 347.53 0.73
E 23 60 0.019063 0.004402 303.25 7.50
E 23 71 0.018431 0.004599 312.45 3.11
E 23 78 0.018633 0.005154 282.89 0.05
E 24 26 0.012484 0.000195 188.07 1.74
E 24 29 0.012465 0.000330 199.31 8.58
E 24 30 0.012844 0.000830 183.07 122.60
E 24 39 0.015907 0.001865 241.45 1.05
E 24 44 0.012943 0.001231 199.82 3.60
E 24 70 0.012752 0.001084 195.10 2.23
E 25 32 0.020554 0.003701 321.55 174.53
E 25 41 0.017817 0.000000 385.93 0.22
E 25 42 0.020527 0.003793 323.52 1.01
E 25 45 0.018548 0.003053 310.35 22.10
E 25 50 0.021416 0.003679 348.65 3.26
E 25 53 0.020375 0.003722 350.95 0.11
E 25 54 0.021042 0.004642 349.19 0.32
E 25 56 0.019926 0.003469 331.81 1.55
E 25 57 0.021771 0.004236 362.33 0.00
E 25 58 0.016551 0.000689 253.43 3.85
E 25 60 0.020496 0.003427 386.16 4.50
E 25 61 0.018958 0.001696 352.93 56.23
E 25 63 0.020790 0.003731 330.90 10.78
E 25 67 0.021145 0.003550 331.99 6.52
E 25 68 0.020368 0.003704 316.62 1.03
E 25 69 0.001617 0.000000 144.00 0.67
E 25 72 0.021623 0.005232 346.71 6.89
E 25 73 0.021004 0.003745 371.33 6.40
E 25 74 0.021069 0.003885 366.78 3.40
E 25 77 0.018582 0.000565 309.85 0.15
E 25 79 0.018844 0.000909 326.23 3.02
E 26 29 0.012419 0.000352 188.77 0.89
E 26 30 0.012854 0.000841 193.64 6.45
E 26 39 0.015907 0.001865 285.15 0.04
E 26 44 0.012917 0.001141 202.55 0.42
E 26 70 0.012806 0.001284 186.94 2.83
E 27 33 0.017302 0.003762 296.72 9.17
E 27 35 0.017039 0.003808 291.67 1.61
E 27 36 0.017424 0.003196 253.99 2.31
E 27 46 0.015781 0.002555 270.31 0.30
E 27 48 0.011545 0.000905 168.14 0.37
E 27 55 0.017561 0.003025 306.59 4.42
E 27 65 0.021101 0.004910 329.26 7.18
E 27 66 0.015218 0.002644 234.48 6.04
E 27 76 0.016348 0.004102 279.76 3.10
E 27 80 0.017055 0.004235 260.74 1.04
E 28 34 0.019199 0.002728 309.89 0.94
E 28 36 0.021170 0.005050 300.44 0.25
E 28 37 0.020206 0.003695 351.32 0.52
E 28 39 0.018289 0.006378 299.25 0.12
E 28 40 0.018323 0.002629 283.82 0.03
E 28 45 0.017700 0.001547 274.03 5.66
E 28 46 0.016098 0.002571 239.26 0.25
E 28 49 0.001969 0.000000 188.00 1.05
E 28 51 0.018076 0.002883 302.55 2.01
E 28 52 0.018151 0.002996 282.10 2.25
E 28 56 0.019918 0.003663 320.07 0.03
E 28 58 0.018353 0.001611 303.99 2.53
E 28 61 0.019199 0.002035 276.68 1.12
E 28 66 0.016459 0.001654 268.13 2.69
E 28 67 0.021274 0.003731 332.72 2.05
E 28 71 0.019636 0.003848 331.96 0.01
E 28 77 0.018725 0.001234 292.82 12.79
E 28 78 0.019369 0.003957 299.45 4.30
E 28 79 0.019452 0.001906 308.88 2.31
E 29 30 0.012846 0.000839 186.19 0.42
E 29 39 0.015907 0.001865 260.42 0.37
E 29 44 0.012946 0.001202 211.65 0.06
E 29 70 0.012752 0.001070 189.32 0.07
E 30 39 0.015907 0.001865 270.69 1.73
E 30 44 0.012917 0.001141 188.32 192.76
E 30 70 0.012842 0.001284 201.10 0.86
E 31 37 0.021536 0.005121 339.23 0.00
E 31 43 0.024102 0.004758 374.34 2.97
E 31 49 0.022317 0.005757 366.60 106.46
E 31 56 0.023638 0.005576 359.03 1.29
E 31 57 0.022530 0.005341 339.99 4.19
E 31 58 0.025414 0.005597 365.61 70.69
E 31 59 0.021108 0.006048 352.05 0.54
E 31 61 0.023638 0.005576 383.61 1.72
E 31 62 0.023465 0.005382 350.07 2.08
E 31 64 0.022183 0.005841 337.23 2.13
E 31 67 0.022222 0.005554 361.40 0.48
E 31 71 0.020708 0.005213 358.58 0.14
E 31 77 0.022336 0.005540 350.34 1.23
E 31 79 0.022206 0.005655 335.72 30.34
E 32 38 0.019453 0.004658 293.87 312.18
E 32 41 0.020887 0.003232 344.05 6.92
E 32 42 0.020041 0.002843 321.78 0.55
E 32 50 0.020042 0.002843 301.72 1.17
E 32 53 0.020042 0.002843 335.39 457.49
E 32 54 0.020440 0.004718 323.83 0.63
E 32 60 0.019789 0.004189 321.75 82.80
E 32 68 0.020002 0.002854 309.41 3.68
E 32 69 0.020001 0.004322 303.26 19.15
E 32 72 0.020041 0.002925 321.79 0.09
E 32 73 0.020221 0.003216 313.55 0.16
E 32 74 0.020221 0.003899 310.75 0.96
E 33 34 0.001393 0.000000 116.00 0.66
E 33 35 0.017105 0.003044 280.64 2.15
E 33 36 0.017336 0.003033 291.79 0.54
E 33 46 0.016810 0.003807 261.17 9.91
E 33 55 0.016341 0.003485 260.55 1.20
E 33 65 0.018063 0.003371 278.83 0.48
E 33 66 0.016775 0.003713 259.07 102.47
E 33 76 0.015846 0.002889 275.71 435.97
E 33 80 0.015900 0.003001 253.51 87.09
E 34 36 0.017666 0.004617 277.95 3.41
E 34 37 0.019918 0.004338 313.04 1.61
E 34 39 0.018777 0.004532 276.49 6.51
E 34 40 0.018266 0.004349 289.60 1.23
E 34 43 0.024261 0.005224 499.13 0.83
E 34 46 0.017646 0.002714 320.38 61.24
E 34 49 0.024413 0.005797 376.64 0.60
E 34 51 0.017682 0.004487 290.07 5.83
E 34 52 0.018148 0.004137 292.01 1.38
E 34 57 0.024396 0.004952 407.29 2.25
E 34 60 0.024328 0.005156 445.66 7.78
E 34 71 0.018666 0.004749 306.81 0.79
E 34 78 0.017621 0.004293 333.75 1.88
E 34 79 0.024035 0.005993 403.51 3.69
E 35 36 0.018354 0.005472 295.97 0.59
E 35 38 0.017730 0.005754 269.93 0.56
E 35 48 0.017527 0.004356 271.58 3.26
E 35 55 0.017076 0.002996 275.86 0.80
E 35 63 0.019365 0.003685 341.68 3.78
E 35 65 0.018106 0.003415 275.08 0.03
E 35 73 0.019024 0.002763 314.95 2.64
E 35 74 0.019586 0.004070 325.91 4.06
E 35 75 0.017918 0.003269 277.90 0.28
E 35 76 0.017034 0.002892 277.75 0.20
E 35 80 0.017034 0.002892 293.61 731.45
E 36 37 0.019467 0.004229 291.93 0.01
E 36 40 0.014906 0.001344 232.47 0.19
E 36 46 0.016840 0.004071 264.48 2.03
E 36 48 0.017440 0.002273 288.61 1.87
E 36 52 0.015076 0.002041 243.91 2.61
E 36 55 0.017591 0.003156 296.53 0.62
E 36 63 0.020447 0.002617 323.58 11.12
E 36 65 0.021424 0.004545 374.62 0.48
E 36 66 0.017961 0.004127 258.43 16.02
E 36 71 0.017608 0.002624 293.34 1.12
E 36 73 0.019513 0.000000 469.49 13.93
E 36 75 0.019136 0.003273 313.91 1.70
E 36 76 0.017415 0.003324 271.40 2.40
E 36 78 0.016741 0.002713 276.24 0.00
E 36 80 0.017712 0.005342 305.73 2.70
E 37 40 0.020157 0.003836 358.85 0.27
E 37 43 0.021615 0.003925 333.69 13.36
E 37 49 0.021738 0.004386 338.75 0.83
E 37 51 0.019933 0.004085 301.69 2.66
E 37 52 0.019944 0.003769 309.47 5.65
E 37 57 0.022715 0.004615 356.11 0.51
E 37 60 0.020188 0.002132 368.13 14.98
E 37 67 0.021961 0.004526 324.84 3.04
E 37 71 0.020174 0.003742 317.69 1.25
E 37 77 0.022565 0.002827 327.64 0.11
E 37 78 0.019893 0.003840 290.44 0.09
E 37 79 0.023465 0.005579 389.41 2.84
E 38 41 0.017310 0.003831 285.12 0.14
E 38 47 0.020191 0.002714 315.80 254.66
E 38 50 0.019851 0.002087 314.68 2.16
E 38 63 0.019127 0.004533 300.73 12.07
E 38 69 0.018720 0.002148 304.57 0.46
E 38 72 0.002161 0.000000 212.00 10.73
E 38 73 0.019806 0.004399 309.37 5.99
E 38 74 0.020074 0.004465 316.41 2.23
E 38 75 0.017999 0.003992 288.37 0.45
E 39 40 0.016225 0.002661 273.73 12.24
E 39 44 0.015908 0.001865 230.51 0.30
E 39 46 0.015109 0.003595 216.52 0.94
E 39 51 0.017619 0.005088 274.61 21.09
E 39 52 0.016838 0.004897 276.20 0.08
E 39 55 0.014946 0.003944 216.42 16.49
E 39 66 0.014612 0.003192 251.43 0.33
E 39 70 0.014170 0.000339 173.19 0.10
E 40 49 0.023583 0.000000 660.45 1.12
E 40 51 0.016035 0.002111 259.14 1.95
E 40 52 0.015304 0.001544 276.27 9.62
E 40 57 0.023668 0.003774 286.00 0.05
E 40 60 0.019317 0.003222 307.76 3.23
E 40 71 0.018290 0.003019 295.82 0.12
E 40 78 0.017324 0.003460 280.25 1.26
E 41 42 0.020867 0.002919 326.11 0.31
E 41 47 0.017346 0.001274 304.18 12.71
E 41 50 0.019886 0.001328 307.21 30.75
E 41 53 0.018086 0.002832 327.58 1.10
E 41 54 0.021964 0.004988 338.44 0.18
E 41 68 0.017992 0.001375 285.72 2.46
E 41 69 0.019169 0.003989 300.26 3.59
E 41 72 0.021089 0.004145 324.93 1.69
E 41 73 0.021488 0.004230 362.57 299.34
E 41 74 0.020807 0.003484 329.62 1.54
E 41 75 0.017765 0.003757 290.62 5.20
E 42 47 0.003153 0.000000 336.00 4.49
E 42 50 0.019349 0.002071 308.92 871.96
E 42 53 0.018979 0.002042 291.49 10.21
E 42 54 0.020318 0.004718 303.55 0.28
E 42 63 0.019682 0.003235 321.08 0.65
E 42 68 0.018986 0.002064 302.79 16.02
E 42 69 0.019006 0.004159 292.34 15.96
E 42 72 0.019529 0.002960 310.64 0.15
E 42 73 0.020030 0.003216 324.37 59.67
E 42 74 0.020103 0.003972 326.76 0.98
E 43 45 0.020181 0.004921 311.49 5.22
E 43 49 0.023287 0.005752 406.14 0.73
E 43 52 0.004258 0.000576 416.00 9.38
E 43 56 0.020695 0.004268 342.08 0.69
E 43 57 0.021821 0.003578 351.41 1.48
E 43 58 0.019036 0.002360 297.83 0.17
E 43 60 0.022336 0.004033 307.14 381.16
E 43 61 0.020690 0.004212 314.53 0.03
E 43 62 0.018782 0.002201 280.60 71.59
E 43 64 0.021283 0.002676 327.08 1.66
E 43 67 0.022034 0.003827 357.01 16.73
E 43 77 0.019536 0.002598 315.93 12.41
E 43 79 0.021419 0.003892 341.52 0.23
E 44 70 0.012930 0.001218 204.07 0.09
E 45 56 0.020696 0.004361 322.18 2.49
E 45 57 0.021797 0.004140 338.01 18.00
E 45 58 0.020400 0.004831 317.28 150.46
E 45 60 0.019511 0.002629 348.87 0.07
E 45 61 0.020295 0.004108 323.94 0.00
E 45 62 0.019949 0.003775 326.30 0.00
E 45 67 0.021909 0.004849 339.30 0.35
E 45 77 0.020437 0.004793 330.98 1.34
E 45 79 0.021209 0.003977 308.46 63.17
E 46 51 0.016435 0.003392 241.60 12.31
E 46 52 0.017018 0.004779 324.45 0.76
E 46 55 0.014946 0.000834 242.27 174.02
E 46 66 0.014835 0.003346 240.30 16.88
E 46 71 0.004194 0.000576 408.00 0.78
E 46 80 0.013545 0.000247 200.58 0.01
E 47 50 0.019920 0.001272 325.39 0.47
E 47 68 0.001489 0.000000 128.00 1.79
E 47 69 0.019080 0.003844 317.39 4.75
E 47 72 0.018608 0.000339 327.68 0.84
E 48 55 0.017023 0.001470 289.63 2.46
E 48 75 0.019021 0.003161 317.52 3.92
E 48 76 0.016806 0.003567 272.01 3.01
E 48 80 0.017603 0.004928 266.79 1.64
E 49 52 0.023962 0.005300 394.79 6.08
E 49 56 0.021618 0.004231 310.20 0.45
E 49 57 0.022184 0.005135 340.15 0.51
E 49 59 0.022250 0.005039 331.87 0.68
E 49 61 0.021618 0.004231 353.73 0.65
E 49 62 0.024769 0.005399 488.02 18.20
E 49 64 0.022372 0.005039 347.60 0.13
E 49 67 0.021628 0.004553 343.26 6.92
E 49 71 0.020445 0.002495 322.64 0.60
E 49 77 0.021917 0.004077 365.24 1.65
E 49 79 0.022099 0.004641 336.98 0.26
E 50 53 0.019371 0.002097 309.59 0.62
E 50 54 0.020179 0.004530 315.56 1.11
E 50 60 0.020203 0.002779 328.83 9.36
E 50 63 0.019675 0.003222 322.79 3.44
E 50 68 0.019403 0.002124 303.49 0.35
E 50 69 0.019421 0.004390 326.80 0.38
E 50 72 0.019569 0.002931 312.34 26.71
E 50 73 0.020031 0.003216 320.79 0.58
E 50 74 0.020125 0.004025 321.89 2.95
E 51 52 0.015854 0.002241 280.29 2.06
E 51 60 0.018212 0.002714 251.94 7.39
E 51 63 0.019988 0.003477 333.71 5.10
E 51 65 0.020870 0.002827 296.33 1.44
E 51 66 0.017719 0.002326 292.26 3.10
E 51 71 0.018364 0.003123 284.45 1.26
E 51 78 0.016297 0.002584 258.70 2.12
E 52 57 0.023922 0.003732 368.59 10.26
E 52 60 0.003713 0.000032 348.00 1.06
E 52 71 0.018468 0.003235 282.61 2.17
E 52 78 0.017247 0.003976 263.38 3.08
E 52 79 0.005090 0.001344 520.00 14.46
E 53 54 0.020295 0.004719 321.85 0.23
E 53 68 0.016039 0.001491 258.50 0.14
E 53 69 0.017833 0.004429 283.91 0.12
E 53 72 0.019608 0.003000 298.04 106.70
E 53 73 0.005458 0.000032 508.00 1.34
E 53 74 0.023074 0.006190 376.12 1.40
E 54 63 0.019698 0.004230 326.20 0.00
E 54 68 0.020297 0.004719 320.07 0.08
E 54 69 0.021590 0.004690 352.21 0.20
E 54 72 0.020319 0.004718 311.52 0.30
E 54 73 0.020235 0.004640 311.16 3.64
E 54 74 0.020313 0.004579 317.61 0.09
E 55 63 0.020208 0.002636 306.56 0.31
E 55 65 0.018060 0.003285 282.83 0.43
E 55 66 0.015594 0.003731 251.53 0.55
E 55 73 0.019611 0.002744 321.23 8.49
E 55 74 0.024770 0.005258 458.06 3.22
E 55 75 0.018038 0.003459 291.62 0.10
E 55 76 0.015612 0.002486 247.32 0.14
E 55 80 0.015638 0.002046 262.80 0.50
E 56 57 0.021796 0.004798 343.95 0.11
E 56 58 0.021145 0.005102 322.48 5.72
E 56 60 0.003778 0.000032 356.00 28.93
E 56 61 0.020536 0.004066 327.02 0.95
E 56 62 0.020865 0.004256 355.52 3.78
E 56 64 0.021093 0.004203 330.37 204.30
E 56 67 0.021983 0.005000 357.34 1.40
E 56 77 0.020930 0.004789 339.91 3.96
E 56 79 0.021365 0.004583 370.85 7.16
E 57 58 0.021775 0.003455 334.67 0.78
E 57 60 0.024394 0.004952 472.02 0.03
E 57 61 0.021796 0.004353 352.85 9.63
E 57 62 0.023027 0.003176 393.64 102.61
E 57 64 0.025958 0.001865 646.50 8.56
E 57 67 0.022125 0.004005 374.46 5.78
E 57 71 0.022847 0.004815 386.09 0.37
E 57 77 0.022005 0.003480 337.41 2.54
E 57 78 0.020798 0.003862 354.54 2.00
E 57 79 0.022110 0.003906 348.67 1.44
E 58 60 0.019512 0.002412 316.01 2.22
E 58 61 0.020861 0.004306 333.74 4.19
E 58 67 0.022038 0.003974 358.75 88.78
E 58 77 0.019450 0.001087 306.65 6.33
E 58 79 0.020910 0.003262 367.23 0.08
E 59 62 0.020755 0.002827 302.83 23.18
E 59 64 0.020856 0.003345 335.73 3.58
E 60 61 0.020021 0.000170 361.07 278.26
E 60 65 0.017767 0.003297 267.91 0.87
E 60 67 0.022309 0.002035 398.34 1.24
E 60 71 0.019624 0.002375 326.17 1.12
E 60 73 0.019062 0.003026 293.00 47.36
E 60 77 0.020340 0.001771 332.52 2.64
E 60 78 0.018267 0.003103 297.96 4.29
E 60 79 0.021927 0.004155 326.51 17.06
E 61 62 0.020513 0.003582 343.77 12.29
E 61 64 0.021093 0.003812 340.76 3.55
E 61 67 0.021983 0.004077 356.48 4.95
E 61 77 0.020608 0.003850 331.40 85.17
E 61 79 0.021365 0.003555 351.47 3.10
E 62 64 0.020835 0.003331 348.62 11.25
E 62 67 0.022053 0.004116 338.06 0.56
E 62 77 0.019497 0.002935 314.03 1.88
E 62 79 0.021246 0.003005 332.74 193.58
E 63 65 0.019730 0.004043 315.98 2.62
E 63 72 0.019682 0.003235 305.18 380.41
E 63 73 0.020025 0.003515 326.40 10.88
E 63 74 0.020101 0.003727 314.97 17.02
E 63 75 0.019534 0.003292 312.48 0.26
E 63 76 0.020147 0.003336 316.34 0.66
E 63 80 0.020147 0.006332 339.83 1.84
E 64 67 0.022257 0.004102 333.33 15.40
E 64 77 0.020550 0.003536 337.79 0.81
E 64 79 0.021178 0.003406 344.54 0.76
E 65 66 0.021327 0.004783 352.92 2.98
E 65 73 0.020064 0.003869 332.31 0.46
E 65 74 0.020223 0.004404 315.50 4.12
E 65 75 0.018116 0.003500 285.68 0.31
E 65 76 0.018067 0.003378 284.02 0.17
E 65 80 0.018135 0.003334 280.17 39.61
E 66 76 0.015139 0.003829 246.05 0.43
E 66 80 0.014683 0.003829 227.96 1.09
E 67 77 0.021981 0.004055 336.92 6.78
E 67 79 0.021907 0.003882 340.32 154.50
E 68 69 0.018000 0.004524 286.24 0.12
E 68 72 0.019610 0.003000 314.44 42.03
E 69 72 0.019572 0.004322 316.13 82.85
E 69 73 0.022678 0.005540 464.42 3.65
E 69 74 0.023447 0.006038 382.66 0.74
E 71 78 0.018328 0.003581 306.36 41.37
E 72 73 0.020030 0.003216 321.93 4.79
E 72 74 0.020066 0.003899 352.83 1.09
E 73 74 0.020013 0.003689 311.69 4.93
E 73 75 0.019928 0.003136 326.69 1.04
E 74 75 0.020100 0.004291 316.04 6.92
E 75 76 0.018004 0.003345 275.71 0.01
E 75 80 0.017914 0.003233 272.29 0.04
E 76 80 0.015574 0.002486 239.30 0.03
E 77 79 0.021372 0.003443 334.80 2.64
END

SECTION Terminals
Root 24
Terminals 18
T 69
T 52
T 73
T 28
T 80
T 79
T 37
T 10
T 6
T 7
T 77
T 4
T 36
T 30
T 67
T 26
T 74
T 71
END

EOF