SECTION Comment
CREATOR "Carlos Araujo"
REMARK "Instance for QoS Multicast Routing Problem"
QoS METRICS "delay, jitter, bandwidth and estimate of link duration"
END

SECTION Graph
Nodes 50
Edges 298

E 1 2 0.023683 0.005290 363.35 0.11
E 1 5 0.023474 0.004731 386.89 81.24
E 1 6 0.020867 0.004304 357.31 10.37
E 1 10 0.022865 0.005111 351.22 1.90
E 1 11 0.022817 0.003752 312.48 185.92
E 1 12 0.022864 0.005111 386.55 1.73
E 1 13 0.023208 0.003629 425.41 0.30
E 1 14 0.024224 0.005960 344.78 519.59
E 1 15 0.021243 0.004107 331.80 0.72
E 1 17 0.023021 0.005389 354.59 0.35
E 1 23 0.013317 0.002368 1316.00 149.00
E 1 25 0.021460 0.004671 353.28 61.47
E 1 28 0.021128 0.003282 325.25 75.04
E 1 31 0.022893 0.006136 367.38 1.25
E 1 37 0.021250 0.003424 342.91 51.53
E 1 40 0.009507 0.002336 956.00 2.93
E 1 43 0.022967 0.005509 345.25 4.33
E 1 45 0.023003 0.004940 353.05 6.31
E 1 49 0.022647 0.004821 359.89 1.89
E 2 5 0.021783 0.004240 366.62 1.91
E 2 10 0.021954 0.004834 346.65 8.56
E 2 11 0.024869 0.006581 371.41 5.95
E 2 12 0.024404 0.006297 399.39 11.77
E 2 14 0.022624 0.005976 352.16 32.84
E 2 15 0.023092 0.006407 362.35 95.21
E 2 17 0.021914 0.005033 331.25 0.23
E 2 25 0.021096 0.001922 340.14 215.76
E 2 28 0.024740 0.006501 425.19 8.29
E 2 31 0.022813 0.006533 364.28 16.75
E 2 37 0.023846 0.006973 394.34 17.84
E 2 43 0.021614 0.004563 345.36 18.23
E 2 45 0.021696 0.005815 366.57 3.13
E 3 7 0.019783 0.002329 360.37 0.31
E 3 9 0.019427 0.002290 354.73 5.36
E 3 16 0.022965 0.003176 408.99 2.98
E 3 18 0.018376 0.004898 314.72 1.22
E 3 20 0.021930 0.005706 367.86 5.26
E 3 32 0.019477 0.004644 310.03 5.00
E 3 35 0.015367 0.003361 291.80 7.39
E 3 38 0.017832 0.005035 294.56 5.19
E 3 41 0.017063 0.004052 281.49 0.46
E 3 42 0.020096 0.005150 315.86 5.00
E 3 47 0.018287 0.004690 299.58 4.17
E 3 50 0.020739 0.004220 334.25 1.07
E 4 5 0.016687 0.001390 280.10 228.74
E 4 6 0.016443 0.001349 300.18 6.23
E 4 8 0.015894 0.002714 278.74 675.19
E 4 10 0.019241 0.001150 317.68 8.21
E 4 12 0.020802 0.002839 382.93 4.49
E 4 15 0.022378 0.006414 357.71 678.34
E 4 17 0.018669 0.002145 304.83 5.43
E 4 25 0.017505 0.000792 282.83 0.08
E 4 28 0.016324 0.001832 387.45 0.00
E 4 31 0.020916 0.006239 328.46 1.21
E 4 43 0.017860 0.000724 283.59 7.71
E 4 45 0.018977 0.002883 305.59 7.02
E 4 49 0.021615 0.004123 308.84 0.71
E 5 6 0.020868 0.002714 299.83 0.37
E 5 10 0.021144 0.002155 328.32 5.95
E 5 11 0.021971 0.003901 443.71 42.16
E 5 12 0.023436 0.004506 356.25 6.56
E 5 13 0.020528 0.002035 296.63 1.73
E 5 14 0.021594 0.003138 332.01 9.90
E 5 17 0.019971 0.001141 310.37 2.65
E 5 31 0.024061 0.004481 325.35 3.92
E 5 37 0.020801 0.000950 369.15 9.63
E 5 43 0.019984 0.001051 377.54 4.01
E 5 45 0.020033 0.003523 322.17 15.43
E 5 49 0.024836 0.004308 335.37 13.19
E 6 8 0.017266 0.002474 294.67 1.48
E 6 10 0.025955 0.001233 740.69 10.80
E 6 11 0.018493 0.004247 287.71 17.30
E 6 12 0.019876 0.002108 303.14 8.48
E 6 13 0.017284 0.002459 277.08 2.80
E 6 14 0.025957 0.002097 542.26 18.25
E 6 17 0.017629 0.001979 297.81 14.52
E 6 24 0.017367 0.002975 272.21 19.14
E 6 26 0.017397 0.002959 285.95 19.05
E 6 29 0.017367 0.002975 274.55 19.28
E 6 30 0.017398 0.002959 271.84 19.06
E 6 31 0.020911 0.005372 304.84 3.43
E 6 37 0.017380 0.002422 263.90 13.87
E 6 43 0.002449 0.000000 248.00 3.01
E 6 44 0.016960 0.002575 260.64 13.18
E 6 49 0.021058 0.004613 331.99 3.37
E 7 9 0.020632 0.004303 346.60 4.96
E 7 14 0.019510 0.004502 323.65 0.12
E 7 16 0.020822 0.004824 343.79 1.10
E 7 18 0.021464 0.004410 338.87 1.46
E 7 20 0.022133 0.005262 346.98 4.90
E 7 25 0.020743 0.003947 317.98 94.16
E 7 28 0.020134 0.003392 310.35 8.77
E 7 32 0.020824 0.004824 328.40 4.78
E 7 38 0.003554 0.000000 328.00 6.09
E 7 42 0.020823 0.004824 294.46 4.74
E 7 50 0.020857 0.004907 346.67 3.66
E 8 11 0.018744 0.004195 344.73 695.01
E 8 13 0.015884 0.002197 260.21 0.45
E 8 24 0.013165 0.000643 206.13 175.78
E 8 26 0.013164 0.000643 201.49 186.21
E 8 29 0.013165 0.000643 205.36 145.37
E 8 30 0.013164 0.000714 210.13 185.56
E 8 37 0.001681 0.000000 152.00 105.68
E 8 44 0.013166 0.001623 201.32 3.33
E 8 49 0.006659 0.001152 600.00 27.35
E 9 16 0.019893 0.003564 328.42 41.61
E 9 18 0.023666 0.005470 414.28 136.01
E 9 25 0.022055 0.005003 430.57 6.32
E 9 38 0.019767 0.004259 326.75 0.00
E 9 50 0.019949 0.003667 298.49 3.83
E 10 11 0.021146 0.002075 323.53 1.08
E 10 12 0.023104 0.005806 367.15 0.02
E 10 13 0.020619 0.002035 324.03 1.08
E 10 14 0.021812 0.003282 370.38 0.84
E 10 15 0.022581 0.004781 377.30 1.32
E 10 17 0.020014 0.002161 304.88 0.67
E 10 23 0.018972 0.005766 335.18 8.70
E 10 25 0.019501 0.000738 325.78 0.90
E 10 28 0.019994 0.001331 318.05 33.74
E 10 31 0.022170 0.005985 336.83 0.58
E 10 37 0.019900 0.002414 319.72 0.38
E 10 43 0.020109 0.001508 334.41 0.22
E 10 45 0.020284 0.004419 326.57 0.94
E 10 49 0.021768 0.004579 322.18 5.36
E 11 12 0.026092 0.005495 421.49 1.17
E 11 13 0.016294 0.003182 247.91 10.17
E 11 15 0.017831 0.002178 282.94 444.84
E 11 17 0.022643 0.005348 351.36 0.06
E 11 22 0.019083 0.002171 294.40 205.70
E 11 28 0.021771 0.003619 519.30 0.00
E 11 29 0.018646 0.005503 318.76 0.37
E 11 31 0.023318 0.007108 392.86 0.73
E 11 34 0.017380 0.005540 276.86 383.46
E 11 36 0.015005 0.003324 205.68 326.36
E 11 37 0.020603 0.004410 353.80 0.16
E 11 40 0.025279 0.002171 429.00 1.80
E 11 43 0.002929 0.000000 308.00 4.71
E 11 44 0.024431 0.006275 451.55 166.59
E 11 49 0.022957 0.004551 366.87 1.54
E 12 13 0.026466 0.002035 345.77 0.86
E 12 14 0.023940 0.006784 354.81 0.94
E 12 15 0.022068 0.004625 368.31 0.62
E 12 17 0.021762 0.003453 347.46 0.41
E 12 25 0.022270 0.004712 357.46 0.36
E 12 28 0.021807 0.003157 342.78 27.40
E 12 31 0.021809 0.005884 353.13 0.88
E 12 37 0.021208 0.002774 323.56 0.48
E 12 43 0.022815 0.004828 372.43 0.10
E 12 45 0.022386 0.004834 380.62 0.37
E 12 49 0.021812 0.004440 350.78 1.71
E 13 14 0.021672 0.003285 337.39 11.91
E 13 15 0.017777 0.002186 269.54 10.29
E 13 17 0.019037 0.002035 256.30 0.61
E 13 22 0.016897 0.004517 248.53 0.44
E 13 23 0.017762 0.005409 289.45 12.09
E 13 24 0.016799 0.003392 333.57 34.12
E 13 26 0.015803 0.002261 238.66 36.73
E 13 28 0.018152 0.001493 281.56 5.14
E 13 29 0.018382 0.004297 259.36 5.21
E 13 30 0.015854 0.002423 293.04 36.70
E 13 31 0.023807 0.005682 370.65 0.46
E 13 34 0.017813 0.005512 305.25 0.18
E 13 36 0.015806 0.003671 273.82 0.40
E 13 37 0.018821 0.003129 311.34 2.40
E 13 40 0.016080 0.004560 265.04 5.53
E 13 43 0.002289 0.000000 228.00 1.74
E 13 44 0.005202 0.001216 476.00 0.44
E 13 49 0.023748 0.004876 437.53 96.54
E 14 15 0.021031 0.003961 301.94 602.08
E 14 16 0.018127 0.004424 306.73 91.47
E 14 17 0.021529 0.002902 366.18 1.48
E 14 25 0.022139 0.003534 341.52 0.68
E 14 28 0.022407 0.003915 343.24 0.00
E 14 31 0.024147 0.004749 335.41 0.83
E 14 37 0.021704 0.003864 337.49 0.19
E 14 43 0.021703 0.003119 365.38 5.08
E 14 45 0.021919 0.005088 334.08 5.79
E 14 49 0.021583 0.002925 361.32 1.64
E 15 19 0.001361 0.000000 112.00 1.96
E 15 22 0.017711 0.005387 302.44 60.26
E 15 23 0.019935 0.005980 294.36 129.17
E 15 28 0.020810 0.003877 330.27 48.63
E 15 34 0.017711 0.003300 287.35 6.25
E 15 36 0.017774 0.002075 292.32 3.41
E 15 37 0.019647 0.003884 344.90 12.84
E 15 39 0.017138 0.001243 246.63 0.18
E 15 40 0.017202 0.001238 295.15 0.21
E 15 43 0.022551 0.004373 360.68 0.01
E 15 49 0.020221 0.003791 361.80 1.20
E 16 18 0.020883 0.004070 337.42 0.22
E 16 20 0.021779 0.005186 314.23 39.91
E 16 25 0.020866 0.003947 388.95 8.14
E 16 32 0.019752 0.002783 328.30 26.13
E 16 42 0.019226 0.002136 309.69 27.25
E 16 50 0.019399 0.002465 317.35 0.29
E 17 31 0.021622 0.005817 337.21 2.15
E 17 37 0.019186 0.003152 297.94 7.19
E 17 43 0.020938 0.003844 346.43 0.55
E 17 45 0.021501 0.004192 343.61 0.38
E 17 49 0.021049 0.003602 345.31 2.84
E 18 20 0.023666 0.005470 407.52 41.77
E 18 25 0.024034 0.003392 418.83 17.61
E 18 32 0.020802 0.003169 323.32 95.78
E 18 38 0.022607 0.005470 344.52 10.07
E 18 41 0.019756 0.003015 311.42 4.99
E 18 42 0.020219 0.003392 306.57 94.08
E 18 47 0.011823 0.000861 180.09 0.22
E 18 50 0.019848 0.003639 304.46 0.11
E 19 21 0.014025 0.002015 219.25 201.10
E 19 22 0.010853 0.002880 1008.00 0.20
E 19 27 0.016289 0.004675 272.05 30.92
E 19 33 0.016723 0.003846 266.88 8.70
E 19 34 0.018532 0.006181 324.81 0.05
E 19 36 0.016559 0.001764 276.96 1.28
E 19 39 0.015479 0.003438 252.42 34.85
E 19 46 0.015446 0.003248 248.60 37.29
E 19 48 0.016337 0.004814 239.89 0.00
E 20 25 0.024532 0.005003 401.53 9.10
E 20 38 0.021683 0.005540 341.88 0.00
E 20 41 0.021758 0.005141 346.66 22.36
E 20 50 0.021779 0.005186 360.54 3.84
E 21 27 0.013432 0.002270 200.30 28.11
E 21 38 0.018344 0.004146 284.60 0.00
E 21 48 0.014181 0.001890 205.00 6.01
E 22 23 0.018719 0.005908 304.53 22.24
E 22 28 0.018154 0.000057 276.18 4.65
E 22 33 0.001361 0.000000 112.00 25.20
E 22 34 0.017650 0.004716 272.87 0.17
E 22 36 0.016849 0.004247 276.29 0.48
E 22 37 0.019219 0.003850 328.92 70.92
E 22 39 0.017485 0.004595 288.16 0.49
E 22 40 0.017095 0.004078 273.81 0.91
E 23 31 0.018050 0.006127 295.51 1.76
E 23 34 0.018720 0.005908 342.12 87.45
E 23 36 0.018207 0.005779 305.16 252.97
E 23 37 0.019301 0.005351 338.83 0.17
E 23 40 0.018769 0.005918 328.27 0.79
E 23 49 0.018050 0.006127 387.08 1.84
E 24 29 0.012538 0.000375 191.70 0.24
E 24 44 0.012830 0.001157 195.47 82.26
E 25 28 0.018195 0.001755 304.02 21.47
E 25 32 0.021440 0.003340 357.92 2.68
E 25 42 0.021771 0.003561 310.59 2.94
E 25 45 0.018821 0.003474 311.74 3.15
E 25 50 0.021772 0.003561 400.94 6.09
E 26 29 0.012495 0.000404 190.56 0.24
E 26 44 0.012984 0.001395 188.85 84.14
E 27 33 0.017894 0.004569 313.55 4.49
E 27 35 0.016143 0.001628 301.56 33.09
E 27 46 0.014170 0.002097 230.69 0.47
E 27 48 0.011212 0.000774 165.46 0.65
E 28 31 0.024429 0.004862 509.04 0.79
E 28 34 0.018152 0.000001 267.98 282.30
E 28 36 0.018154 0.001187 235.59 1.02
E 28 37 0.022337 0.003618 407.55 0.85
E 28 39 0.003426 0.000000 312.00 3.87
E 28 40 0.020191 0.005088 433.11 60.21
E 28 43 0.018400 0.001837 303.43 1.57
E 28 45 0.018057 0.002205 272.40 76.80
E 28 49 0.001969 0.000000 188.00 277.72
E 29 30 0.012760 0.000640 186.57 0.24
E 29 44 0.012838 0.001117 191.66 67.53
E 30 44 0.012984 0.001395 196.10 83.95
E 31 37 0.021157 0.004498 324.37 0.50
E 31 43 0.024464 0.003995 360.29 23.79
E 31 45 0.024199 0.004928 424.87 172.32
E 31 49 0.021593 0.005837 346.82 50.57
E 32 38 0.019295 0.004658 310.31 0.00
E 32 41 0.001585 0.000000 140.00 21.99
E 32 50 0.019694 0.002683 312.78 7.86
E 33 34 0.001393 0.000000 116.00 3.34
E 33 35 0.016879 0.002758 268.08 4.50
E 33 36 0.017069 0.001289 310.35 8.79
E 33 39 0.016473 0.003922 254.97 11.05
E 33 46 0.016722 0.003846 276.41 12.78
E 34 36 0.017564 0.004716 290.90 0.98
E 34 37 0.019365 0.004862 283.90 18.65
E 34 39 0.018432 0.005612 297.09 160.53
E 34 40 0.017430 0.004426 276.25 2.11
E 35 38 0.017730 0.005754 262.80 0.00
E 35 41 0.017189 0.002705 262.92 27.86
E 36 37 0.019467 0.004229 330.55 21.91
E 36 39 0.016146 0.002841 282.32 0.51
E 36 40 0.014862 0.001293 250.55 0.82
E 36 46 0.016555 0.001647 245.43 2.70
E 37 40 0.019407 0.003599 281.85 17.87
E 37 43 0.018495 0.000339 361.10 2.12
E 37 49 0.019743 0.002414 293.64 3.45
E 38 41 0.017830 0.005035 302.27 5.76
E 38 50 0.023583 0.002148 436.21 3.87
E 39 40 0.016225 0.002661 274.90 0.18
E 39 46 0.014772 0.003438 236.75 0.48
E 41 42 0.018664 0.000056 291.31 21.36
E 41 47 0.016754 0.003816 259.05 0.10
E 41 50 0.021157 0.004264 294.41 0.62
E 42 50 0.019405 0.002419 312.26 7.77
E 43 45 0.019734 0.004494 312.59 0.06
E 47 50 0.022022 0.002646 359.40 0.09
END

SECTION Terminals
Root 32
Terminals 11
T 20
T 40
T 28
T 18
T 3
T 39
T 31
T 45
T 14
T 15
T 30
END

EOF