SECTION Comment
CREATOR "Carlos Araujo"
REMARK "Instance for QoS Multicast Routing Problem"
QoS METRICS "delay, jitter, bandwidth and estimate of link duration"
END

SECTION Graph
Nodes 90
Edges 2347

E 1 3 0.030852 0.002959 431.53 1.29
E 1 5 0.035234 0.004627 485.03 4.02
E 1 6 0.033375 0.004134 461.36 1.09
E 1 7 0.029396 0.003635 429.10 1.45
E 1 8 0.034602 0.004041 506.31 4.93
E 1 9 0.029531 0.003477 465.26 1.21
E 1 11 0.028526 0.004051 430.47 3.75
E 1 12 0.035305 0.005586 475.96 0.98
E 1 13 0.031721 0.004053 460.69 1.56
E 1 14 0.037286 0.004342 519.75 4.43
E 1 16 0.036132 0.007001 490.10 1.81
E 1 17 0.032711 0.003497 492.28 1.30
E 1 18 0.032804 0.003543 434.07 1.22
E 1 19 0.028251 0.003616 409.24 1.85
E 1 20 0.028515 0.003406 441.13 1.89
E 1 21 0.028626 0.003369 430.32 4.03
E 1 22 0.034185 0.003980 459.75 0.45
E 1 23 0.033001 0.003901 465.34 0.87
E 1 24 0.034937 0.004627 451.20 1.42
E 1 25 0.028626 0.003369 415.76 1.69
E 1 26 0.034704 0.003877 472.35 0.94
E 1 27 0.037285 0.004342 478.09 3.20
E 1 29 0.036895 0.006972 565.35 0.87
E 1 30 0.035745 0.005042 472.87 2.67
E 1 31 0.036131 0.004900 541.04 1.13
E 1 33 0.034528 0.004667 476.22 1.93
E 1 34 0.028514 0.003406 431.14 2.00
E 1 35 0.035467 0.004690 494.10 115.28
E 1 36 0.028972 0.003220 426.02 1.80
E 1 37 0.036895 0.005020 505.61 1.49
E 1 38 0.036106 0.004264 461.51 2.33
E 1 39 0.035212 0.004777 503.18 0.20
E 1 40 0.033592 0.003210 479.56 0.99
E 1 41 0.030601 0.003253 456.68 3.32
E 1 42 0.028808 0.003452 410.71 1.51
E 1 43 0.034146 0.005176 474.08 1.59
E 1 44 0.039057 0.007377 668.27 26.50
E 1 46 0.028586 0.003323 467.41 3.25
E 1 47 0.030328 0.004397 447.22 2.85
E 1 48 0.040201 0.002714 506.73 2.68
E 1 49 0.028627 0.003731 400.32 3.17
E 1 50 0.036895 0.004324 570.87 0.82
E 1 51 0.031108 0.003025 451.94 1.10
E 1 52 0.028640 0.003304 415.14 1.07
E 1 53 0.034071 0.004276 483.44 0.09
E 1 54 0.034033 0.003611 494.29 0.98
E 1 55 0.027270 0.003166 398.93 2.01
E 1 56 0.034072 0.004276 443.83 1.88
E 1 57 0.036878 0.003595 520.35 1.28
E 1 59 0.032658 0.005708 445.60 1.34
E 1 61 0.029686 0.003079 443.68 1.36
E 1 63 0.033636 0.003142 449.13 1.32
E 1 64 0.036895 0.004817 700.07 1.48
E 1 65 0.043061 0.010660 618.98 0.60
E 1 66 0.031488 0.003199 462.53 1.32
E 1 67 0.032726 0.005307 463.11 0.25
E 1 68 0.034159 0.003841 483.06 1.05
E 1 69 0.036878 0.003595 428.24 0.73
E 1 70 0.041221 0.006173 517.11 3.61
E 1 71 0.032542 0.006204 491.34 1.82
E 1 72 0.028514 0.003406 420.94 6.49
E 1 73 0.026477 0.003897 425.12 0.75
E 1 74 0.032746 0.003167 449.15 1.23
E 1 77 0.036118 0.004838 503.59 2.09
E 1 79 0.034761 0.004449 455.97 7.21
E 1 81 0.037609 0.005145 510.18 0.64
E 1 84 0.033971 0.005766 509.85 1.42
E 1 85 0.028186 0.003282 414.02 60.97
E 1 86 0.028808 0.003986 431.20 1.86
E 1 87 0.036877 0.004240 483.46 3.29
E 1 88 0.037205 0.003900 553.71 2.13
E 1 89 0.028507 0.003120 404.52 1.72
E 1 90 0.030425 0.006692 464.85 0.48
E 2 6 0.034377 0.005507 448.11 1527.62
E 2 10 0.027799 0.002539 409.78 85.90
E 2 11 0.032854 0.006633 418.83 2.12
E 2 12 0.031321 0.005857 447.71 3.40
E 2 13 0.031078 0.005022 443.24 0.97
E 2 14 0.026538 0.003355 397.88 1.67
E 2 15 0.024868 0.004377 376.33 9.23
E 2 16 0.020328 0.002123 326.80 1593.76
E 2 17 0.028131 0.002940 426.31 1727.93
E 2 23 0.032857 0.004417 452.37 22.78
E 2 25 0.038337 0.001272 612.72 0.31
E 2 27 0.025075 0.002584 388.49 0.02
E 2 29 0.031092 0.003088 424.82 911.17
E 2 30 0.022294 0.002578 422.36 1.66
E 2 31 0.022681 0.002012 359.69 1553.34
E 2 32 0.027071 0.003842 416.95 1128.59
E 2 37 0.031172 0.004681 439.96 977.94
E 2 40 0.033834 0.003154 458.24 1491.17
E 2 41 0.029307 0.003914 448.08 1134.04
E 2 44 0.027969 0.003926 418.73 7.02
E 2 48 0.022653 0.003585 357.76 0.08
E 2 50 0.022645 0.002077 361.06 460.49
E 2 52 0.027597 0.001413 393.49 1523.89
E 2 57 0.022597 0.002078 382.99 0.29
E 2 58 0.022557 0.004487 362.42 1139.95
E 2 60 0.022522 0.001942 353.45 1150.72
E 2 62 0.022384 0.001664 334.49 6.40
E 2 63 0.033257 0.003046 467.86 1317.53
E 2 64 0.025795 0.004098 377.84 1279.05
E 2 65 0.030468 0.006589 444.13 555.53
E 2 68 0.031169 0.003606 443.28 1520.82
E 2 69 0.023094 0.002555 378.09 1036.00
E 2 70 0.026650 0.002408 402.96 0.30
E 2 71 0.037761 0.004274 528.21 1588.06
E 2 72 0.005906 0.000192 564.00 72.04
E 2 76 0.022545 0.001692 354.11 0.67
E 2 77 0.031705 0.003068 435.77 0.42
E 2 78 0.021361 0.004163 397.03 40.55
E 2 80 0.025730 0.017525 394.93 0.34
E 2 81 0.035218 0.005211 491.51 1055.87
E 2 82 0.022532 0.003829 358.33 0.04
E 2 83 0.022588 0.001884 341.81 0.56
E 2 87 0.025665 0.003323 380.05 2.68
E 2 88 0.031623 0.006639 433.09 21.96
E 2 90 0.029349 0.002600 438.50 102.10
E 3 4 0.032991 0.002186 479.29 14.36
E 3 5 0.034423 0.003198 438.88 63.14
E 3 7 0.031924 0.003853 462.32 0.98
E 3 8 0.033963 0.003154 493.17 1.42
E 3 9 0.033755 0.003053 477.08 0.37
E 3 11 0.029655 0.002929 411.91 179.47
E 3 12 0.036078 0.005400 499.63 3.14
E 3 13 0.033081 0.000000 661.98 7.78
E 3 18 0.033755 0.003053 443.22 0.18
E 3 21 0.029236 0.002927 457.27 6.58
E 3 22 0.033766 0.002798 490.76 0.03
E 3 23 0.039015 0.006506 529.98 0.18
E 3 24 0.033757 0.003053 501.88 1.16
E 3 25 0.029655 0.002929 430.21 62.70
E 3 26 0.035009 0.002949 460.28 2.02
E 3 29 0.037693 0.006590 533.71 0.00
E 3 30 0.035083 0.003133 488.23 1.57
E 3 33 0.033767 0.004247 468.18 0.25
E 3 35 0.034024 0.002960 490.26 2.67
E 3 36 0.031640 0.003229 486.47 19.93
E 3 38 0.035227 0.004248 463.43 9.21
E 3 39 0.033757 0.003116 448.16 1.54
E 3 42 0.030042 0.003842 441.56 0.18
E 3 43 0.033756 0.005088 490.30 4.28
E 3 53 0.033756 0.003336 466.64 0.11
E 3 56 0.034024 0.002960 487.57 8.20
E 3 67 0.033754 0.006753 480.51 2.06
E 3 72 0.029656 0.002999 417.12 66.64
E 3 73 0.024472 0.006841 350.57 3.55
E 3 74 0.034782 0.003515 477.25 0.61
E 3 77 0.039038 0.006433 492.66 1.90
E 3 79 0.034464 0.004718 505.30 91.42
E 3 84 0.034024 0.005506 498.52 5.63
E 3 85 0.028330 0.003689 451.98 20.51
E 3 86 0.029853 0.004462 437.16 2.54
E 3 88 0.037965 0.005851 551.10 2.62
E 3 90 0.031792 0.007638 474.66 0.08
E 4 5 0.031528 0.003804 420.35 2.83
E 4 6 0.033215 0.003894 444.74 0.67
E 4 7 0.034066 0.004687 455.99 66.55
E 4 8 0.031635 0.003718 448.31 8.05
E 4 9 0.028898 0.003181 414.47 7.80
E 4 11 0.028964 0.005382 419.04 46.59
E 4 13 0.032262 0.004216 488.95 246.90
E 4 17 0.031125 0.002509 455.52 24.17
E 4 22 0.027402 0.001399 411.04 25.52
E 4 23 0.030343 0.002162 442.05 0.84
E 4 24 0.026424 0.001218 394.43 6.89
E 4 26 0.029555 0.002150 421.97 0.22
E 4 30 0.027669 0.001274 446.09 1.25
E 4 31 0.029145 0.001018 423.46 2.46
E 4 33 0.028156 0.002300 425.21 34.11
E 4 35 0.026380 0.001240 398.90 0.13
E 4 36 0.026466 0.001581 397.61 0.20
E 4 38 0.026401 0.001172 407.86 11.89
E 4 39 0.026414 0.003361 405.22 2.36
E 4 42 0.027672 0.001675 402.11 178.31
E 4 43 0.030801 0.006084 460.80 46.19
E 4 46 0.026229 0.001560 412.14 37.57
E 4 49 0.026171 0.003564 383.16 37.40
E 4 51 0.030217 0.003220 454.69 2.45
E 4 52 0.027005 0.002282 438.39 0.56
E 4 56 0.026445 0.001934 391.25 4.72
E 4 59 0.032793 0.005851 483.13 24.61
E 4 61 0.029194 0.002152 436.36 24.76
E 4 66 0.031887 0.002904 457.46 24.42
E 4 67 0.032141 0.004805 456.78 8.56
E 4 68 0.031931 0.003103 436.70 0.43
E 4 74 0.031081 0.001674 449.13 16.86
E 4 75 0.025403 0.001080 364.74 0.34
E 4 77 0.033278 0.003474 480.38 0.57
E 4 79 0.030795 0.004042 459.21 0.71
E 4 84 0.026440 0.002871 399.28 42.22
E 4 88 0.030197 0.006004 432.94 0.00
E 4 89 0.026415 0.002537 397.55 33.50
E 5 6 0.032618 0.003192 462.66 31.02
E 5 7 0.035155 0.003950 501.73 1.92
E 5 8 0.029767 0.002893 438.88 3.18
E 5 9 0.032844 0.003932 484.36 46.65
E 5 10 0.028629 0.002555 441.13 0.95
E 5 11 0.034606 0.003024 449.52 0.40
E 5 12 0.032475 0.005238 473.21 1.12
E 5 13 0.034570 0.005414 469.00 1.49
E 5 14 0.028453 0.002849 430.52 2.56
E 5 16 0.034606 0.007873 550.13 20.68
E 5 17 0.030821 0.002843 462.58 72.19
E 5 18 0.032096 0.003789 423.05 2.89
E 5 19 0.034606 0.004664 450.79 22.16
E 5 20 0.035182 0.002476 503.32 21.23
E 5 21 0.035181 0.002476 485.86 0.78
E 5 22 0.032097 0.003812 435.92 35.54
E 5 23 0.032881 0.003840 436.80 19.19
E 5 24 0.033292 0.003467 434.96 1.91
E 5 25 0.034605 0.003765 448.51 0.30
E 5 26 0.032316 0.003216 476.38 1.32
E 5 27 0.032876 0.003763 463.70 0.10
E 5 29 0.032009 0.003818 470.68 18.34
E 5 30 0.029132 0.002825 455.25 8.01
E 5 31 0.029102 0.002908 412.42 30.67
E 5 33 0.031769 0.003648 451.77 12.16
E 5 34 0.035183 0.004232 491.87 19.94
E 5 35 0.032948 0.002922 443.70 0.76
E 5 36 0.033143 0.003353 468.30 0.11
E 5 37 0.029739 0.003919 421.95 11.03
E 5 38 0.034750 0.003126 428.43 21.46
E 5 39 0.034570 0.003098 474.03 1.90
E 5 40 0.032882 0.002648 473.78 34.21
E 5 42 0.034330 0.004928 545.14 19.30
E 5 43 0.032079 0.006282 467.89 3.36
E 5 44 0.027954 0.003632 395.32 6.89
E 5 46 0.033433 0.003068 431.10 88.27
E 5 47 0.034896 0.003271 435.43 91.25
E 5 49 0.034133 0.003222 444.91 87.49
E 5 50 0.023011 0.000812 368.80 10.55
E 5 51 0.032016 0.003738 460.51 31.93
E 5 52 0.034654 0.002730 462.95 31.95
E 5 53 0.032096 0.003789 467.55 3.22
E 5 54 0.031394 0.003344 464.29 35.48
E 5 55 0.035183 0.002476 504.92 18.75
E 5 56 0.032918 0.003935 456.04 0.10
E 5 57 0.027797 0.002544 384.08 0.23
E 5 59 0.032262 0.004070 454.64 74.87
E 5 61 0.031942 0.003641 436.72 76.22
E 5 63 0.032847 0.003346 474.51 15.65
E 5 64 0.026509 0.003142 410.15 11.18
E 5 65 0.027918 0.005766 444.51 0.00
E 5 66 0.032354 0.003633 462.57 73.53
E 5 67 0.033274 0.005900 456.80 7.78
E 5 68 0.034304 0.004595 505.31 32.74
E 5 69 0.027389 0.002522 417.72 8.67
E 5 70 0.028279 0.002682 407.28 1.85
E 5 71 0.034606 0.003418 549.59 20.23
E 5 72 0.035182 0.005215 456.99 7.02
E 5 73 0.033700 0.003935 500.47 0.22
E 5 74 0.033887 0.003576 466.31 4.92
E 5 77 0.035536 0.004223 495.53 0.27
E 5 79 0.032085 0.003896 455.03 2.76
E 5 81 0.035283 0.005436 475.00 31.17
E 5 82 0.023011 0.000994 351.55 1.28
E 5 84 0.032581 0.005529 451.73 0.35
E 5 86 0.034499 0.003583 486.47 0.73
E 5 87 0.027867 0.003151 417.27 1.83
E 5 88 0.031402 0.005846 446.77 2.34
E 5 89 0.034350 0.004669 452.08 69.35
E 5 90 0.034605 0.008044 499.17 22.56
E 6 7 0.034049 0.004070 483.61 0.84
E 6 8 0.032660 0.003201 472.00 1.89
E 6 9 0.033039 0.003923 466.20 0.34
E 6 10 0.032590 0.003073 478.52 8.10
E 6 11 0.034216 0.005718 460.21 31.39
E 6 12 0.032759 0.005174 483.53 2.43
E 6 13 0.032732 0.005056 481.36 7.22
E 6 14 0.031839 0.003188 443.65 392.98
E 6 15 0.033102 0.003053 441.18 5.04
E 6 18 0.032534 0.003347 460.05 0.17
E 6 21 0.034011 0.004327 434.25 9.06
E 6 22 0.032914 0.003919 458.80 0.05
E 6 23 0.032885 0.003703 465.28 0.25
E 6 24 0.031494 0.001590 490.65 0.83
E 6 25 0.033794 0.004042 472.34 56.02
E 6 26 0.032595 0.003529 442.00 2.12
E 6 27 0.032464 0.004216 476.59 122.69
E 6 29 0.033035 0.003491 470.01 0.00
E 6 30 0.032344 0.002544 460.90 1.52
E 6 33 0.032478 0.003380 497.51 0.19
E 6 35 0.031424 0.003710 408.25 2.35
E 6 36 0.032522 0.003495 435.74 17.63
E 6 38 0.031494 0.002098 436.96 7.19
E 6 39 0.031495 0.002405 513.65 1.14
E 6 42 0.034036 0.004667 475.34 0.28
E 6 43 0.032399 0.005766 461.18 4.16
E 6 44 0.032606 0.004131 455.42 50.54
E 6 48 0.031298 0.004383 433.91 107.25
E 6 50 0.031413 0.001573 481.59 0.02
E 6 53 0.032534 0.003347 487.25 0.10
E 6 56 0.032341 0.002394 465.25 7.86
E 6 57 0.031687 0.002296 508.11 35.39
E 6 65 0.032703 0.006537 456.72 0.23
E 6 67 0.033281 0.004583 458.26 9.21
E 6 69 0.031807 0.002469 452.98 45.12
E 6 70 0.032723 0.003241 458.34 418.34
E 6 72 0.034094 0.004061 484.47 133.28
E 6 73 0.038169 0.005088 514.99 28.34
E 6 74 0.033019 0.003468 472.39 0.50
E 6 77 0.035906 0.004379 497.05 1.50
E 6 79 0.032641 0.004277 464.09 49.25
E 6 84 0.032320 0.005197 469.66 5.75
E 6 85 0.034535 0.005063 482.98 22.92
E 6 86 0.034183 0.004912 447.11 3.05
E 6 87 0.032703 0.003518 451.83 2.04
E 6 88 0.032545 0.006256 459.51 2.00
E 6 90 0.033229 0.006608 456.52 0.05
E 7 8 0.035081 0.004487 512.62 0.91
E 7 9 0.033397 0.004836 468.76 0.20
E 7 11 0.028125 0.004162 428.50 22.90
E 7 12 0.035366 0.005734 507.07 2.60
E 7 13 0.033796 0.004887 446.20 2.67
E 7 14 0.037925 0.005815 531.45 3.36
E 7 16 0.036420 0.007001 491.20 1.44
E 7 17 0.032711 0.004026 464.80 0.99
E 7 18 0.034649 0.004794 471.27 0.52
E 7 19 0.026832 0.004295 425.40 1.47
E 7 20 0.027232 0.004097 413.38 1.50
E 7 21 0.028182 0.003893 397.42 2.04
E 7 22 0.034984 0.004877 483.62 0.63
E 7 23 0.037447 0.006013 493.33 0.69
E 7 24 0.034910 0.004737 500.96 0.11
E 7 25 0.027795 0.003966 395.59 2.79
E 7 26 0.035700 0.004710 505.63 0.83
E 7 27 0.037925 0.005814 575.37 1.89
E 7 29 0.037446 0.006972 495.34 1.47
E 7 30 0.035753 0.004535 519.23 1.33
E 7 31 0.036734 0.004240 541.53 0.87
E 7 33 0.034984 0.004877 472.34 0.08
E 7 34 0.027408 0.004162 400.52 1.59
E 7 35 0.034985 0.004877 434.25 0.51
E 7 36 0.031008 0.004119 416.47 16.35
E 7 37 0.039660 0.005223 555.25 0.85
E 7 38 0.035113 0.003521 455.98 0.83
E 7 39 0.034985 0.004877 490.04 0.88
E 7 40 0.037758 0.003720 484.71 0.75
E 7 41 0.032362 0.003574 444.68 3.06
E 7 42 0.028253 0.003757 396.11 0.88
E 7 43 0.035173 0.004997 457.40 11.44
E 7 44 0.039659 0.007377 524.57 5.39
E 7 46 0.030944 0.004219 445.60 2.62
E 7 47 0.025976 0.003400 404.56 2.21
E 7 48 0.037829 0.004070 491.82 1.86
E 7 49 0.030001 0.003937 464.43 2.55
E 7 50 0.039660 0.005223 485.06 1.09
E 7 51 0.031796 0.004062 472.88 0.85
E 7 52 0.027911 0.003871 426.28 0.82
E 7 53 0.034984 0.004877 487.58 0.66
E 7 54 0.034882 0.004288 493.89 0.73
E 7 55 0.025765 0.003731 399.30 1.60
E 7 56 0.034985 0.004877 465.20 1.13
E 7 57 0.039660 0.005223 577.15 6.41
E 7 59 0.032301 0.004142 445.88 1.03
E 7 61 0.031339 0.004148 452.04 1.05
E 7 63 0.036308 0.005221 533.79 1.06
E 7 64 0.039660 0.005223 605.75 1.22
E 7 65 0.043061 0.010660 626.37 0.13
E 7 66 0.032507 0.003858 465.75 1.01
E 7 67 0.034849 0.006725 476.10 7.29
E 7 68 0.035569 0.004031 482.76 0.80
E 7 69 0.039660 0.005223 429.72 1.33
E 7 70 0.041221 0.006173 596.14 2.72
E 7 71 0.032543 0.006204 471.24 1.44
E 7 72 0.027560 0.004097 412.98 8.00
E 7 73 0.024521 0.003616 353.80 22.49
E 7 74 0.033951 0.004123 498.03 0.68
E 7 77 0.037851 0.005593 501.83 0.28
E 7 79 0.035489 0.004410 497.65 2.21
E 7 81 0.037609 0.005145 525.26 0.75
E 7 84 0.035041 0.006238 476.75 19.85
E 7 85 0.026830 0.004076 392.38 5.62
E 7 86 0.027786 0.004091 406.58 3.54
E 7 87 0.039660 0.005223 452.92 1.60
E 7 88 0.037924 0.005814 528.75 1.38
E 7 89 0.030228 0.003697 418.95 3.54
E 7 90 0.030426 0.006691 443.19 1.04
E 8 9 0.032500 0.002455 464.36 0.63
E 8 10 0.028480 0.003782 434.84 4.99
E 8 11 0.032377 0.003041 465.79 0.21
E 8 12 0.032552 0.005392 450.88 0.13
E 8 13 0.037965 0.006684 489.27 1.71
E 8 14 0.028811 0.003690 404.20 2.67
E 8 15 0.011459 0.001024 1200.00 0.04
E 8 16 0.033183 0.007259 466.60 1.18
E 8 17 0.030950 0.003179 473.70 1.64
E 8 18 0.031652 0.003494 449.34 0.59
E 8 19 0.033183 0.003598 442.17 1.17
E 8 20 0.033203 0.002421 486.38 1.17
E 8 21 0.033203 0.002421 520.74 0.36
E 8 22 0.031656 0.003532 484.34 1.54
E 8 23 0.032427 0.003857 451.08 1.15
E 8 24 0.032441 0.002205 520.58 0.94
E 8 25 0.032740 0.004111 469.42 1.92
E 8 26 0.031110 0.003210 453.51 1.72
E 8 27 0.034129 0.004286 497.29 41.00
E 8 29 0.031416 0.003688 444.28 0.80
E 8 30 0.029635 0.003099 430.19 0.61
E 8 31 0.029394 0.003201 450.65 1.88
E 8 32 0.028145 0.005062 403.55 3.14
E 8 33 0.030931 0.003330 466.33 0.47
E 8 34 0.034653 0.003022 584.02 1.19
E 8 35 0.032750 0.002414 467.23 1.77
E 8 36 0.032788 0.003392 461.83 0.68
E 8 37 0.029463 0.003868 440.12 2.27
E 8 38 0.032228 0.001388 428.23 12.37
E 8 39 0.032985 0.003927 488.56 3.67
E 8 40 0.032630 0.003304 442.79 1.88
E 8 41 0.032728 0.005766 484.52 5.70
E 8 42 0.032854 0.004565 456.45 0.81
E 8 43 0.030878 0.005795 470.96 1.92
E 8 44 0.028255 0.003757 439.72 2.18
E 8 46 0.032563 0.001871 454.92 1.85
E 8 47 0.032481 0.001066 460.77 1.16
E 8 49 0.032902 0.003256 483.28 1.84
E 8 50 0.024573 0.001018 406.81 1.14
E 8 51 0.031461 0.003556 487.72 1.87
E 8 52 0.033343 0.002518 504.21 1.88
E 8 53 0.031656 0.003415 442.45 1.02
E 8 54 0.029808 0.003185 447.32 1.24
E 8 55 0.033165 0.000751 535.48 1.20
E 8 56 0.032191 0.003855 461.37 505.00
E 8 57 0.027686 0.003468 399.89 0.63
E 8 59 0.032575 0.004834 472.27 1.67
E 8 61 0.031429 0.003338 468.20 1.69
E 8 63 0.032512 0.003811 449.87 1.20
E 8 64 0.027667 0.003613 399.09 1.33
E 8 65 0.028423 0.005495 427.82 0.07
E 8 66 0.032554 0.003663 465.91 1.65
E 8 67 0.033501 0.006190 476.46 4.86
E 8 68 0.034313 0.004323 445.32 1.87
E 8 69 0.027686 0.003468 411.61 2.17
E 8 70 0.028423 0.003872 412.32 26.60
E 8 71 0.033659 0.006299 450.44 1.18
E 8 72 0.033161 0.004505 484.27 1.78
E 8 73 0.030762 0.003935 416.05 0.99
E 8 74 0.033683 0.003751 480.78 1.64
E 8 75 0.002498 0.000032 196.00 0.14
E 8 77 0.035575 0.004287 480.85 2.41
E 8 79 0.031798 0.003966 446.32 138.80
E 8 81 0.035159 0.005330 485.06 1.88
E 8 82 0.024572 0.001070 362.67 6.69
E 8 84 0.032454 0.004490 469.26 0.29
E 8 86 0.032703 0.003986 491.91 0.10
E 8 87 0.028313 0.003829 414.59 0.14
E 8 88 0.031069 0.005701 445.86 44.76
E 8 89 0.033104 0.004823 441.05 1.13
E 8 90 0.032806 0.006580 495.19 0.51
E 9 10 0.027664 0.002447 426.07 5.17
E 9 11 0.030026 0.006373 423.85 1.44
E 9 12 0.034861 0.005359 454.61 1.50
E 9 13 0.031879 0.005267 459.51 3.09
E 9 17 0.031092 0.002602 460.75 0.35
E 9 18 0.028994 0.003002 431.63 0.51
E 9 20 0.027129 0.007395 409.00 0.60
E 9 21 0.028954 0.001838 410.57 1.58
E 9 22 0.028960 0.003042 438.64 0.33
E 9 23 0.029912 0.002219 420.88 0.09
E 9 24 0.028494 0.002583 416.89 0.10
E 9 25 0.035527 0.002186 517.77 10.53
E 9 26 0.030934 0.003211 447.91 0.24
E 9 27 0.033193 0.002137 539.66 39.63
E 9 29 0.030607 0.002100 429.05 0.46
E 9 30 0.034069 0.002861 458.69 0.32
E 9 31 0.030943 0.002801 443.52 0.34
E 9 33 0.029561 0.003681 443.80 0.20
E 9 34 0.028509 0.002312 377.44 0.68
E 9 35 0.028449 0.002640 435.11 0.31
E 9 36 0.029050 0.002966 430.07 32.21
E 9 37 0.037353 0.007802 440.69 0.39
E 9 38 0.028873 0.003048 417.43 0.95
E 9 39 0.028505 0.003091 439.34 0.53
E 9 40 0.032239 0.002081 432.90 0.35
E 9 41 0.030796 0.003477 442.52 0.84
E 9 42 0.029573 0.002600 448.02 0.57
E 9 43 0.031085 0.005954 431.68 2.54
E 9 44 0.032968 0.006784 487.01 2.86
E 9 46 0.029056 0.003183 415.75 0.38
E 9 48 0.030704 0.003460 396.04 6.78
E 9 49 0.029075 0.003866 426.16 0.38
E 9 50 0.034301 0.002374 533.39 0.35
E 9 51 0.030688 0.003160 441.76 0.34
E 9 52 0.028945 0.002171 446.86 0.34
E 9 53 0.029011 0.003019 422.52 0.30
E 9 54 0.029698 0.003100 419.41 0.35
E 9 56 0.028909 0.003056 404.29 6.98
E 9 57 0.029244 0.001800 409.98 16.00
E 9 59 0.032421 0.005711 473.12 0.35
E 9 61 0.029142 0.003116 441.15 0.35
E 9 63 0.033098 0.004044 451.21 0.38
E 9 64 0.036246 0.002374 474.06 0.38
E 9 65 0.044866 0.010261 588.04 1.10
E 9 66 0.031371 0.003196 440.87 0.35
E 9 67 0.032230 0.004855 460.02 1.59
E 9 68 0.034262 0.004220 479.42 0.34
E 9 69 0.029625 0.002186 507.82 0.38
E 9 71 0.033185 0.008506 454.87 0.57
E 9 72 0.028546 0.002397 411.56 1.71
E 9 74 0.031958 0.003174 456.95 0.24
E 9 75 0.028455 0.002782 407.97 3.41
E 9 77 0.035418 0.003844 496.95 0.43
E 9 79 0.032329 0.004532 435.51 1.82
E 9 81 0.034720 0.004320 473.08 0.36
E 9 84 0.028802 0.003311 433.48 15.13
E 9 86 0.029594 0.003156 455.11 3.93
E 9 87 0.030366 0.003765 435.39 2.53
E 9 88 0.030945 0.005856 456.45 2.87
E 9 89 0.028892 0.003091 418.36 0.86
E 9 90 0.028508 0.004981 396.27 1.21
E 10 12 0.032605 0.006032 464.70 239.28
E 10 13 0.032004 0.004921 469.32 0.84
E 10 14 0.028365 0.003064 406.46 4.22
E 10 15 0.028270 0.003450 422.87 1.39
E 10 17 0.029529 0.001550 439.35 2.07
E 10 18 0.028083 0.001168 413.49 1.96
E 10 22 0.028083 0.001168 412.08 7.51
E 10 23 0.032906 0.003646 459.73 20.68
E 10 25 0.038338 0.001357 515.51 0.90
E 10 26 0.030535 0.002578 420.13 1.04
E 10 27 0.031067 0.003688 459.98 9.44
E 10 29 0.031340 0.002933 420.54 12.58
E 10 30 0.028427 0.002160 401.72 1.07
E 10 31 0.028610 0.003065 423.26 8.06
E 10 32 0.028050 0.004320 423.33 10.06
E 10 33 0.028083 0.002205 440.28 5.27
E 10 37 0.031233 0.004691 436.95 9.84
E 10 40 0.033046 0.002245 448.79 8.07
E 10 41 0.029982 0.002566 431.98 10.07
E 10 43 0.030109 0.005885 476.92 11.30
E 10 44 0.028474 0.003368 423.96 11.88
E 10 48 0.027839 0.004021 403.99 4.34
E 10 50 0.028271 0.003450 424.70 6.96
E 10 51 0.030853 0.003662 464.18 8.06
E 10 52 0.034418 0.004070 465.71 8.09
E 10 53 0.027996 0.001293 403.66 5.65
E 10 54 0.028467 0.002189 436.10 8.06
E 10 56 0.027847 0.001344 402.14 5.84
E 10 57 0.027946 0.002290 412.03 0.65
E 10 58 0.026972 0.004338 372.22 9.66
E 10 59 0.033358 0.007615 466.40 1.46
E 10 60 0.026972 0.003568 378.67 9.52
E 10 61 0.028735 0.001673 415.17 1.26
E 10 62 0.025554 0.005286 390.64 4.17
E 10 63 0.033504 0.003638 480.82 9.13
E 10 64 0.032143 0.006551 479.50 9.58
E 10 65 0.030385 0.006019 448.57 1.25
E 10 66 0.030722 0.002437 479.76 1.72
E 10 67 0.031470 0.003545 503.99 0.09
E 10 68 0.033980 0.003689 458.51 8.08
E 10 69 0.027975 0.002313 424.51 10.28
E 10 70 0.028530 0.002419 405.14 7.60
E 10 74 0.029693 0.001494 460.46 7.99
E 10 76 0.026602 0.006630 419.65 8.29
E 10 77 0.033847 0.003481 488.83 5.65
E 10 81 0.035010 0.005321 510.67 8.10
E 10 82 0.027830 0.005314 398.11 77.85
E 10 83 0.023526 0.001640 409.35 2.31
E 10 84 0.027849 0.001289 429.34 0.14
E 10 87 0.028316 0.003335 422.67 0.65
E 10 88 0.031811 0.006479 442.38 0.50
E 11 12 0.031635 0.006910 428.28 0.04
E 11 13 0.032312 0.005138 469.54 0.54
E 11 14 0.035204 0.005337 474.84 14.27
E 11 16 0.029762 0.005993 430.33 110.69
E 11 17 0.030985 0.004364 423.08 203.99
E 11 19 0.028009 0.004131 415.81 117.96
E 11 20 0.028143 0.004092 430.07 115.81
E 11 21 0.028021 0.003700 407.84 0.53
E 11 23 0.032641 0.004799 473.12 3.55
E 11 25 0.027922 0.003633 400.77 0.18
E 11 26 0.033031 0.004484 448.94 0.41
E 11 27 0.032784 0.004600 459.47 1.19
E 11 29 0.031773 0.004254 447.66 105.01
E 11 30 0.036267 0.003415 518.85 0.22
E 11 32 0.029888 0.006476 423.82 17.64
E 11 34 0.028049 0.003971 404.21 113.48
E 11 37 0.029958 0.004712 425.15 34.99
E 11 40 0.032626 0.004240 469.97 49.92
E 11 41 0.030160 0.005120 431.81 18.78
E 11 42 0.028142 0.004070 436.34 23.55
E 11 44 0.039057 0.007377 474.60 1.45
E 11 47 0.027167 0.002508 404.38 157.24
E 11 51 0.029514 0.005663 455.25 202.63
E 11 52 0.028300 0.004046 439.02 33.96
E 11 54 0.035793 0.002623 516.21 52.23
E 11 55 0.028098 0.003991 434.69 110.56
E 11 59 0.033050 0.007288 471.95 208.25
E 11 61 0.029001 0.005481 417.60 210.40
E 11 63 0.033073 0.004240 465.86 43.68
E 11 65 0.029726 0.006765 406.06 1.31
E 11 66 0.032023 0.004486 448.30 206.12
E 11 67 0.032401 0.004507 449.54 23.05
E 11 68 0.034031 0.004007 508.41 36.31
E 11 70 0.028791 0.005355 415.36 15.76
E 11 71 0.033058 0.006321 439.07 109.38
E 11 72 0.027952 0.003705 419.34 0.51
E 11 73 0.028049 0.004539 410.31 0.14
E 11 74 0.032125 0.004163 473.81 73.56
E 11 77 0.036477 0.005115 504.97 2.29
E 11 79 0.031683 0.004975 488.10 4.12
E 11 81 0.035370 0.005054 480.29 50.45
E 11 85 0.028068 0.003914 405.73 11.04
E 11 86 0.028064 0.004051 422.76 0.09
E 11 88 0.029983 0.006801 445.05 0.28
E 11 90 0.030633 0.006614 461.26 24.77
E 12 13 0.034939 0.005705 490.22 0.50
E 12 14 0.032726 0.005664 465.86 66.24
E 12 15 0.033221 0.006173 435.22 0.40
E 12 16 0.029689 0.002374 546.33 3.99
E 12 17 0.032826 0.005794 471.52 2.48
E 12 18 0.035178 0.005569 492.78 0.35
E 12 19 0.039609 0.005936 530.16 8.43
E 12 20 0.037377 0.003618 439.88 9.58
E 12 21 0.034911 0.003307 536.22 1.00
E 12 22 0.035178 0.005569 479.99 2.22
E 12 24 0.032286 0.004975 483.09 8.21
E 12 25 0.034161 0.007187 475.66 0.51
E 12 26 0.036018 0.004979 522.97 2.17
E 12 27 0.033131 0.005912 459.32 8.57
E 12 29 0.032091 0.005907 459.87 0.18
E 12 30 0.034789 0.005276 488.05 0.76
E 12 31 0.032342 0.005526 465.20 2.45
E 12 32 0.032782 0.006032 464.88 4.09
E 12 33 0.035178 0.005569 435.94 2.03
E 12 34 0.039610 0.005936 591.49 13.00
E 12 35 0.032287 0.004975 449.35 2.87
E 12 36 0.034289 0.005209 490.21 0.23
E 12 37 0.032707 0.005929 465.09 2.57
E 12 38 0.032286 0.004975 475.53 3.83
E 12 39 0.032874 0.005801 439.66 1.72
E 12 40 0.033310 0.005504 480.76 2.42
E 12 41 0.036439 0.005767 492.41 3.87
E 12 42 0.037377 0.003618 502.18 1.97
E 12 43 0.035369 0.005976 489.20 0.36
E 12 44 0.032623 0.005137 474.44 1.07
E 12 48 0.031614 0.006272 476.54 0.58
E 12 50 0.031542 0.005933 445.89 2.21
E 12 51 0.034629 0.005467 473.40 2.44
E 12 52 0.032613 0.005898 474.36 2.43
E 12 53 0.034861 0.005359 446.25 3.78
E 12 54 0.034984 0.005131 466.57 2.43
E 12 56 0.035398 0.006140 489.49 35.42
E 12 57 0.032221 0.005658 459.59 0.16
E 12 58 0.029594 0.005287 442.29 3.82
E 12 59 0.035179 0.005569 462.89 2.45
E 12 60 0.029595 0.005287 459.68 2.97
E 12 61 0.035369 0.005418 482.44 2.45
E 12 62 0.031261 0.006198 460.53 28.68
E 12 63 0.033256 0.005607 470.02 2.54
E 12 64 0.032777 0.005888 465.41 2.57
E 12 65 0.032812 0.006313 452.63 0.66
E 12 66 0.035492 0.005697 482.94 2.47
E 12 67 0.037553 0.006267 510.48 4.17
E 12 68 0.034570 0.005794 489.44 2.42
E 12 69 0.032221 0.005658 443.45 2.42
E 12 70 0.032752 0.005662 484.63 123.11
E 12 71 0.033012 0.006590 508.05 3.80
E 12 72 0.034055 0.006826 482.82 0.34
E 12 74 0.035298 0.006018 504.95 4.66
E 12 76 0.029595 0.005287 423.77 23.44
E 12 77 0.035416 0.005639 478.78 28.31
E 12 79 0.032650 0.005241 489.33 60.13
E 12 81 0.035398 0.005384 484.07 2.43
E 12 82 0.031323 0.005857 423.39 2.14
E 12 83 0.031298 0.005565 432.68 0.13
E 12 84 0.034511 0.007802 453.55 0.07
E 12 86 0.037377 0.003618 510.84 7.73
E 12 87 0.032384 0.005601 434.18 0.10
E 12 88 0.032480 0.006306 456.53 0.05
E 13 14 0.032728 0.005402 458.70 9.73
E 13 15 0.031186 0.004886 473.32 1.43
E 13 16 0.029199 0.005352 490.31 7.50
E 13 17 0.032426 0.004633 470.42 7.77
E 13 18 0.032264 0.004216 487.69 3.13
E 13 19 0.038236 0.005020 558.64 7.58
E 13 20 0.031327 0.004127 453.78 7.56
E 13 21 0.031436 0.004195 463.37 0.81
E 13 22 0.031840 0.003918 446.23 7.65
E 13 23 0.032571 0.005165 482.82 11.19
E 13 24 0.002769 0.000000 288.00 0.81
E 13 25 0.032141 0.004859 453.76 7.02
E 13 26 0.031837 0.004905 450.37 2.13
E 13 27 0.031809 0.004950 463.49 0.96
E 13 29 0.031913 0.005219 467.21 7.55
E 13 30 0.033313 0.005565 494.58 3.55
E 13 31 0.031722 0.005257 476.74 7.29
E 13 32 0.031979 0.005230 443.65 6.70
E 13 33 0.031956 0.003957 458.57 2.90
E 13 34 0.032102 0.004327 426.34 7.58
E 13 36 0.031341 0.005457 475.12 0.48
E 13 37 0.033303 0.005523 479.64 6.72
E 13 38 0.033418 0.002510 425.14 0.43
E 13 39 0.005794 0.000128 608.00 0.74
E 13 40 0.033539 0.004958 463.28 7.13
E 13 41 0.031640 0.005243 472.40 6.69
E 13 42 0.032100 0.004327 454.33 3.96
E 13 43 0.032264 0.006679 483.41 0.92
E 13 44 0.032813 0.005317 477.66 4.77
E 13 46 0.031497 0.005332 434.12 8.36
E 13 48 0.031200 0.005205 435.49 0.51
E 13 49 0.031115 0.005289 433.33 8.36
E 13 50 0.031058 0.004969 451.76 7.23
E 13 51 0.031869 0.005844 448.39 7.28
E 13 52 0.031744 0.005258 445.32 7.21
E 13 53 0.032079 0.004171 435.20 4.98
E 13 54 0.031644 0.005011 447.07 7.15
E 13 56 0.032241 0.004310 472.52 8.44
E 13 57 0.031463 0.005696 465.59 16.36
E 13 58 0.031030 0.005459 439.00 6.72
E 13 59 0.032773 0.006671 491.91 7.78
E 13 60 0.031041 0.005438 468.99 6.73
E 13 61 0.032360 0.005436 476.18 7.79
E 13 62 0.031179 0.005597 433.00 4.01
E 13 63 0.033703 0.004954 472.35 6.78
E 13 64 0.031668 0.006493 454.29 6.73
E 13 65 0.032743 0.007392 466.14 3.40
E 13 66 0.032271 0.005293 460.67 7.78
E 13 67 0.032112 0.005161 452.77 1.50
E 13 68 0.033887 0.005136 474.34 7.20
E 13 69 0.032012 0.007188 428.83 6.99
E 13 70 0.033133 0.005940 473.33 22.21
E 13 71 0.033166 0.006856 483.41 7.48
E 13 72 0.031722 0.004053 446.98 0.39
E 13 74 0.032072 0.005081 443.79 4.93
E 13 76 0.031179 0.005597 403.38 1.31
E 13 77 0.035852 0.005165 489.67 6.00
E 13 78 0.030318 0.004545 502.92 8.08
E 13 79 0.031833 0.005149 447.31 5.44
E 13 80 0.033419 0.017525 410.25 4.45
E 13 81 0.035167 0.005170 474.04 7.16
E 13 82 0.031078 0.005297 404.56 0.71
E 13 83 0.031043 0.005438 451.11 0.34
E 13 84 0.032241 0.004310 444.27 0.21
E 13 85 0.031372 0.004373 454.80 0.73
E 13 86 0.032100 0.004327 488.66 0.44
E 13 87 0.032876 0.005453 456.03 0.86
E 13 88 0.033812 0.006412 463.45 1.90
E 13 89 0.031115 0.005289 449.93 5.64
E 13 90 0.032312 0.006051 464.89 6.19
E 14 15 0.029734 0.004190 440.14 5.75
E 14 16 0.032776 0.006998 485.63 249.32
E 14 17 0.029000 0.001803 410.99 413.84
E 14 19 0.035210 0.005306 415.91 262.61
E 14 20 0.035661 0.005662 465.99 258.75
E 14 21 0.035758 0.005597 484.29 7.45
E 14 22 0.041900 0.005003 433.41 250.21
E 14 23 0.034592 0.006362 481.28 4.83
E 14 25 0.034639 0.004715 462.97 12.70
E 14 26 0.034197 0.003862 466.78 1.44
E 14 27 0.031347 0.004646 437.64 1.65
E 14 29 0.032506 0.004793 453.78 226.91
E 14 30 0.026632 0.001691 384.80 1.44
E 14 31 0.023118 0.003402 367.26 403.79
E 14 32 0.028623 0.003888 415.06 61.67
E 14 34 0.036716 0.005887 532.46 258.06
E 14 37 0.031033 0.004442 442.93 95.23
E 14 40 0.036608 0.003678 497.30 355.08
E 14 41 0.032142 0.005335 481.87 63.87
E 14 44 0.028373 0.004332 413.98 0.33
E 14 47 0.040543 0.000452 444.75 339.98
E 14 48 0.032087 0.005440 440.80 13.40
E 14 50 0.029007 0.003907 433.99 41.28
E 14 51 0.032924 0.004255 486.67 397.93
E 14 52 0.031738 0.003893 473.20 387.90
E 14 54 0.033864 0.003919 475.32 351.42
E 14 55 0.035339 0.006897 481.79 250.42
E 14 57 0.023140 0.002105 367.18 368.58
E 14 58 0.032095 0.005385 454.65 64.99
E 14 60 0.032201 0.005252 466.90 67.46
E 14 62 0.033419 0.004046 493.99 13.38
E 14 63 0.035710 0.004163 471.20 104.42
E 14 64 0.028463 0.004954 416.57 93.11
E 14 65 0.030011 0.006601 435.99 8.04
E 14 68 0.036704 0.004791 467.15 383.28
E 14 69 0.023004 0.002157 361.48 76.43
E 14 70 0.027050 0.003610 400.96 0.10
E 14 71 0.033676 0.006350 489.75 246.61
E 14 72 0.035545 0.010447 468.08 2.42
E 14 73 0.003825 0.000000 420.00 5.34
E 14 74 0.036903 0.005163 516.93 9.01
E 14 76 0.031671 0.004005 417.40 9.43
E 14 77 0.039265 0.006825 554.83 0.35
E 14 78 0.035565 0.004862 513.27 59.77
E 14 79 0.031599 0.004200 442.91 0.21
E 14 80 0.034944 0.011058 495.94 1.03
E 14 81 0.037141 0.005734 504.03 349.45
E 14 82 0.027970 0.004706 392.86 1.09
E 14 83 0.032001 0.004349 479.07 6.41
E 14 85 0.036658 0.007953 497.35 30.42
E 14 86 0.021911 0.001120 2216.00 220.51
E 14 87 0.025585 0.003152 391.75 26.20
E 14 88 0.032024 0.007076 461.72 18.41
E 14 90 0.032124 0.006840 491.19 469.76
E 15 16 0.021633 0.005209 333.37 5.26
E 15 21 0.009970 0.000096 1072.00 1.16
E 15 23 0.035426 0.006065 466.78 58.83
E 15 25 0.037151 0.010515 523.25 1.25
E 15 26 0.035294 0.003713 472.65 2.01
E 15 27 0.023787 0.004348 386.66 1.91
E 15 29 0.031827 0.003888 402.01 5.32
E 15 30 0.035667 0.003703 493.00 4.07
E 15 31 0.024439 0.003307 412.53 5.12
E 15 32 0.027085 0.004169 382.69 3.91
E 15 37 0.031427 0.004894 447.72 4.30
E 15 40 0.037805 0.005224 507.10 4.94
E 15 41 0.029152 0.004047 417.04 3.90
E 15 44 0.030017 0.004814 442.76 6.75
E 15 48 0.023317 0.004208 354.90 0.70
E 15 50 0.023793 0.004486 363.36 6.49
E 15 52 0.031998 0.002394 411.28 5.03
E 15 54 0.035370 0.002120 514.45 4.97
E 15 57 0.025650 0.002171 413.69 0.66
E 15 58 0.023472 0.004236 340.42 3.98
E 15 60 0.023332 0.004080 350.94 4.01
E 15 62 0.023274 0.004250 350.89 1.33
E 15 63 0.036609 0.005070 479.81 4.44
E 15 64 0.026098 0.004170 401.14 4.32
E 15 65 0.032258 0.008296 432.13 2.85
E 15 68 0.037066 0.004212 511.90 5.02
E 15 69 0.026739 0.002592 453.97 4.44
E 15 70 0.028825 0.003499 434.02 6.02
E 15 71 0.032489 0.007035 476.61 5.25
E 15 72 0.007330 0.000768 800.00 3.63
E 15 76 0.023274 0.004250 346.85 4.05
E 15 77 0.009314 0.000960 1048.00 2.36
E 15 78 0.022406 0.006436 391.86 3.54
E 15 80 0.020455 0.006106 353.41 3.38
E 15 81 0.037382 0.005642 501.08 4.85
E 15 82 0.023495 0.004014 377.30 2.10
E 15 83 0.023298 0.004188 358.98 0.61
E 15 87 0.028764 0.005758 412.77 0.61
E 15 88 0.033146 0.006513 451.58 0.27
E 15 90 0.028897 0.005088 427.07 2.55
E 16 21 0.029976 0.006008 460.33 6.26
E 16 23 0.034313 0.006525 471.68 0.25
E 16 25 0.028145 0.005358 424.27 17.36
E 16 26 0.036607 0.006564 491.86 1.71
E 16 27 0.022647 0.003566 344.90 142.88
E 16 29 0.032104 0.006132 462.85 0.00
E 16 30 0.036267 0.006825 477.54 1.03
E 16 42 0.031103 0.006602 437.39 0.31
E 16 44 0.037978 0.007564 538.50 39.23
E 16 48 0.019655 0.003569 305.81 140.85
E 16 50 0.022860 0.003915 333.38 0.07
E 16 62 0.019772 0.001858 315.50 3.38
E 16 65 0.036736 0.010534 512.04 0.71
E 16 67 0.036666 0.004846 452.18 0.82
E 16 70 0.031954 0.007663 476.30 282.78
E 16 72 0.028098 0.005273 412.88 57.31
E 16 73 0.030577 0.006742 435.58 3.53
E 16 74 0.036663 0.007001 519.84 0.86
E 16 76 0.022096 0.002872 353.67 13.03
E 16 77 0.039715 0.006656 511.87 2.30
E 16 78 0.018007 0.001772 272.98 0.08
E 16 79 0.035491 0.008751 465.19 38.14
E 16 80 0.017907 0.001727 289.23 26.90
E 16 82 0.020812 0.002120 309.77 244.99
E 16 83 0.020474 0.002173 319.95 6.34
E 16 85 0.029527 0.005773 421.10 14.82
E 16 86 0.030593 0.006764 478.93 1.91
E 16 87 0.005122 0.000224 524.00 2.35
E 16 90 0.031475 0.006688 444.64 0.34
E 17 18 0.030928 0.002574 461.19 0.18
E 17 21 0.033283 0.004193 483.25 9.88
E 17 22 0.030922 0.002594 441.97 0.04
E 17 23 0.030507 0.002239 476.51 0.31
E 17 24 0.032272 0.003254 446.18 0.89
E 17 25 0.032946 0.003464 477.60 62.59
E 17 26 0.031171 0.002557 441.94 2.15
E 17 29 0.030985 0.002626 452.48 0.00
E 17 30 0.030817 0.002650 456.47 1.62
E 17 33 0.030928 0.002989 452.17 0.21
E 17 35 0.032053 0.003072 482.54 2.33
E 17 36 0.032642 0.003412 476.76 18.78
E 17 38 0.031738 0.003156 451.74 8.78
E 17 39 0.032191 0.003877 458.36 1.18
E 17 42 0.032849 0.003363 484.58 0.21
E 17 43 0.030915 0.005795 450.67 3.89
E 17 44 0.029541 0.002154 460.23 54.03
E 17 53 0.030928 0.002574 442.31 0.10
E 17 56 0.030785 0.002482 442.20 7.72
E 17 57 0.028480 0.001632 426.37 43.38
E 17 65 0.029089 0.003844 440.32 0.20
E 17 67 0.032387 0.004973 448.04 1.69
E 17 69 0.028480 0.001632 426.70 17.93
E 17 70 0.029089 0.001953 424.52 448.64
E 17 72 0.033200 0.003556 448.79 156.94
E 17 74 0.032315 0.002641 475.97 0.62
E 17 75 0.002498 0.000032 196.00 34.90
E 17 77 0.036342 0.005363 484.48 1.50
E 17 79 0.031913 0.003870 464.65 69.57
E 17 84 0.030829 0.003249 445.55 5.20
E 17 86 0.032940 0.004633 465.20 2.84
E 17 87 0.029016 0.001884 437.36 2.42
E 17 88 0.030694 0.004948 444.12 2.48
E 17 90 0.030976 0.006226 468.92 0.05
E 18 21 0.032286 0.001997 457.57 0.37
E 18 22 0.027912 0.001581 403.18 0.18
E 18 23 0.030663 0.002580 463.46 1.24
E 18 24 0.027346 0.001005 410.72 0.96
E 18 25 0.035527 0.002186 475.42 2.78
E 18 26 0.030824 0.002394 453.26 3.14
E 18 27 0.034098 0.003101 446.51 8.80
E 18 29 0.031033 0.002433 439.83 0.40
E 18 30 0.027192 0.001718 415.48 0.61
E 18 31 0.030861 0.002714 439.55 0.17
E 18 33 0.029317 0.003256 436.23 0.72
E 18 35 0.027311 0.001671 430.58 1.05
E 18 36 0.027364 0.002309 398.26 2.05
E 18 37 0.035242 0.005554 415.87 0.16
E 18 38 0.027130 0.001417 395.77 4.01
E 18 39 0.027337 0.003038 408.09 14.25
E 18 40 0.032123 0.001325 462.17 0.18
E 18 41 0.030697 0.001129 452.46 0.52
E 18 42 0.030959 0.001441 435.51 0.32
E 18 43 0.031231 0.006462 441.62 0.39
E 18 44 0.031703 0.008098 469.99 2.77
E 18 46 0.027202 0.001595 398.72 0.20
E 18 48 0.029390 0.003460 404.81 2.23
E 18 49 0.027202 0.003866 399.73 0.20
E 18 50 0.033855 0.001454 449.00 0.24
E 18 51 0.030696 0.003177 419.85 0.17
E 18 52 0.035171 0.002714 541.69 0.17
E 18 53 0.028827 0.003615 406.65 0.81
E 18 54 0.029504 0.001977 447.58 0.18
E 18 56 0.027350 0.001863 404.39 27.96
E 18 57 0.028543 0.001639 441.68 1.74
E 18 59 0.032871 0.006146 471.91 0.18
E 18 61 0.029266 0.002232 446.51 0.18
E 18 63 0.032755 0.003453 445.41 0.19
E 18 64 0.035284 0.004240 550.11 0.19
E 18 65 0.044866 0.010261 738.08 0.39
E 18 66 0.031482 0.002692 444.32 0.18
E 18 67 0.032382 0.005083 454.16 2.51
E 18 68 0.034210 0.004127 487.38 0.17
E 18 69 0.029246 0.001781 434.13 0.18
E 18 72 0.037940 0.004974 554.48 1.62
E 18 74 0.032172 0.002090 459.60 0.82
E 18 75 0.026924 0.001109 420.74 8.46
E 18 77 0.035585 0.004271 478.59 1.40
E 18 79 0.032429 0.004359 463.45 3.29
E 18 81 0.035387 0.005102 478.97 0.18
E 18 84 0.027234 0.003279 402.42 1.04
E 18 86 0.029688 0.001018 360.45 0.54
E 18 87 0.029872 0.003485 447.58 0.87
E 18 88 0.030907 0.005203 459.75 4.29
E 18 89 0.027072 0.002266 390.02 0.78
E 19 21 0.024237 0.003637 375.68 6.24
E 19 23 0.034201 0.006420 481.99 0.25
E 19 25 0.024538 0.003464 374.44 16.87
E 19 26 0.036887 0.003211 527.34 1.71
E 19 27 0.032784 0.004600 461.28 146.52
E 19 29 0.032613 0.005509 448.97 0.00
E 19 30 0.036267 0.004652 472.35 1.02
E 19 42 0.025811 0.003649 391.10 0.29
E 19 44 0.039057 0.007377 592.77 40.50
E 19 65 0.005698 0.000544 596.00 0.72
E 19 67 0.035206 0.005970 445.36 4.80
E 19 70 0.036659 0.006262 516.02 296.75
E 19 72 0.024960 0.003908 380.09 55.53
E 19 73 0.023629 0.004519 349.69 3.53
E 19 74 0.034410 0.003510 458.88 0.89
E 19 77 0.036672 0.005371 510.84 2.36
E 19 78 0.018156 0.000000 349.30 0.08
E 19 79 0.035491 0.007734 540.28 40.36
E 19 85 0.024298 0.003740 368.29 14.68
E 19 86 0.027144 0.004313 429.71 1.94
E 19 90 0.030565 0.006493 433.56 0.34
E 20 21 0.023705 0.002887 358.42 6.23
E 20 23 0.034495 0.006677 491.11 0.25
E 20 25 0.024593 0.003029 383.51 16.86
E 20 26 0.036888 0.003211 518.90 1.71
E 20 27 0.034098 0.003101 486.74 146.06
E 20 29 0.032596 0.005860 484.41 0.00
E 20 30 0.036267 0.003415 466.56 1.02
E 20 42 0.025800 0.003213 385.56 0.30
E 20 44 0.039057 0.007377 527.79 40.12
E 20 65 0.005698 0.000544 596.00 0.72
E 20 67 0.031362 0.004206 426.96 0.82
E 20 70 0.036658 0.005276 519.80 292.61
E 20 72 0.024995 0.002862 385.81 55.16
E 20 73 0.023005 0.004431 353.91 3.53
E 20 74 0.032419 0.002992 482.62 0.90
E 20 77 0.036608 0.005283 484.26 2.39
E 20 79 0.035491 0.003467 512.34 39.10
E 20 85 0.023263 0.002710 367.27 14.60
E 20 86 0.027176 0.004341 393.98 1.93
E 20 90 0.030731 0.006387 481.00 0.34
E 21 22 0.032286 0.002849 526.18 12.53
E 21 23 0.032658 0.004438 473.02 4.30
E 21 24 0.033756 0.001726 470.69 3.18
E 21 25 0.024878 0.001388 392.01 0.67
E 21 26 0.036639 0.003053 487.54 1.65
E 21 27 0.034096 0.003101 485.77 5.25
E 21 29 0.031674 0.004064 437.63 6.23
E 21 30 0.036266 0.003415 486.37 0.40
E 21 31 0.032286 0.001997 497.02 9.26
E 21 32 0.009970 0.000096 1072.00 11.15
E 21 33 0.035565 0.004636 476.04 2.08
E 21 34 0.024683 0.002566 381.86 6.20
E 21 35 0.034908 0.002460 444.13 1.71
E 21 36 0.032286 0.004652 463.51 0.73
E 21 37 0.035001 0.005540 527.03 10.08
E 21 38 0.033755 0.002313 440.63 5.89
E 21 39 0.033756 0.002459 477.41 1.42
E 21 40 0.033002 0.002440 487.93 8.36
E 21 41 0.029608 0.002051 410.14 11.07
E 21 42 0.025799 0.001325 396.21 3.02
E 21 43 0.034491 0.006444 500.73 1.51
E 21 44 0.037759 0.006377 482.18 0.40
E 21 47 0.024516 0.000889 376.48 6.24
E 21 48 0.033757 0.002676 411.21 0.98
E 21 50 0.032136 0.001847 480.58 9.55
E 21 51 0.032358 0.002862 464.43 9.14
E 21 52 0.028139 0.002205 407.67 8.95
E 21 53 0.032286 0.003307 543.85 50.01
E 21 54 0.036519 0.001410 554.89 8.25
E 21 55 0.023645 0.002198 359.70 6.20
E 21 56 0.034909 0.002645 515.52 2.81
E 21 57 0.033757 0.001647 491.16 0.43
E 21 58 0.034946 0.001357 511.02 6.41
E 21 59 0.032496 0.007057 442.20 9.97
E 21 60 0.009970 0.000096 1072.00 6.42
E 21 61 0.033474 0.001809 488.25 10.01
E 21 63 0.033192 0.003452 472.00 9.56
E 21 64 0.036713 0.004652 460.76 9.88
E 21 65 0.037488 0.009356 489.43 1.10
E 21 66 0.030808 0.001860 454.24 9.92
E 21 67 0.032272 0.004350 445.39 22.94
E 21 68 0.034036 0.003970 473.89 8.86
E 21 69 0.033757 0.002162 527.10 10.11
E 21 70 0.037064 0.005936 595.35 2.68
E 21 71 0.032433 0.005729 468.88 6.26
E 21 72 0.025008 0.002193 390.04 0.13
E 21 73 0.023560 0.004558 355.47 0.81
E 21 74 0.032666 0.002651 445.07 5.35
E 21 76 0.031422 0.002502 435.22 6.61
E 21 77 0.036676 0.005036 488.78 2.09
E 21 79 0.035488 0.003467 456.65 2.74
E 21 81 0.035351 0.004952 502.75 8.41
E 21 83 0.029519 0.001696 470.29 1.94
E 21 84 0.035228 0.010600 542.95 0.78
E 21 85 0.023261 0.002505 363.53 3.99
E 21 86 0.027251 0.004441 400.61 17.79
E 21 87 0.032287 0.003780 525.09 1.18
E 21 88 0.032807 0.004478 437.31 1.76
E 21 90 0.030424 0.006425 436.85 2.28
E 22 23 0.030535 0.002449 412.97 0.25
E 22 24 0.028002 0.001717 412.64 0.77
E 22 25 0.035526 0.002621 492.55 62.92
E 22 26 0.030824 0.002394 440.99 2.22
E 22 27 0.036019 0.005427 497.16 120.67
E 22 29 0.031007 0.002613 439.72 0.01
E 22 30 0.027674 0.001744 421.16 1.45
E 22 31 0.031150 0.003053 517.63 0.05
E 22 33 0.029612 0.003440 438.79 0.15
E 22 35 0.027934 0.001666 423.65 2.23
E 22 36 0.028368 0.002879 424.90 20.03
E 22 37 0.034808 0.005020 491.19 0.03
E 22 38 0.028060 0.001905 438.15 7.08
E 22 39 0.027989 0.003038 409.07 1.06
E 22 40 0.032302 0.001779 472.49 0.04
E 22 41 0.030714 0.001173 450.48 0.01
E 22 42 0.032005 0.002621 506.95 0.03
E 22 43 0.031241 0.006630 448.87 2.57
E 22 44 0.031961 0.007937 460.76 53.14
E 22 46 0.028117 0.001964 435.96 0.02
E 22 48 0.031307 0.002676 411.98 127.52
E 22 49 0.028053 0.003826 398.03 0.02
E 22 50 0.031414 0.001572 439.67 0.03
E 22 51 0.030720 0.003093 438.09 0.05
E 22 52 0.035171 0.003002 477.03 0.05
E 22 53 0.028805 0.003492 429.73 0.11
E 22 54 0.029718 0.001963 423.13 0.04
E 22 56 0.027888 0.001909 397.30 7.52
E 22 57 0.031043 0.002621 458.19 40.98
E 22 59 0.032872 0.006146 458.92 0.04
E 22 61 0.029208 0.002193 422.26 0.04
E 22 63 0.033025 0.003567 468.14 0.03
E 22 64 0.036938 0.005597 565.58 0.03
E 22 65 0.043061 0.010660 590.12 0.19
E 22 66 0.031535 0.002726 448.10 0.04
E 22 67 0.032523 0.004969 451.99 4.21
E 22 68 0.034540 0.004350 449.36 0.05
E 22 69 0.031043 0.002621 532.98 0.03
E 22 70 0.039751 0.005314 748.92 276.99
E 22 72 0.037940 0.004974 500.01 142.60
E 22 74 0.032212 0.002139 486.88 0.48
E 22 75 0.027029 0.001517 408.44 60.89
E 22 77 0.035585 0.004271 475.62 1.46
E 22 79 0.032557 0.004404 462.58 45.30
E 22 81 0.035576 0.005363 493.72 0.04
E 22 84 0.027914 0.003329 405.11 4.81
E 22 86 0.008210 0.000288 852.00 2.59
E 22 87 0.031043 0.003484 469.95 1.68
E 22 88 0.030917 0.005208 467.69 1.50
E 22 89 0.026989 0.002184 403.72 0.01
E 23 25 0.032691 0.004372 425.48 86.05
E 23 26 0.033034 0.005233 476.90 0.64
E 23 27 0.036018 0.006784 472.17 14.58
E 23 29 0.032447 0.004230 457.46 0.13
E 23 30 0.035423 0.006026 492.74 0.27
E 23 31 0.039673 0.006708 452.07 0.31
E 23 32 0.032594 0.004590 447.00 0.49
E 23 33 0.030663 0.002580 415.28 0.44
E 23 34 0.032622 0.004789 446.69 0.25
E 23 37 0.033087 0.004685 491.22 0.21
E 23 40 0.032807 0.003999 464.83 0.29
E 23 41 0.032559 0.004609 452.95 0.44
E 23 42 0.031199 0.003222 421.35 0.28
E 23 43 0.030654 0.006679 430.18 6.25
E 23 44 0.033198 0.004506 482.19 9.95
E 23 47 0.033191 0.005223 493.23 0.28
E 23 48 0.040569 0.007434 487.77 584.16
E 23 50 0.035534 0.006445 532.07 0.32
E 23 51 0.030635 0.003705 456.96 0.31
E 23 52 0.033509 0.004054 462.27 0.31
E 23 53 0.030663 0.002580 435.10 0.09
E 23 54 0.031324 0.003327 448.57 0.29
E 23 55 0.032714 0.006053 438.76 0.25
E 23 56 0.030156 0.002105 437.79 4.45
E 23 58 0.035497 0.005914 447.36 0.43
E 23 59 0.033501 0.007862 474.16 0.39
E 23 60 0.035497 0.005914 527.35 0.39
E 23 61 0.030635 0.002433 426.86 0.46
E 23 62 0.034980 0.005840 477.56 22.74
E 23 63 0.033164 0.003991 472.91 0.30
E 23 64 0.033058 0.004469 465.69 0.30
E 23 65 0.032462 0.006556 480.60 0.73
E 23 66 0.030721 0.002437 447.15 0.34
E 23 67 0.031469 0.003545 459.11 0.36
E 23 68 0.033513 0.004607 467.43 0.30
E 23 70 0.032955 0.004536 444.30 5.23
E 23 71 0.032942 0.006903 483.77 0.25
E 23 72 0.032572 0.004895 470.81 6.75
E 23 73 0.034378 0.006134 445.96 2.56
E 23 74 0.031920 0.003584 468.33 0.14
E 23 76 0.034855 0.005658 476.41 6.93
E 23 77 0.036807 0.005528 485.60 0.97
E 23 78 0.034421 0.005809 462.70 0.34
E 23 79 0.032755 0.004137 455.70 3.49
E 23 80 0.031354 0.004469 452.41 4.50
E 23 81 0.034843 0.005164 476.59 0.21
E 23 82 0.037542 0.007605 529.31 54.51
E 23 83 0.036821 0.006581 482.56 4.05
E 23 85 0.033735 0.006345 490.98 686.58
E 23 86 0.031951 0.003588 465.46 2.95
E 23 87 0.032836 0.003580 457.09 7.48
E 23 88 0.032835 0.005469 476.07 14.02
E 23 90 0.032686 0.006471 456.94 0.20
E 24 25 0.035528 0.002186 434.41 0.86
E 24 26 0.029735 0.002041 419.27 0.53
E 24 27 0.034436 0.002657 471.17 3.30
E 24 30 0.034853 0.003500 479.74 0.48
E 24 31 0.032291 0.002976 431.65 0.81
E 24 33 0.029054 0.003147 428.51 0.20
E 24 35 0.021382 0.001262 363.80 0.52
E 24 36 0.024064 0.001611 381.53 3.30
E 24 37 0.038507 0.009667 611.56 1.93
E 24 38 0.021276 0.001549 333.40 0.15
E 24 39 0.023107 0.003770 353.38 0.22
E 24 40 0.037402 0.001696 567.30 0.94
E 24 41 0.032136 0.001569 429.17 0.59
E 24 42 0.032004 0.001696 459.48 1.65
E 24 43 0.031032 0.005958 445.65 1.57
E 24 46 0.022839 0.001513 352.81 1.63
E 24 48 0.028669 0.002277 442.74 0.96
E 24 49 0.024528 0.003378 370.06 1.63
E 24 50 0.035200 0.002657 459.11 1.91
E 24 51 0.030623 0.003184 451.36 0.81
E 24 52 0.035825 0.003698 460.41 0.83
E 24 53 0.028397 0.002928 405.67 0.41
E 24 54 0.029043 0.001926 425.67 0.94
E 24 56 0.025347 0.001941 398.22 2.27
E 24 57 0.028726 0.002277 406.43 1.47
E 24 59 0.032452 0.005700 460.39 0.88
E 24 61 0.029215 0.002307 409.77 0.88
E 24 63 0.039637 0.005088 637.59 1.64
E 24 64 0.032401 0.002657 483.11 1.98
E 24 65 0.044867 0.010261 729.41 0.56
E 24 66 0.032516 0.002701 444.36 0.88
E 24 67 0.032266 0.004862 444.30 0.97
E 24 68 0.039286 0.006445 539.05 0.84
E 24 69 0.030704 0.002277 527.47 1.52
E 24 72 0.037940 0.004974 555.27 1.21
E 24 74 0.034518 0.003113 476.01 0.19
E 24 75 0.020236 0.000659 337.44 18.18
E 24 77 0.045232 0.008649 578.16 0.26
E 24 79 0.033807 0.004158 464.97 1.80
E 24 81 0.038010 0.001639 477.79 0.95
E 24 84 0.024616 0.002598 400.28 5.88
E 24 86 0.008210 0.000288 852.00 18.21
E 24 87 0.030230 0.002657 533.83 2.33
E 24 88 0.033671 0.002714 458.32 2.33
E 24 89 0.023125 0.002548 379.92 5.99
E 25 26 0.036939 0.003663 502.82 0.70
E 25 27 0.032880 0.004330 465.21 0.40
E 25 29 0.031685 0.003966 415.90 64.09
E 25 30 0.036266 0.003505 467.65 4.16
E 25 31 0.034705 0.003347 528.11 57.23
E 25 32 0.032487 0.002956 497.31 62.53
E 25 33 0.039097 0.008225 483.30 24.52
E 25 34 0.024714 0.002622 390.46 63.99
E 25 35 0.037051 0.003279 487.86 5.87
E 25 36 0.035527 0.004651 553.51 0.07
E 25 37 0.034710 0.005003 529.73 56.02
E 25 38 0.035527 0.002185 523.51 1.60
E 25 39 0.035528 0.002940 517.76 3.78
E 25 40 0.032751 0.002268 460.70 53.24
E 25 41 0.029478 0.001665 442.39 62.14
E 25 42 0.025831 0.001590 390.28 11.99
E 25 43 0.035528 0.006445 470.33 2.39
E 25 44 0.037758 0.006377 475.74 5.61
E 25 47 0.029376 0.003938 429.18 68.12
E 25 48 0.035528 0.002676 449.20 1.69
E 25 50 0.035527 0.002186 468.48 73.66
E 25 51 0.032357 0.002862 437.32 56.77
E 25 52 0.028386 0.002287 433.91 55.62
E 25 53 0.035527 0.005378 573.17 5.24
E 25 54 0.036339 0.003467 502.05 53.53
E 25 55 0.024484 0.002165 374.28 63.77
E 25 56 0.037052 0.002645 546.69 5.90
E 25 57 0.035528 0.002186 463.87 0.06
E 25 58 0.035530 0.005088 519.09 63.09
E 25 59 0.032046 0.004910 460.17 62.85
E 25 60 0.035530 0.002186 551.25 63.14
E 25 61 0.035529 0.002676 455.09 63.01
E 25 62 0.038338 0.007055 464.64 4.45
E 25 63 0.033075 0.003342 448.21 54.84
E 25 64 0.036708 0.007089 498.66 56.36
E 25 65 0.037226 0.008689 450.49 10.26
E 25 66 0.031295 0.002354 453.97 62.71
E 25 67 0.035206 0.005970 489.47 2.94
E 25 68 0.034067 0.003871 479.60 55.27
E 25 69 0.035528 0.002186 470.08 59.80
E 25 70 0.037064 0.005936 484.12 6.93
E 25 71 0.032476 0.005707 460.32 62.90
E 25 72 0.024654 0.001995 401.34 4.13
E 25 73 0.024081 0.004544 384.37 0.35
E 25 74 0.032321 0.002389 473.64 10.00
E 25 76 0.033820 0.005714 469.48 0.96
E 25 77 0.036731 0.005196 496.60 3.37
E 25 79 0.035480 0.003674 516.63 2.98
E 25 81 0.037614 0.005936 499.79 53.86
E 25 83 0.035624 0.003166 412.39 0.10
E 25 84 0.038337 0.010600 606.82 0.16
E 25 85 0.023840 0.002484 356.40 0.71
E 25 86 0.027250 0.004465 399.09 0.21
E 25 87 0.035527 0.004240 497.36 0.58
E 25 88 0.034705 0.004477 534.85 0.71
E 25 90 0.030419 0.006599 441.33 42.26
E 26 27 0.036062 0.004719 476.31 1.41
E 26 29 0.032191 0.004083 484.65 1.74
E 26 30 0.031407 0.002532 465.41 0.24
E 26 31 0.034386 0.003305 485.24 2.15
E 26 32 0.035894 0.004161 492.23 2.22
E 26 33 0.030784 0.002367 438.95 1.04
E 26 34 0.036888 0.003588 513.10 1.70
E 26 35 0.028743 0.001938 422.28 2.57
E 26 36 0.031173 0.002522 476.28 0.80
E 26 37 0.034443 0.005178 468.56 2.10
E 26 38 0.029578 0.002435 420.49 0.55
E 26 39 0.029604 0.002793 450.67 1.07
E 26 40 0.033144 0.002489 454.77 2.02
E 26 41 0.030835 0.002338 437.78 2.21
E 26 42 0.032296 0.002631 425.14 3.84
E 26 43 0.030816 0.006428 465.90 2.49
E 26 44 0.031431 0.004226 444.67 1.58
E 26 46 0.028902 0.002195 431.63 2.32
E 26 47 0.037003 0.003028 523.82 1.66
E 26 48 0.004418 0.000032 436.00 0.75
E 26 49 0.028940 0.004293 425.63 2.31
E 26 50 0.037048 0.002578 519.43 1.72
E 26 51 0.030872 0.003361 446.57 2.13
E 26 52 0.036164 0.003486 487.25 2.11
E 26 53 0.030824 0.003279 440.28 0.44
E 26 54 0.030951 0.002294 451.66 2.01
E 26 55 0.037246 0.003477 510.56 1.70
E 26 56 0.029941 0.002310 426.58 1.20
E 26 57 0.034916 0.003404 473.49 0.69
E 26 59 0.032970 0.006222 475.07 2.17
E 26 61 0.030800 0.002390 441.92 2.19
E 26 63 0.033210 0.003447 485.12 2.06
E 26 64 0.036430 0.006935 509.94 2.10
E 26 65 0.034288 0.007862 493.80 0.40
E 26 66 0.031594 0.002606 444.70 2.16
E 26 67 0.032361 0.004056 437.42 1.96
E 26 68 0.034426 0.004463 457.74 2.10
E 26 69 0.034580 0.003339 487.71 2.28
E 26 70 0.034324 0.003439 497.56 1.19
E 26 71 0.036607 0.006427 488.02 1.71
E 26 72 0.036494 0.005682 496.15 0.61
E 26 73 0.037691 0.003934 469.87 0.47
E 26 74 0.031885 0.002452 464.51 0.62
E 26 75 0.027831 0.001806 381.36 1.18
E 26 77 0.035853 0.004776 480.00 1.28
E 26 79 0.032180 0.004136 463.45 2.44
E 26 80 0.004081 0.000000 452.00 2.22
E 26 81 0.035238 0.004862 504.67 2.04
E 26 84 0.030117 0.002319 436.91 1.07
E 26 85 0.036954 0.006671 493.30 1.13
E 26 86 0.032592 0.002855 474.82 0.71
E 26 87 0.033975 0.005597 476.94 2.38
E 26 88 0.031320 0.005834 459.08 1.79
E 26 89 0.029065 0.002082 420.84 4.86
E 26 90 0.036417 0.007445 533.44 17.22
E 27 29 0.032536 0.005066 522.48 148.90
E 27 30 0.035539 0.004719 481.48 274.22
E 27 31 0.030604 0.003764 453.68 126.65
E 27 32 0.027264 0.004061 423.11 64.05
E 27 33 0.034140 0.003787 466.27 7.65
E 27 34 0.034098 0.007361 435.96 147.06
E 27 35 0.008306 0.000288 864.00 0.63
E 27 36 0.035397 0.004652 447.66 0.21
E 27 37 0.031349 0.004605 447.84 87.33
E 27 38 0.034434 0.002313 508.17 13.42
E 27 39 0.034436 0.000678 574.18 1.26
E 27 40 0.039249 0.005020 478.76 117.13
E 27 41 0.032261 0.003857 468.97 65.44
E 27 43 0.019525 0.003648 2092.00 2.78
E 27 44 0.030122 0.004798 469.10 30.51
E 27 48 0.023388 0.003467 363.15 0.06
E 27 50 0.024506 0.002386 386.98 77.40
E 27 51 0.034583 0.004961 459.52 125.72
E 27 52 0.031710 0.005560 478.61 121.97
E 27 53 0.034720 0.004579 550.88 2.56
E 27 54 0.035129 0.005037 495.18 118.43
E 27 55 0.034030 0.004579 480.72 145.40
E 27 56 0.008402 0.000576 876.00 0.15
E 27 57 0.032263 0.003944 477.88 0.59
E 27 58 0.023076 0.004280 361.67 61.53
E 27 60 0.023149 0.002172 343.50 61.08
E 27 62 0.022453 0.001907 333.44 4.08
E 27 63 0.038093 0.005966 502.45 93.69
E 27 64 0.026449 0.004223 411.51 86.18
E 27 65 0.032767 0.007446 439.84 14.47
E 27 68 0.038133 0.005011 501.16 121.40
E 27 69 0.032390 0.004184 460.10 114.12
E 27 70 0.029301 0.003824 435.65 0.38
E 27 71 0.032178 0.006755 441.05 142.31
E 27 72 0.034097 0.008819 452.98 246.61
E 27 74 0.037044 0.003101 524.44 4.08
E 27 76 0.022326 0.001931 324.96 0.59
E 27 77 0.040022 0.007163 565.33 0.21
E 27 78 0.017513 0.001165 292.69 9.12
E 27 79 0.035453 0.005070 493.34 3.99
E 27 80 0.017532 0.001781 276.85 0.20
E 27 81 0.037908 0.005867 494.87 119.27
E 27 82 0.023644 0.003789 345.91 0.03
E 27 83 0.022147 0.001753 340.42 0.63
E 27 87 0.029662 0.004787 446.75 1.80
E 27 88 0.034119 0.006646 457.44 3.12
E 27 90 0.032105 0.008098 464.12 145.74
E 29 30 0.034939 0.006061 467.12 1.07
E 29 31 0.034436 0.003308 549.52 0.00
E 29 32 0.031138 0.004357 428.12 0.00
E 29 33 0.031032 0.002433 462.74 0.30
E 29 34 0.031799 0.004301 440.46 0.00
E 29 37 0.031688 0.004349 490.43 0.00
E 29 40 0.032470 0.003609 466.12 0.00
E 29 41 0.031224 0.003096 429.63 0.00
E 29 42 0.031878 0.003654 466.20 0.35
E 29 43 0.031032 0.005183 469.13 1.18
E 29 44 0.032023 0.003939 459.31 38.41
E 29 47 0.033531 0.006360 477.65 0.00
E 29 48 0.032739 0.003176 534.57 144.02
E 29 50 0.031735 0.003760 444.84 0.06
E 29 51 0.031031 0.003536 454.33 0.00
E 29 52 0.031177 0.003313 435.19 0.00
E 29 53 0.031033 0.002433 436.63 0.11
E 29 54 0.031875 0.003740 434.26 0.00
E 29 55 0.032227 0.005657 470.66 0.00
E 29 58 0.031752 0.004690 486.03 0.00
E 29 59 0.032908 0.008372 418.75 0.00
E 29 60 0.031752 0.004132 433.98 0.00
E 29 61 0.031031 0.002433 426.16 0.00
E 29 62 0.031751 0.004132 446.59 17.48
E 29 63 0.032883 0.003609 469.62 0.00
E 29 64 0.031751 0.003725 465.47 0.00
E 29 65 0.031742 0.006975 449.26 0.48
E 29 66 0.031031 0.002433 431.72 0.00
E 29 67 0.031032 0.003174 459.48 0.39
E 29 68 0.033733 0.003678 470.36 0.00
E 29 70 0.031838 0.004009 460.73 248.66
E 29 71 0.032944 0.006879 448.55 0.00
E 29 72 0.031870 0.004112 483.37 57.04
E 29 73 0.034127 0.006445 450.59 3.56
E 29 74 0.032010 0.003468 494.54 0.36
E 29 76 0.032358 0.004681 443.16 27.05
E 29 77 0.036731 0.005542 500.45 2.33
E 29 78 0.032163 0.004839 474.89 0.05
E 29 79 0.031872 0.003655 465.42 37.98
E 29 80 0.031655 0.005020 489.41 7.81
E 29 81 0.034906 0.005184 482.71 0.00
E 29 82 0.031281 0.003127 427.85 228.20
E 29 83 0.032442 0.004950 474.05 6.34
E 29 85 0.032235 0.005616 471.34 15.12
E 29 86 0.031716 0.004063 480.66 1.90
E 29 87 0.031533 0.003113 457.05 2.27
E 29 88 0.031405 0.005686 478.23 2.72
E 29 90 0.031790 0.006549 444.39 0.34
E 30 31 0.026224 0.003744 397.48 1.56
E 30 32 0.035363 0.004167 490.50 1.81
E 30 33 0.028154 0.002491 432.90 0.87
E 30 34 0.037339 0.004070 512.20 1.01
E 30 35 0.036008 0.003928 527.02 1.66
E 30 36 0.035083 0.003133 509.83 9.84
E 30 37 0.033162 0.004965 466.09 1.62
E 30 38 0.038821 0.003562 533.63 1.65
E 30 39 0.036008 0.003928 509.85 1.39
E 30 40 0.037526 0.004276 484.95 1.40
E 30 41 0.033449 0.003013 495.25 1.79
E 30 42 0.037176 0.003989 523.89 2.90
E 30 43 0.030826 0.005737 435.09 26.12
E 30 44 0.027790 0.004045 414.79 1.80
E 30 46 0.033811 0.002688 501.99 1.87
E 30 47 0.038821 0.003562 545.86 0.97
E 30 48 0.038199 0.002806 525.22 7.55
E 30 49 0.033917 0.002374 454.81 1.86
E 30 50 0.038821 0.003562 521.15 1.37
E 30 51 0.033639 0.003384 462.84 1.54
E 30 52 0.036426 0.003289 462.85 1.51
E 30 53 0.028051 0.003098 418.31 1.05
E 30 54 0.030308 0.002137 442.72 1.39
E 30 55 0.037585 0.003424 549.22 1.01
E 30 56 0.031360 0.002231 471.96 12.63
E 30 57 0.025907 0.001558 395.28 4.17
E 30 59 0.033417 0.004388 496.53 1.64
E 30 61 0.033304 0.002704 451.93 1.65
E 30 63 0.036389 0.005367 477.59 1.55
E 30 64 0.036186 0.006935 476.02 1.60
E 30 65 0.032934 0.007545 457.30 0.75
E 30 66 0.034211 0.002919 451.78 1.63
E 30 67 0.035662 0.005845 498.39 1.61
E 30 68 0.038600 0.006784 524.34 1.49
E 30 69 0.025224 0.001340 384.97 1.70
E 30 70 0.032881 0.003361 470.44 1.89
E 30 71 0.036267 0.003415 479.99 1.03
E 30 72 0.037338 0.006367 497.74 0.99
E 30 73 0.038133 0.002815 538.79 2.22
E 30 74 0.035383 0.003741 487.02 0.89
E 30 76 0.035116 0.000000 517.03 1.67
E 30 77 0.039580 0.005707 483.26 2.29
E 30 79 0.032272 0.004046 463.08 8.22
E 30 81 0.035657 0.005307 497.30 1.40
E 30 83 0.035455 0.000339 406.79 1.78
E 30 84 0.032183 0.006942 447.10 3.84
E 30 85 0.038198 0.006506 451.94 1199.95
E 30 86 0.036284 0.003509 554.83 2.13
E 30 87 0.027341 0.003365 418.73 2.97
E 30 88 0.031608 0.006207 463.04 10.44
E 30 89 0.039186 0.003731 480.57 8.07
E 30 90 0.036266 0.007208 495.16 12.46
E 31 33 0.032490 0.005890 457.24 0.19
E 31 35 0.032291 0.003053 434.15 2.30
E 31 36 0.032165 0.004468 460.60 9.74
E 31 38 0.032501 0.002964 456.10 7.13
E 31 39 0.032945 0.003298 444.49 1.11
E 31 42 0.032140 0.001670 452.58 0.28
E 31 43 0.031170 0.004667 496.99 1.73
E 31 44 0.027027 0.003644 421.03 51.70
E 31 48 0.033033 0.004383 524.30 109.51
E 31 50 0.028505 0.002637 420.25 0.07
E 31 53 0.031606 0.003244 459.57 0.10
E 31 56 0.032119 0.002846 442.33 4.96
E 31 57 0.024175 0.003655 383.23 35.80
E 31 65 0.030280 0.006086 446.97 0.67
E 31 67 0.033786 0.006473 458.88 6.81
E 31 69 0.023893 0.003664 377.06 170.24
E 31 70 0.025959 0.003016 393.89 430.30
E 31 72 0.037940 0.004974 629.75 138.48
E 31 74 0.036743 0.003927 488.92 0.52
E 31 77 0.039204 0.005347 507.37 1.50
E 31 79 0.032842 0.004665 472.39 49.00
E 31 82 0.024633 0.003646 375.88 198.17
E 31 84 0.032293 0.006590 459.39 3.08
E 31 87 0.025598 0.003197 400.80 2.09
E 31 88 0.032033 0.006475 474.15 2.04
E 32 44 0.028018 0.004572 416.46 27.15
E 32 48 0.027065 0.003875 420.82 51.24
E 32 50 0.027001 0.003719 409.90 0.02
E 32 57 0.025822 0.003643 400.14 17.88
E 32 62 0.026780 0.003649 400.74 1.94
E 32 65 0.030328 0.007369 424.47 0.27
E 32 69 0.026739 0.004387 411.54 40.89
E 32 70 0.027524 0.004500 398.18 75.78
E 32 72 0.007330 0.000768 800.00 46.05
E 32 76 0.026860 0.003750 398.40 7.65
E 32 77 0.034966 0.004770 487.92 4.26
E 32 78 0.025956 0.004163 386.54 0.04
E 32 79 0.030082 0.004892 458.23 6.41
E 32 80 0.007282 0.004960 736.00 8.03
E 32 82 0.026945 0.004001 403.32 70.29
E 32 83 0.027162 0.003929 428.69 13.15
E 32 87 0.027470 0.004457 435.42 1.30
E 32 88 0.031528 0.006464 440.35 1.13
E 32 90 0.028752 0.005591 424.78 0.03
E 33 35 0.028678 0.002782 410.87 0.93
E 33 36 0.029945 0.003888 441.81 6.69
E 33 37 0.035566 0.005020 502.45 0.18
E 33 38 0.028295 0.002817 405.14 2.54
E 33 39 0.028950 0.003090 415.76 0.41
E 33 40 0.032189 0.003123 444.06 0.20
E 33 41 0.030697 0.002504 461.43 0.79
E 33 42 0.032004 0.003392 504.28 0.34
E 33 43 0.031326 0.006805 460.11 1.23
E 33 44 0.032350 0.006584 434.79 5.98
E 33 46 0.028463 0.002673 406.71 0.38
E 33 48 0.037148 0.008084 475.65 14.40
E 33 49 0.028564 0.003866 426.53 0.38
E 33 50 0.035566 0.004636 470.64 0.23
E 33 51 0.030725 0.003591 438.44 0.19
E 33 52 0.035217 0.005112 489.45 0.19
E 33 53 0.029393 0.003676 420.63 0.31
E 33 54 0.029579 0.002723 425.24 0.20
E 33 56 0.028670 0.002535 422.95 2.28
E 33 57 0.033945 0.006369 492.59 6.47
E 33 59 0.032872 0.006146 465.70 0.21
E 33 61 0.029201 0.003500 427.80 0.21
E 33 63 0.032784 0.003412 455.66 0.26
E 33 64 0.035566 0.004817 483.18 0.29
E 33 65 0.043061 0.010660 538.43 0.07
E 33 66 0.031332 0.002943 425.76 0.21
E 33 67 0.032382 0.005083 473.52 4.20
E 33 68 0.034284 0.004015 493.86 0.19
E 33 69 0.035888 0.007995 468.67 0.11
E 33 70 0.003953 0.000000 436.00 8.18
E 33 72 0.037940 0.004974 534.63 11.63
E 33 74 0.032212 0.002987 453.70 0.25
E 33 75 0.027986 0.002616 422.64 12.81
E 33 77 0.035539 0.004254 491.61 0.64
E 33 79 0.032292 0.004248 452.98 4.62
E 33 81 0.035387 0.005102 500.23 0.13
E 33 84 0.028657 0.003371 451.66 7.80
E 33 86 0.008210 0.000288 852.00 2.59
E 33 87 0.033945 0.006369 517.09 1.43
E 33 88 0.031038 0.005447 467.15 1.05
E 33 89 0.027910 0.002456 437.56 3.01
E 34 42 0.025800 0.002675 406.29 0.32
E 34 44 0.039057 0.008576 545.33 40.00
E 34 67 0.032410 0.004088 459.04 0.82
E 34 70 0.036658 0.006360 461.80 291.47
E 34 72 0.024847 0.002569 395.53 53.29
E 34 73 0.024659 0.004458 362.59 3.53
E 34 74 0.032139 0.002732 464.36 0.96
E 34 77 0.036478 0.005115 500.88 2.49
E 34 79 0.035492 0.008103 559.50 37.50
E 34 80 0.043257 0.009243 537.23 27.19
E 34 85 0.024842 0.002769 358.41 14.38
E 34 86 0.027198 0.004383 403.93 1.92
E 34 90 0.030485 0.006462 434.62 0.34
E 35 36 0.023947 0.001437 357.60 15.56
E 35 37 0.033080 0.001018 402.99 4.26
E 35 38 0.020709 0.001501 337.89 4.87
E 35 39 0.023089 0.003637 354.86 2.87
E 35 40 0.037403 0.004096 452.26 2.49
E 35 41 0.052573 0.002272 5584.00 2.57
E 35 42 0.032157 0.002204 447.25 1.60
E 35 43 0.030840 0.005756 445.88 1.38
E 35 46 0.022834 0.001510 354.76 3.11
E 35 48 0.029348 0.001018 499.92 2.64
E 35 49 0.024493 0.003496 370.62 3.12
E 35 50 0.035200 0.001781 441.88 4.51
E 35 51 0.030650 0.003218 428.93 2.31
E 35 52 0.035826 0.003710 481.31 2.35
E 35 53 0.028209 0.002834 416.10 3.95
E 35 54 0.029004 0.002014 419.11 2.49
E 35 56 0.025360 0.001913 389.01 0.43
E 35 57 0.030026 0.001018 554.22 8.17
E 35 59 0.032424 0.005791 445.85 2.31
E 35 61 0.029306 0.002370 443.54 2.31
E 35 63 0.034776 0.001018 538.35 3.69
E 35 64 0.032402 0.001018 433.46 4.26
E 35 65 0.047496 0.009328 730.74 1.82
E 35 66 0.032184 0.002465 452.13 2.32
E 35 67 0.032451 0.005010 471.31 8.84
E 35 68 0.039288 0.006445 608.73 2.36
E 35 69 0.030366 0.001018 427.56 3.51
E 35 72 0.038844 0.004070 567.42 0.89
E 35 74 0.035398 0.003676 467.43 1.09
E 35 75 0.019435 0.000812 292.83 7.50
E 35 77 0.045233 0.008649 526.76 0.14
E 35 79 0.034343 0.004779 477.27 0.07
E 35 81 0.038011 0.005767 526.98 2.52
E 35 84 0.024691 0.002599 370.17 34.88
E 35 86 0.029349 0.001526 470.96 15.06
E 35 87 0.008306 0.000288 864.00 3.45
E 35 88 0.033672 0.006050 479.02 5.68
E 35 89 0.023033 0.002563 345.88 10.58
E 36 37 0.035241 0.005554 494.31 20.48
E 36 38 0.024251 0.001779 372.22 3.01
E 36 39 0.024005 0.003302 385.07 2.63
E 36 40 0.037680 0.002544 488.66 18.54
E 36 41 0.030519 0.001635 424.15 22.38
E 36 42 0.025823 0.001596 396.38 6.09
E 36 43 0.031182 0.006027 438.51 0.52
E 36 44 0.054789 0.001526 672.12 10.89
E 36 46 0.023664 0.001433 377.97 20.95
E 36 48 0.034208 0.008028 461.69 0.04
E 36 49 0.024478 0.003559 380.43 20.96
E 36 50 0.034209 0.008028 461.68 28.44
E 36 51 0.030706 0.003074 454.23 17.38
E 36 52 0.035217 0.002883 447.49 17.69
E 36 53 0.028029 0.002416 430.94 2.35
E 36 54 0.029808 0.002339 442.20 18.60
E 36 56 0.025342 0.001948 397.30 1.34
E 36 57 0.030898 0.004652 403.13 0.04
E 36 59 0.032385 0.005605 461.17 18.70
E 36 61 0.029098 0.002103 436.19 18.68
E 36 63 0.035740 0.003366 440.97 20.33
E 36 64 0.034504 0.004817 539.20 20.67
E 36 65 0.044499 0.012437 535.27 4.86
E 36 66 0.031285 0.002279 460.27 18.74
E 36 67 0.032361 0.005019 446.93 10.87
E 36 68 0.038843 0.006091 532.79 17.77
E 36 69 0.030898 0.004652 473.39 20.34
E 36 72 0.037940 0.008028 480.22 172.58
E 36 74 0.032086 0.002024 441.86 2.72
E 36 75 0.023145 0.001352 358.49 1.12
E 36 77 0.035486 0.004228 497.06 2.75
E 36 79 0.035177 0.005453 469.04 1.76
E 36 81 0.038674 0.005453 510.26 18.80
E 36 84 0.025078 0.003240 388.32 0.04
E 36 86 0.027351 0.004494 417.34 0.08
E 36 87 0.030898 0.004652 398.03 0.18
E 36 88 0.032245 0.002744 459.13 0.17
E 36 89 0.023126 0.002080 359.73 8.42
E 37 38 0.038505 0.009667 432.31 9.36
E 37 39 0.033080 0.000678 495.82 2.81
E 37 43 0.034494 0.006445 396.07 1.92
E 37 44 0.031074 0.004521 419.48 10.30
E 37 48 0.031123 0.004655 452.66 62.94
E 37 50 0.031162 0.004612 449.55 0.02
E 37 53 0.035241 0.005554 524.80 0.13
E 37 56 0.033081 0.002035 571.08 8.89
E 37 57 0.031177 0.004744 434.32 20.98
E 37 62 0.035745 0.007246 488.72 1.56
E 37 65 0.031145 0.006808 464.29 0.33
E 37 69 0.031276 0.004530 450.88 0.46
E 37 70 0.030921 0.004503 448.00 108.76
E 37 72 0.036302 0.013059 487.80 145.93
E 37 74 0.038887 0.005020 539.07 0.44
E 37 76 0.031312 0.004964 437.12 7.45
E 37 77 0.036247 0.005359 494.85 1.50
E 37 78 0.036182 0.006203 448.66 0.05
E 37 79 0.031684 0.004107 468.44 24.55
E 37 80 0.043256 0.008548 462.60 7.58
E 37 82 0.031185 0.004825 458.42 165.49
E 37 83 0.031270 0.004895 431.43 14.74
E 37 87 0.031159 0.004356 432.13 1.62
E 37 88 0.032020 0.006482 483.15 1.46
E 37 90 0.030853 0.006872 449.52 0.06
E 38 39 0.023123 0.003629 370.92 0.23
E 38 40 0.037402 0.002012 513.58 7.80
E 38 42 0.032004 0.002012 517.56 7.71
E 38 43 0.030543 0.006253 457.84 7.83
E 38 48 0.030025 0.002120 451.26 17.30
E 38 50 0.033854 0.002313 460.62 11.68
E 38 51 0.030540 0.002854 460.14 7.11
E 38 52 0.035824 0.003698 518.94 7.24
E 38 53 0.028018 0.002477 414.81 0.70
E 38 54 0.029097 0.002165 408.05 7.87
E 38 56 0.025328 0.001965 391.21 9.65
E 38 57 0.028725 0.002120 432.91 1.46
E 38 59 0.031380 0.004193 415.42 8.71
E 38 61 0.028929 0.002137 421.70 8.69
E 38 63 0.038336 0.003816 548.26 9.43
E 38 64 0.035113 0.002714 414.10 9.20
E 38 65 0.044865 0.010261 535.22 3.09
E 38 66 0.032015 0.002429 464.46 8.74
E 38 67 0.032779 0.006245 420.48 3.10
E 38 68 0.039286 0.006445 492.79 7.29
E 38 69 0.030703 0.002120 436.58 7.46
E 38 72 0.037940 0.004974 479.73 1.23
E 38 74 0.036292 0.003097 517.13 2.70
E 38 75 0.018575 0.001582 297.21 10.08
E 38 77 0.045232 0.008649 563.73 0.80
E 38 79 0.035354 0.003585 516.84 9.78
E 38 81 0.038009 0.002012 465.23 7.80
E 38 84 0.024543 0.002601 369.68 2.50
E 38 86 0.002929 0.000000 308.00 5.47
E 38 87 0.030987 0.003166 546.38 9.30
E 38 88 0.033008 0.002239 520.96 7.30
E 38 89 0.023135 0.002758 359.99 12.57
E 39 40 0.037403 0.002646 518.35 1.29
E 39 41 0.030109 0.002374 446.03 24.57
E 39 42 0.032004 0.002646 446.04 2.51
E 39 43 0.030839 0.005756 428.94 7.11
E 39 46 0.023950 0.003645 394.31 2.07
E 39 48 0.029263 0.000678 411.79 3.27
E 39 49 0.024493 0.003738 384.25 2.08
E 39 50 0.035200 0.001781 474.95 2.83
E 39 51 0.030649 0.003218 459.26 1.11
E 39 52 0.035451 0.003053 521.55 1.15
E 39 53 0.028208 0.003090 410.35 0.30
E 39 54 0.028941 0.002911 419.97 1.29
E 39 56 0.025347 0.003455 378.80 0.84
E 39 57 0.029263 0.001356 448.60 1.15
E 39 59 0.032390 0.005639 466.67 1.17
E 39 61 0.029173 0.003491 424.63 1.17
E 39 63 0.039637 0.005088 415.42 2.31
E 39 64 0.032401 0.000678 679.12 2.87
E 39 65 0.043143 0.013681 470.05 1.88
E 39 66 0.031316 0.003709 435.41 1.17
E 39 67 0.032439 0.004929 462.92 0.11
E 39 68 0.039287 0.006445 597.35 1.16
E 39 69 0.030874 0.000933 434.41 2.61
E 39 72 0.038844 0.004070 703.37 0.41
E 39 74 0.032243 0.003033 446.90 0.32
E 39 75 0.021931 0.003557 331.39 4.90
E 39 77 0.045233 0.008649 537.18 0.56
E 39 79 0.034479 0.004837 444.30 1.91
E 39 81 0.038010 0.002646 493.87 1.30
E 39 84 0.024486 0.003323 379.98 5.18
E 39 86 0.008210 0.000288 852.00 3.60
E 39 87 0.031271 0.001582 485.41 6.72
E 39 88 0.033671 0.002714 506.77 4.12
E 39 89 0.023530 0.003350 376.69 4.60
E 40 42 0.031449 0.001035 446.14 0.25
E 40 43 0.032111 0.006140 453.03 4.30
E 40 44 0.033467 0.004045 458.37 46.91
E 40 48 0.039503 0.005806 507.40 108.81
E 40 50 0.039297 0.006388 492.26 0.02
E 40 53 0.031878 0.002399 450.50 0.10
E 40 56 0.031020 0.001855 440.62 8.07
E 40 57 0.039345 0.004765 496.28 36.70
E 40 65 0.033685 0.006298 461.75 0.25
E 40 67 0.032365 0.004575 461.71 14.52
E 40 69 0.038718 0.005363 560.51 42.38
E 40 70 0.033685 0.002563 466.01 378.61
E 40 72 0.032067 0.002040 462.65 115.52
E 40 74 0.032767 0.002309 465.31 0.44
E 40 76 0.042013 0.010572 503.88 9.90
E 40 77 0.036845 0.005685 467.87 1.52
E 40 79 0.033215 0.004156 478.10 53.06
E 40 82 0.041244 0.008843 580.50 198.83
E 40 83 0.041318 0.010612 501.34 18.09
E 40 84 0.037235 0.010600 583.04 5.87
E 40 86 0.031723 0.003583 466.93 2.92
E 40 87 0.033467 0.003043 470.13 1.97
E 40 88 0.033406 0.005514 463.06 2.10
E 40 90 0.032596 0.006737 465.11 0.08
E 41 43 0.030697 0.005966 464.44 5.26
E 41 44 0.031525 0.005664 436.13 26.93
E 41 48 0.029684 0.004070 416.89 52.20
E 41 50 0.029651 0.003865 429.55 0.02
E 41 53 0.030327 0.001774 439.67 0.38
E 41 56 0.030233 0.001554 446.54 21.69
E 41 57 0.028511 0.003718 447.65 18.11
E 41 62 0.029398 0.004176 449.58 1.96
E 41 65 0.033799 0.007847 463.58 0.27
E 41 67 0.031661 0.003431 467.41 1.02
E 41 69 0.026739 0.003295 414.54 41.86
E 41 70 0.031330 0.003700 437.81 78.17
E 41 72 0.029681 0.001715 441.75 47.71
E 41 74 0.031038 0.001612 453.21 1.76
E 41 76 0.029553 0.004311 437.46 7.64
E 41 77 0.036107 0.005593 490.34 3.60
E 41 78 0.025074 0.004163 463.63 0.04
E 41 79 0.030917 0.004040 471.90 6.64
E 41 80 0.025730 0.017525 361.18 8.02
E 41 82 0.029602 0.005671 396.12 156.45
E 41 83 0.029719 0.004455 423.87 13.19
E 41 84 0.030263 0.001190 470.16 6.93
E 41 85 0.030079 0.001313 444.14 23.45
E 41 86 0.030542 0.004908 413.70 3.55
E 41 87 0.031289 0.003905 451.63 1.32
E 41 88 0.033332 0.006648 456.79 1.14
E 41 90 0.030160 0.006199 434.89 0.03
E 42 43 0.032666 0.005573 452.83 1.38
E 42 46 0.026196 0.001671 376.61 0.26
E 42 47 0.028191 0.002872 439.14 0.24
E 42 49 0.026213 0.004093 391.05 0.26
E 42 51 0.030617 0.003550 443.42 0.27
E 42 52 0.027321 0.001743 429.32 0.27
E 42 53 0.032004 0.006299 544.40 0.36
E 42 54 0.036244 0.001418 540.68 0.24
E 42 55 0.025792 0.002364 410.67 0.34
E 42 56 0.032157 0.002069 511.40 9.87
E 42 59 0.032628 0.006198 430.49 0.22
E 42 61 0.028992 0.002079 416.29 0.22
E 42 63 0.032122 0.003291 455.83 0.57
E 42 66 0.031472 0.002405 457.23 0.21
E 42 67 0.031941 0.005094 460.95 1.62
E 42 68 0.034032 0.003977 491.25 0.26
E 42 71 0.032447 0.006070 450.59 0.32
E 42 72 0.025810 0.001964 384.62 11.37
E 42 73 0.025976 0.004585 390.79 1.97
E 42 74 0.032184 0.002101 464.92 0.44
E 42 77 0.035869 0.004773 488.16 4.37
E 42 79 0.035418 0.002837 532.69 11.06
E 42 81 0.035484 0.005088 488.31 0.12
E 42 84 0.033969 0.005062 487.15 2.52
E 42 85 0.025655 0.002447 404.54 7.17
E 42 86 0.027446 0.004283 397.45 1.47
E 42 90 0.030334 0.006629 437.24 0.06
E 43 44 0.030010 0.006036 423.19 5.88
E 43 46 0.031076 0.006056 442.43 4.35
E 43 48 0.034493 0.006445 452.19 1.03
E 43 49 0.030867 0.005906 433.65 4.35
E 43 51 0.030765 0.005357 442.75 4.11
E 43 52 0.035172 0.005445 471.00 4.17
E 43 53 0.031476 0.006883 494.82 1.07
E 43 54 0.031058 0.006515 445.46 4.30
E 43 56 0.031501 0.006980 461.37 14.56
E 43 57 0.034493 0.006445 525.55 1.15
E 43 59 0.032871 0.006146 459.39 3.84
E 43 61 0.030829 0.005542 449.92 3.83
E 43 63 0.032468 0.006128 493.04 4.77
E 43 65 0.047497 0.009328 509.68 4.43
E 43 66 0.031334 0.005720 454.08 3.87
E 43 67 0.032427 0.005726 440.42 2.09
E 43 68 0.034035 0.005882 484.25 4.17
E 43 69 0.034493 0.006445 565.89 4.67
E 43 72 0.037941 0.006444 496.28 4.13
E 43 74 0.032178 0.005882 431.13 4.00
E 43 75 0.030242 0.005586 434.26 1.99
E 43 77 0.035397 0.005738 477.13 4.49
E 43 79 0.032280 0.005673 458.23 4.70
E 43 81 0.035264 0.006062 510.44 4.32
E 43 84 0.031552 0.007176 441.33 0.27
E 43 86 0.036218 0.008226 441.97 0.21
E 43 87 0.034493 0.006445 467.43 0.42
E 43 88 0.030898 0.006062 446.88 184.87
E 43 89 0.030339 0.005610 432.81 5.13
E 44 48 0.031773 0.006249 434.60 4.04
E 44 50 0.028101 0.003881 413.52 24.31
E 44 51 0.033135 0.006484 454.34 51.16
E 44 52 0.034418 0.007274 453.68 50.07
E 44 53 0.036472 0.009271 502.07 31.84
E 44 54 0.029657 0.004227 429.29 46.68
E 44 55 0.039335 0.007538 511.96 39.24
E 44 57 0.027631 0.003607 414.41 9.13
E 44 58 0.033434 0.007123 495.08 26.53
E 44 59 0.033269 0.008537 483.34 54.70
E 44 60 0.033434 0.007123 547.37 26.21
E 44 61 0.029960 0.005789 467.61 55.04
E 44 63 0.033490 0.004125 442.74 25.37
E 44 64 0.027979 0.003971 408.58 25.49
E 44 65 0.030140 0.006778 447.96 7.19
E 44 68 0.033864 0.004263 493.44 49.65
E 44 69 0.027573 0.003736 395.32 16.61
E 44 70 0.028269 0.003980 416.27 0.56
E 44 71 0.038336 0.007259 468.03 38.97
E 44 72 0.039039 0.014779 559.02 2.47
E 44 74 0.037759 0.006377 493.94 5.54
E 44 76 0.037968 0.005879 470.05 8.67
E 44 77 0.035539 0.004283 484.68 2.85
E 44 78 0.038691 0.006476 507.52 24.71
E 44 79 0.031815 0.004225 471.28 5.19
E 44 80 0.039805 0.017525 563.61 3.47
E 44 81 0.035469 0.005491 473.35 46.88
E 44 82 0.027692 0.004251 425.96 17.05
E 44 83 0.036325 0.007074 515.59 4.59
E 44 85 0.039947 0.007887 486.70 5.58
E 44 86 0.002929 0.000000 308.00 2.11
E 44 87 0.028213 0.004546 417.17 3.12
E 44 90 0.037978 0.009497 521.00 19.44
E 46 53 0.027815 0.002434 402.57 0.16
E 46 56 0.025339 0.002005 380.30 8.45
E 46 67 0.031989 0.004675 440.05 1.18
E 46 74 0.031968 0.001970 473.61 1.80
E 46 75 0.022880 0.001491 362.45 30.89
E 46 77 0.034507 0.004330 498.57 1.54
E 46 79 0.034883 0.004731 472.53 124.05
E 46 84 0.025717 0.003519 395.49 5.54
E 46 86 0.027609 0.004827 417.78 3.01
E 47 67 0.032712 0.006982 383.74 24.08
E 47 70 0.012037 0.000256 1156.00 378.31
E 47 72 0.027421 0.004529 400.90 40.20
E 47 73 0.020139 0.004394 339.63 3.80
E 47 74 0.035806 0.002601 476.49 1.41
E 47 77 0.039163 0.004876 534.14 4.57
E 47 79 0.035491 0.003467 481.18 128.81
E 47 85 0.021211 0.002644 331.03 17.00
E 47 86 0.026948 0.003932 388.95 2.08
E 47 90 0.031134 0.006198 451.95 0.39
E 48 50 0.021588 0.003613 332.53 88.15
E 48 51 0.032358 0.002862 418.72 109.58
E 48 52 0.034968 0.002431 562.01 107.48
E 48 53 0.031976 0.003816 500.24 3.05
E 48 54 0.036605 0.002431 446.94 110.51
E 48 56 0.029688 0.002035 472.10 0.75
E 48 57 0.026050 0.003712 380.11 0.27
E 48 58 0.021243 0.004277 328.54 47.55
E 48 60 0.021243 0.003344 351.32 46.53
E 48 62 0.020903 0.003018 328.47 2.91
E 48 63 0.037524 0.004070 493.84 97.32
E 48 64 0.026144 0.004003 387.27 61.96
E 48 65 0.030531 0.006791 437.26 7.08
E 48 68 0.039717 0.006033 487.01 107.77
E 48 69 0.025722 0.004409 391.38 85.70
E 48 70 0.026251 0.003334 403.15 2.16
E 48 71 0.033411 0.007454 483.92 140.43
E 48 72 0.038845 0.004070 637.50 22.44
E 48 74 0.039571 0.002714 585.88 6.30
E 48 76 0.020904 0.002983 350.61 0.31
E 48 77 0.045234 0.008649 523.38 1.01
E 48 78 0.019752 0.003251 331.56 30.49
E 48 79 0.034233 0.002917 533.18 2.18
E 48 80 0.019656 0.003364 299.38 0.50
E 48 81 0.038242 0.006143 497.99 110.88
E 48 82 0.021623 0.003599 344.16 0.04
E 48 83 0.020479 0.002900 315.62 0.14
E 48 87 0.028783 0.003890 410.34 0.49
E 48 88 0.034837 0.006703 484.32 0.64
E 49 53 0.027828 0.003907 415.45 0.16
E 49 56 0.025261 0.003488 390.97 8.45
E 49 67 0.032005 0.004618 466.55 1.16
E 49 74 0.031969 0.003731 444.15 1.73
E 49 75 0.024470 0.003448 370.52 30.92
E 49 77 0.034569 0.004679 464.77 1.53
E 49 79 0.034616 0.004330 480.02 122.93
E 49 84 0.025783 0.003665 394.92 5.55
E 49 86 0.027475 0.004452 412.22 2.99
E 50 51 0.032358 0.002862 446.00 0.02
E 50 52 0.035057 0.002318 510.91 0.02
E 50 53 0.032589 0.001696 549.45 0.15
E 50 54 0.036605 0.001809 511.58 0.02
E 50 55 0.032984 0.001938 469.52 0.01
E 50 56 0.013283 0.000672 1428.00 5.19
E 50 57 0.026537 0.003188 413.61 25.97
E 50 58 0.021188 0.004039 324.20 0.02
E 50 60 0.021046 0.001613 319.07 0.02
E 50 62 0.021091 0.001393 328.57 1.78
E 50 63 0.037470 0.003669 513.32 0.03
E 50 64 0.025954 0.004074 389.24 0.03
E 50 65 0.030652 0.006601 446.45 0.21
E 50 68 0.039717 0.006033 493.60 0.02
E 50 69 0.028561 0.002416 447.34 0.02
E 50 70 0.026660 0.002343 402.00 48.69
E 50 71 0.031686 0.004636 483.27 0.01
E 50 72 0.037940 0.004974 403.15 70.04
E 50 74 0.039571 0.002714 571.97 0.57
E 50 76 0.020929 0.001603 331.75 7.22
E 50 77 0.044272 0.008480 567.26 1.42
E 50 78 0.030842 0.002307 424.92 0.02
E 50 79 0.034232 0.001470 443.97 18.76
E 50 80 0.043256 0.002374 437.10 7.24
E 50 81 0.035326 0.005270 476.27 0.02
E 50 82 0.021813 0.003677 351.21 186.25
E 50 83 0.020898 0.001039 326.51 7.67
E 50 87 0.025838 0.003446 388.82 0.96
E 50 88 0.031697 0.006500 420.86 0.76
E 50 90 0.038734 0.012437 489.62 0.04
E 51 53 0.030713 0.003208 444.02 0.10
E 51 56 0.030711 0.003231 457.97 7.78
E 51 57 0.033145 0.003636 486.12 35.95
E 51 65 0.035660 0.009366 546.03 0.23
E 51 67 0.032572 0.004793 465.64 6.60
E 51 69 0.032286 0.002714 469.20 42.94
E 51 70 0.032556 0.003418 521.63 424.31
E 51 72 0.034944 0.006274 597.90 135.80
E 51 74 0.032042 0.003247 464.65 0.51
E 51 75 0.029941 0.003558 454.54 38.89
E 51 77 0.036071 0.004815 499.44 1.50
E 51 79 0.032632 0.004415 458.14 50.52
E 51 84 0.030694 0.003287 441.54 5.69
E 51 86 0.029944 0.004410 441.34 3.04
E 51 87 0.032835 0.004017 460.90 2.08
E 51 88 0.031613 0.006266 465.73 2.04
E 51 90 0.029775 0.006219 462.20 0.05
E 52 53 0.035217 0.003746 553.95 0.10
E 52 56 0.035731 0.003423 498.49 7.86
E 52 57 0.035282 0.002770 500.10 35.58
E 52 65 0.034790 0.008335 504.27 0.24
E 52 67 0.032188 0.004583 440.09 9.10
E 52 69 0.035396 0.002572 516.09 44.75
E 52 70 0.033233 0.003053 472.61 413.14
E 52 72 0.027668 0.002113 408.69 130.91
E 52 73 0.025630 0.003829 368.46 21.62
E 52 74 0.032356 0.002418 447.05 0.49
E 52 77 0.036015 0.004568 476.40 1.50
E 52 79 0.036030 0.005385 486.32 50.38
E 52 83 0.030367 0.000000 435.98 18.78
E 52 84 0.035732 0.006699 469.91 5.75
E 52 85 0.027115 0.002118 404.45 22.66
E 52 86 0.027687 0.004796 415.16 3.02
E 52 87 0.034418 0.003969 510.96 2.03
E 52 88 0.034618 0.006869 530.73 2.01
E 52 90 0.030418 0.006832 446.39 0.06
E 53 54 0.029535 0.003282 445.83 0.10
E 53 56 0.028454 0.003263 420.02 1.26
E 53 57 0.033545 0.004706 475.70 2.78
E 53 59 0.032872 0.006146 468.56 0.10
E 53 61 0.029259 0.002761 439.64 0.10
E 53 63 0.032784 0.003412 466.94 0.12
E 53 64 0.034504 0.004817 578.55 0.13
E 53 65 0.044499 0.012437 576.46 0.24
E 53 66 0.031489 0.002659 457.11 0.10
E 53 67 0.032382 0.005083 453.65 0.06
E 53 68 0.034223 0.004022 482.73 0.10
E 53 69 0.033545 0.004706 474.97 0.09
E 53 72 0.037940 0.004974 614.62 13.96
E 53 74 0.032171 0.002573 482.08 0.10
E 53 75 0.027576 0.002491 411.79 32.27
E 53 77 0.035597 0.004386 480.65 0.59
E 53 79 0.032205 0.004378 451.45 3.91
E 53 81 0.035388 0.005102 463.71 0.09
E 53 84 0.028412 0.003404 426.29 1.72
E 53 86 0.008210 0.000288 852.00 3.57
E 53 87 0.033805 0.005379 509.07 4.03
E 53 88 0.031038 0.005665 439.52 3.99
E 53 89 0.027669 0.002476 415.83 1.40
E 54 56 0.029129 0.001843 446.58 8.07
E 54 57 0.034660 0.002401 489.55 37.23
E 54 65 0.034709 0.008270 465.79 0.24
E 54 67 0.032921 0.004791 496.11 12.87
E 54 69 0.034954 0.001714 446.97 40.66
E 54 70 0.033864 0.003101 505.58 375.45
E 54 72 0.036580 0.006784 533.48 114.53
E 54 74 0.032323 0.002130 460.43 0.44
E 54 75 0.027368 0.001628 419.59 39.76
E 54 76 0.037151 0.008607 454.03 10.18
E 54 77 0.035772 0.004250 501.35 1.53
E 54 79 0.032387 0.004008 455.60 54.68
E 54 84 0.028963 0.002858 409.19 5.86
E 54 86 0.036302 0.002863 515.14 2.89
E 54 87 0.034234 0.003654 483.17 1.99
E 54 88 0.031206 0.005888 454.95 2.13
E 54 90 0.034306 0.008734 471.73 0.08
E 55 62 0.024058 0.000746 440.55 2.21
E 55 65 0.029463 0.002148 441.57 0.72
E 55 67 0.039073 0.006219 730.00 0.83
E 55 70 0.036658 0.005276 517.81 283.18
E 55 72 0.025099 0.002378 378.66 53.63
E 55 73 0.020206 0.004758 332.43 3.53
E 55 74 0.035736 0.002393 515.04 0.96
E 55 76 0.025844 0.001823 368.42 13.09
E 55 77 0.036310 0.005058 516.75 2.49
E 55 78 0.022867 0.003204 362.53 0.08
E 55 79 0.035492 0.003467 430.92 35.82
E 55 80 0.029010 0.014246 424.93 26.88
E 55 83 0.005682 0.000128 536.00 6.33
E 55 85 0.021280 0.002756 346.31 14.42
E 55 86 0.027138 0.004309 436.64 1.91
E 55 90 0.030592 0.006445 434.01 0.34
E 56 57 0.008402 0.000576 876.00 4.16
E 56 59 0.032411 0.005789 467.34 7.68
E 56 61 0.029507 0.002497 451.47 7.68
E 56 63 0.031786 0.002701 468.28 8.75
E 56 64 0.032402 0.000000 411.64 8.88
E 56 65 0.005282 0.000192 544.00 33.95
E 56 66 0.031517 0.002726 437.02 7.70
E 56 67 0.032263 0.004869 457.78 2.16
E 56 68 0.039288 0.006445 519.05 7.87
E 56 69 0.031723 0.002035 376.53 8.95
E 56 72 0.038845 0.004070 516.75 5.89
E 56 74 0.032158 0.002116 450.48 1.61
E 56 75 0.024892 0.001687 381.48 73.52
E 56 77 0.046307 0.009412 526.25 0.09
E 56 79 0.031827 0.004228 492.84 0.14
E 56 81 0.034475 0.004429 478.62 8.19
E 56 84 0.025313 0.002934 406.32 6.30
E 56 86 0.029689 0.002035 499.06 10.49
E 56 87 0.008402 0.000576 876.00 8.30
E 56 88 0.031270 0.002035 496.96 67.81
E 56 89 0.025179 0.002586 380.21 28.28
E 57 58 0.026479 0.004569 405.81 16.88
E 57 60 0.026376 0.002520 439.90 16.59
E 57 62 0.027953 0.006728 405.86 6.44
E 57 63 0.037432 0.003856 490.61 34.65
E 57 64 0.033918 0.006865 499.50 20.70
E 57 65 0.030181 0.006452 454.69 3.44
E 57 68 0.039183 0.005667 534.32 35.77
E 57 69 0.019695 0.001621 315.16 29.26
E 57 70 0.026125 0.002251 375.01 22.71
E 57 72 0.038845 0.004070 532.48 7.71
E 57 74 0.038887 0.002925 564.10 4.87
E 57 76 0.028782 0.007651 474.14 0.72
E 57 77 0.045234 0.008649 537.93 3.71
E 57 79 0.031717 0.004009 440.51 41.71
E 57 81 0.038384 0.006251 548.12 36.90
E 57 82 0.025854 0.006372 405.84 0.41
E 57 83 0.029687 0.000566 373.57 0.06
E 57 87 0.025840 0.003205 401.45 0.59
E 57 88 0.032623 0.006622 465.21 0.48
E 58 62 0.020744 0.003781 304.87 1.89
E 58 65 0.034905 0.009778 487.87 0.63
E 58 69 0.026827 0.003873 391.65 176.15
E 58 70 0.031353 0.005672 521.03 80.75
E 58 72 0.038847 0.004070 487.15 43.83
E 58 76 0.020588 0.003751 323.96 10.64
E 58 77 0.049362 0.005088 671.60 6.08
E 58 78 0.020248 0.003670 318.34 0.08
E 58 80 0.019839 0.003903 309.77 25.60
E 58 82 0.021672 0.003986 328.39 63.90
E 58 83 0.021006 0.004170 331.18 12.68
E 58 87 0.029262 0.005295 442.90 1.27
E 58 88 0.034097 0.007598 452.36 1.09
E 59 67 0.032391 0.004960 475.89 1.69
E 59 72 0.032996 0.007698 471.71 158.58
E 59 74 0.032578 0.005236 468.33 0.64
E 59 75 0.032275 0.004516 443.17 34.85
E 59 77 0.036059 0.006432 486.48 1.50
E 59 79 0.032709 0.005858 453.88 66.08
E 59 84 0.032358 0.005714 471.55 5.14
E 59 86 0.032618 0.006663 448.33 2.89
E 59 88 0.032728 0.006432 471.63 2.47
E 59 90 0.033050 0.007288 431.57 0.04
E 60 62 0.019291 0.001961 312.87 1.90
E 60 65 0.035499 0.010354 530.45 0.26
E 60 69 0.026828 0.001696 398.50 36.24
E 60 70 0.031908 0.004240 438.85 83.96
E 60 72 0.038847 0.004070 484.13 43.69
E 60 76 0.019240 0.001954 318.75 7.79
E 60 77 0.002065 0.000000 200.00 6.26
E 60 78 0.019135 0.002050 312.42 0.04
E 60 80 0.018463 0.002341 307.88 8.49
E 60 82 0.021669 0.003550 347.13 61.45
E 60 83 0.019266 0.001844 306.84 12.50
E 60 87 0.029611 0.004127 372.25 1.26
E 60 88 0.034097 0.007598 440.48 1.08
E 60 90 0.001841 0.000000 172.00 0.03
E 61 67 0.032083 0.004858 472.34 1.69
E 61 72 0.038845 0.004070 705.68 159.54
E 61 74 0.032079 0.002091 454.02 0.65
E 61 75 0.029082 0.001932 413.88 34.83
E 61 77 0.036060 0.004775 491.97 1.50
E 61 79 0.032239 0.004330 442.33 64.33
E 61 84 0.029464 0.003467 431.64 5.12
E 61 86 0.028978 0.004368 418.92 2.92
E 61 88 0.030748 0.005286 447.19 2.47
E 61 90 0.029536 0.006204 430.17 0.04
E 62 63 0.038375 0.004934 514.26 2.92
E 62 64 0.026161 0.004209 395.13 2.61
E 62 65 0.036526 0.010515 487.39 0.17
E 62 69 0.029390 0.006728 445.66 2.18
E 62 70 0.036019 0.005163 440.87 8.54
E 62 71 0.033059 0.006730 479.09 4.06
E 62 76 0.018692 0.001431 305.94 0.64
E 62 78 0.017535 0.002297 280.23 0.90
E 62 80 0.017576 0.001478 302.34 2.06
E 62 81 0.038556 0.007055 549.27 68.44
E 62 82 0.021759 0.003721 341.81 4.58
E 62 83 0.018777 0.001342 289.78 12.60
E 62 87 0.030550 0.005800 422.21 0.90
E 62 88 0.032808 0.006728 505.35 0.94
E 63 65 0.033585 0.006854 474.76 0.31
E 63 69 0.037848 0.004365 583.07 50.97
E 63 70 0.033540 0.003327 476.54 115.01
E 63 72 0.033074 0.003342 461.40 80.93
E 63 74 0.033091 0.003420 475.47 0.62
E 63 76 0.037686 0.005148 534.31 7.45
E 63 77 0.036694 0.005729 503.14 1.79
E 63 78 0.036303 0.002162 448.58 0.05
E 63 79 0.033007 0.004196 473.04 29.61
E 63 80 0.049701 0.000000 718.77 7.57
E 63 82 0.037584 0.005936 444.40 173.04
E 63 83 0.037686 0.003024 505.81 15.39
E 63 86 0.032122 0.004571 449.60 3.18
E 63 87 0.033432 0.003624 477.70 1.70
E 63 88 0.033382 0.006344 486.14 1.41
E 63 90 0.033064 0.006872 448.91 0.07
E 64 65 0.030393 0.006874 457.31 0.32
E 64 69 0.035970 0.006909 501.13 52.58
E 64 70 0.026702 0.003668 398.46 104.84
E 64 72 0.036713 0.013059 529.64 149.25
E 64 74 0.038317 0.005597 497.87 0.70
E 64 76 0.025607 0.004105 377.23 7.43
E 64 77 0.042095 0.007779 598.28 1.50
E 64 78 0.033504 0.002968 451.72 0.05
E 64 79 0.035487 0.007869 464.89 24.31
E 64 80 0.043256 0.002714 536.07 7.61
E 64 82 0.026027 0.004257 387.76 165.34
E 64 83 0.025659 0.004114 393.47 14.91
E 64 87 0.026402 0.004075 411.97 1.57
E 64 88 0.031848 0.006772 461.75 1.39
E 64 90 0.034211 0.010515 436.19 0.06
E 65 68 0.034030 0.007249 454.95 0.24
E 65 69 0.030182 0.006452 442.45 0.29
E 65 70 0.029927 0.006815 423.92 8.11
E 65 71 0.032652 0.007861 465.81 0.20
E 65 72 0.039456 0.011242 491.55 4.48
E 65 74 0.041431 0.009497 535.32 0.25
E 65 76 0.036669 0.011134 513.33 0.83
E 65 77 0.036247 0.007249 492.48 1.25
E 65 78 0.041433 0.009498 548.19 0.26
E 65 79 0.031855 0.006030 452.90 26.04
E 65 80 0.047101 0.007462 565.68 1.62
E 65 81 0.035199 0.006403 490.92 0.26
E 65 82 0.030741 0.006976 449.10 141.53
E 65 83 0.030631 0.007426 456.64 0.78
E 65 87 0.030185 0.006859 421.56 0.23
E 65 88 0.032109 0.006659 454.10 0.13
E 65 90 0.036193 0.009897 522.74 0.25
E 66 67 0.032195 0.004735 460.26 1.69
E 66 72 0.031538 0.002410 462.61 157.72
E 66 74 0.031972 0.002241 453.06 0.63
E 66 75 0.029123 0.001244 391.93 34.87
E 66 77 0.036059 0.004775 471.78 1.50
E 66 79 0.031965 0.004076 443.22 67.82
E 66 84 0.031389 0.003036 443.61 5.17
E 66 85 0.031104 0.002404 447.17 23.31
E 66 86 0.031527 0.004359 453.60 2.87
E 66 88 0.031329 0.005005 430.18 2.48
E 66 90 0.032023 0.005845 455.77 0.04
E 67 68 0.033467 0.004583 459.68 9.08
E 67 72 0.032411 0.004088 421.18 1.88
E 67 73 0.030706 0.005540 417.98 0.77
E 67 74 0.032656 0.004827 454.02 1.87
E 67 75 0.031179 0.005936 434.57 7.85
E 67 77 0.034632 0.004460 478.96 1.04
E 67 79 0.031625 0.004909 462.79 9.13
E 67 81 0.034301 0.005106 453.64 3.19
E 67 84 0.032121 0.004805 482.29 3.07
E 67 86 0.032303 0.005254 440.16 3.80
E 67 88 0.031856 0.005380 483.49 3.00
E 67 89 0.032192 0.004718 458.36 1.43
E 67 90 0.032401 0.005936 460.60 11.25
E 68 69 0.039716 0.006033 464.23 44.32
E 68 70 0.033674 0.003741 477.29 408.41
E 68 72 0.033870 0.003817 459.86 128.77
E 68 74 0.034176 0.003844 462.79 0.48
E 68 77 0.036727 0.005751 502.36 1.50
E 68 79 0.034506 0.004521 468.55 51.34
E 68 84 0.039214 0.007608 502.04 5.76
E 68 85 0.032898 0.003083 455.22 22.43
E 68 86 0.033685 0.004354 460.89 3.00
E 68 87 0.034030 0.003722 486.85 2.02
E 68 88 0.034362 0.005886 464.95 2.02
E 68 90 0.034194 0.006852 472.70 0.06
E 69 70 0.026126 0.002251 383.97 47.23
E 69 72 0.038845 0.004070 443.89 156.73
E 69 74 0.038887 0.002925 543.87 0.32
E 69 76 0.029832 0.007651 371.40 3.48
E 69 77 0.045234 0.008649 543.32 1.51
E 69 79 0.031717 0.004009 438.15 22.72
E 69 81 0.038398 0.005489 480.27 0.59
E 69 82 0.026739 0.006973 438.28 139.06
E 69 83 0.030281 0.001187 460.29 16.77
E 69 87 0.025890 0.003247 394.90 1.40
E 69 88 0.032294 0.006215 446.12 1.52
E 70 71 0.032641 0.006319 451.58 279.92
E 70 72 0.037064 0.009921 500.92 9.86
E 70 74 0.037732 0.006493 512.31 6.71
E 70 76 0.037064 0.005936 577.21 5.38
E 70 77 0.036247 0.005359 487.71 0.24
E 70 78 0.039668 0.005718 492.62 14.02
E 70 79 0.031763 0.004295 449.49 0.11
E 70 80 0.039182 0.011058 571.89 0.59
E 70 81 0.035239 0.005135 492.22 364.52
E 70 82 0.026293 0.003868 396.61 0.42
E 70 83 0.026565 0.002334 362.58 3.17
E 70 85 0.038845 0.005795 437.57 6.73
E 70 86 0.012884 0.000608 1320.00 32.56
E 70 87 0.026640 0.003125 395.67 0.00
E 70 88 0.032102 0.007033 452.43 0.00
E 70 90 0.034124 0.009497 530.76 118.90
E 71 72 0.032646 0.006033 457.32 57.38
E 71 73 0.032585 0.006313 462.66 3.54
E 71 74 0.032497 0.006438 453.68 0.87
E 71 76 0.032734 0.006369 448.18 12.99
E 71 77 0.037013 0.005956 480.70 2.30
E 71 78 0.032779 0.006570 507.22 0.08
E 71 79 0.035491 0.003467 461.66 37.51
E 71 80 0.030197 0.014246 354.83 26.79
E 71 83 0.032704 0.006451 443.74 6.33
E 71 85 0.033151 0.006541 470.85 14.84
E 71 86 0.032583 0.006313 470.09 1.91
E 71 90 0.032884 0.006684 460.51 0.34
E 72 73 0.024668 0.004458 372.91 2.54
E 72 74 0.032321 0.002389 430.19 4.64
E 72 76 0.036303 0.013059 524.69 3.84
E 72 77 0.036658 0.005115 510.31 2.38
E 72 79 0.035937 0.011338 508.54 4.33
E 72 81 0.035430 0.005116 467.44 116.68
E 72 83 0.037942 0.004975 592.58 78.74
E 72 84 0.040372 0.014076 615.42 22.52
E 72 85 0.024597 0.002559 392.26 11.39
E 72 86 0.027250 0.004465 414.27 1.04
E 72 87 0.037940 0.004974 419.21 1.69
E 72 88 0.037940 0.004974 498.14 1.33
E 72 90 0.030433 0.006350 415.61 31.21
E 73 74 0.038809 0.003618 491.50 2.17
E 73 77 0.040627 0.005993 531.63 2.96
E 73 79 0.035491 0.003467 527.33 3.45
E 73 85 0.021156 0.004392 329.12 0.61
E 73 86 0.027055 0.004537 413.39 0.09
E 73 89 0.025748 0.007651 418.65 1.96
E 73 90 0.030456 0.006270 454.04 1.72
E 74 77 0.036223 0.004692 510.07 0.55
E 74 79 0.032231 0.003868 467.55 3.82
E 74 81 0.035196 0.004951 501.22 0.28
E 74 84 0.032217 0.002990 426.78 7.04
E 74 85 0.031305 0.002164 436.89 14.31
E 74 86 0.032067 0.004359 426.71 7.04
E 74 87 0.038317 0.003765 549.42 2.85
E 74 88 0.032073 0.005005 479.01 2.73
E 74 89 0.031801 0.002266 451.05 1.99
E 74 90 0.032150 0.006714 452.90 0.41
E 75 79 0.003057 0.000000 324.00 682.14
E 75 84 0.024922 0.002821 387.64 0.55
E 75 89 0.023201 0.003061 355.68 28.21
E 76 77 0.043172 0.006275 544.37 0.23
E 76 78 0.018525 0.002804 289.43 6.80
E 76 80 0.018446 0.001517 294.46 1.86
E 76 81 0.039073 0.008607 542.21 6.93
E 76 82 0.021619 0.003562 346.16 0.63
E 76 83 0.018830 0.001594 308.30 3.03
E 76 87 0.030986 0.007293 478.50 5.80
E 76 88 0.033673 0.007651 415.02 7.41
E 76 90 0.033590 0.004918 412.90 68.72
E 77 79 0.035937 0.004763 494.54 0.14
E 77 81 0.036480 0.005100 497.00 1.53
E 77 84 0.049360 0.010600 596.59 15.47
E 77 85 0.036136 0.005183 473.84 8.28
E 77 86 0.035896 0.004655 487.73 63.01
E 77 87 0.035539 0.004254 490.13 43.64
E 77 88 0.035938 0.004970 465.38 121.57
E 77 89 0.035356 0.004162 500.06 24.08
E 77 90 0.036891 0.006460 480.74 16.32
E 78 80 0.016139 0.002169 269.47 3.86
E 78 82 0.027314 0.002883 777.38 19.53
E 78 83 0.019023 0.002924 290.20 6.54
E 79 81 0.035384 0.005435 502.61 50.54
E 79 84 0.031741 0.004113 459.74 8.40
E 79 86 0.035490 0.003468 622.61 11.31
E 79 87 0.032139 0.004268 465.45 6.17
E 79 88 0.032637 0.005918 480.35 23.88
E 79 89 0.035422 0.005470 551.95 86.51
E 79 90 0.031736 0.006737 437.35 119.36
E 80 83 0.018862 0.001539 300.53 2.45
E 80 90 0.051398 0.000000 803.10 18.33
E 81 82 0.035004 0.005583 485.79 186.39
E 81 83 0.039525 0.000678 699.85 18.07
E 81 84 0.038719 0.010600 552.78 5.93
E 81 86 0.035371 0.005054 487.70 2.94
E 81 87 0.035369 0.005409 471.98 1.95
E 81 88 0.035385 0.005796 485.93 2.06
E 81 90 0.035366 0.006737 486.92 0.06
E 82 83 0.021589 0.003494 331.58 0.27
E 82 87 0.025751 0.004345 377.01 0.84
E 82 88 0.031637 0.006614 468.82 1.09
E 83 87 0.030988 0.003166 400.65 0.12
E 83 88 0.031271 0.000905 449.44 0.13
E 84 86 0.040373 0.014076 657.14 0.03
E 84 88 0.005137 0.000000 584.00 0.06
E 84 89 0.025271 0.003413 396.01 2.47
E 85 86 0.027129 0.004293 414.15 0.12
E 85 90 0.030742 0.006649 447.77 2.84
E 86 89 0.026968 0.004049 440.53 1.57
E 86 90 0.030362 0.006294 439.96 0.85
E 87 88 0.032456 0.006219 456.27 3.27
E 87 90 0.004849 0.000000 548.00 1.11
END

SECTION Terminals
Root 59
Terminals 27
T 33
T 5
T 46
T 71
T 50
T 31
T 38
T 35
T 22
T 58
T 55
T 44
T 87
T 30
T 89
T 51
T 64
T 19
T 72
T 77
T 85
T 40
T 2
T 63
T 60
T 7
T 67
END

EOF