SECTION Comment
CREATOR "Carlos Araujo"
REMARK "Instance for QoS Multicast Routing Problem"
QoS METRICS "delay, jitter, bandwidth and estimate of link duration"
END

SECTION Graph
Nodes 90
Edges 2121

E 1 3 0.030518 0.002898 425.27 16.85
E 1 4 0.030476 0.004327 430.89 1.91
E 1 5 0.034711 0.004518 471.78 1.99
E 1 6 0.033497 0.004512 489.21 22.53
E 1 7 0.028753 0.003504 425.69 97.69
E 1 8 0.034169 0.003906 495.78 0.19
E 1 9 0.029091 0.003387 463.00 0.53
E 1 11 0.028540 0.004215 418.20 0.11
E 1 12 0.036409 0.005443 495.94 0.84
E 1 13 0.032101 0.004327 484.48 1.46
E 1 14 0.037913 0.004240 497.38 33.16
E 1 16 0.035623 0.005411 470.75 10.49
E 1 17 0.033339 0.003580 491.76 30.52
E 1 18 0.032235 0.003371 474.56 0.12
E 1 19 0.027919 0.003820 399.45 4.94
E 1 20 0.028185 0.003282 404.80 3.32
E 1 21 0.028185 0.003282 397.92 19.08
E 1 22 0.033643 0.003819 464.80 0.05
E 1 23 0.031853 0.002520 463.64 0.06
E 1 24 0.034374 0.004518 502.33 0.04
E 1 25 0.028185 0.003282 397.59 0.07
E 1 26 0.034328 0.003575 467.04 0.23
E 1 27 0.035341 0.003223 491.83 103.86
E 1 29 0.035624 0.004918 537.21 3.32
E 1 30 0.034631 0.004481 486.57 19.72
E 1 31 0.035544 0.004794 479.78 22.85
E 1 33 0.034004 0.003979 461.59 143.46
E 1 34 0.028185 0.003282 390.57 2.17
E 1 35 0.034927 0.004579 492.80 0.70
E 1 36 0.028563 0.003131 418.01 3.20
E 1 37 0.033589 0.001922 453.18 0.96
E 1 38 0.035299 0.003947 471.07 0.09
E 1 39 0.034662 0.004684 451.16 6.67
E 1 40 0.033253 0.003085 474.60 21.28
E 1 41 0.030809 0.003082 446.85 30.58
E 1 42 0.028534 0.003347 421.03 10.28
E 1 43 0.033530 0.004359 477.02 3.09
E 1 44 0.037353 0.005834 453.90 133.86
E 1 46 0.028263 0.003199 421.45 26.94
E 1 47 0.029538 0.004125 445.38 9.72
E 1 49 0.028310 0.003622 423.77 26.82
E 1 50 0.033589 0.000848 511.27 0.36
E 1 51 0.030823 0.002903 468.03 22.48
E 1 52 0.028193 0.003213 422.43 6.83
E 1 53 0.033471 0.004138 503.38 1.58
E 1 54 0.032230 0.003416 467.73 0.28
E 1 55 0.026846 0.003014 404.45 9.84
E 1 56 0.033472 0.004138 490.32 0.69
E 1 57 0.033589 0.000848 542.02 0.51
E 1 59 0.032755 0.005703 473.53 22.67
E 1 61 0.029528 0.002967 451.73 22.91
E 1 63 0.033183 0.002973 449.14 8.70
E 1 64 0.006337 0.000160 676.00 27.50
E 1 65 0.006338 0.000160 676.00 0.27
E 1 66 0.031806 0.003111 473.41 8.24
E 1 67 0.032984 0.005131 463.02 0.13
E 1 68 0.033808 0.003857 467.97 6.71
E 1 69 0.033589 0.000848 518.63 6.33
E 1 70 0.044273 0.002374 504.92 26.30
E 1 71 0.032631 0.006176 484.68 3.42
E 1 72 0.028185 0.003282 421.00 2.42
E 1 73 0.026011 0.003918 411.93 0.57
E 1 74 0.031756 0.003031 465.94 4.63
E 1 77 0.034822 0.004313 460.16 248.17
E 1 79 0.033572 0.006352 453.34 4.66
E 1 81 0.037403 0.006318 482.12 13.35
E 1 84 0.033472 0.004781 487.59 0.00
E 1 85 0.028186 0.003282 416.33 0.00
E 1 86 0.028534 0.004249 428.69 0.00
E 2 6 0.034377 0.005507 441.58 1527.62
E 2 10 0.028241 0.002481 395.21 85.90
E 2 11 0.032854 0.006633 450.33 2.12
E 2 12 0.031321 0.005857 415.01 4.75
E 2 13 0.031318 0.005512 452.29 0.97
E 2 14 0.025988 0.003364 372.33 12.40
E 2 15 0.024474 0.003996 362.74 9.23
E 2 16 0.020328 0.002123 354.61 501.56
E 2 17 0.028131 0.002940 418.67 0.48
E 2 23 0.032857 0.004417 518.58 1.62
E 2 27 0.024528 0.002576 379.27 0.02
E 2 29 0.031092 0.003088 412.84 1.01
E 2 30 0.022294 0.002578 309.30 2.75
E 2 31 0.022681 0.002012 365.09 1553.34
E 2 32 0.027265 0.004024 402.97 1128.59
E 2 37 0.030536 0.004392 434.44 3.54
E 2 40 0.033577 0.003360 458.46 1491.17
E 2 41 0.030777 0.004188 433.28 1134.04
E 2 44 0.027220 0.003652 387.78 231.17
E 2 48 0.022831 0.003397 355.98 0.09
E 2 50 0.022831 0.002172 356.61 0.47
E 2 52 0.027597 0.001413 482.57 21.38
E 2 57 0.023026 0.002395 361.91 0.29
E 2 58 0.022921 0.004573 357.20 1139.95
E 2 60 0.022886 0.001988 355.31 655.99
E 2 62 0.022804 0.001822 364.26 0.17
E 2 63 0.032399 0.003008 479.84 324.82
E 2 64 0.024921 0.003681 380.38 1298.38
E 2 65 0.028613 0.005214 420.88 60.27
E 2 68 0.031169 0.003606 449.39 2.62
E 2 69 0.023799 0.003107 435.03 0.13
E 2 70 0.026222 0.002193 405.23 0.17
E 2 71 0.037761 0.004274 578.30 135.53
E 2 76 0.022924 0.001754 345.04 0.88
E 2 77 0.031705 0.003068 429.49 3.02
E 2 78 0.022225 0.003731 323.70 1.71
E 2 79 0.029898 0.003675 427.96 5.10
E 2 81 0.034841 0.005575 465.63 24.68
E 2 82 0.022802 0.003494 340.66 0.00
E 3 4 0.032991 0.002186 445.01 8.92
E 3 5 0.033378 0.003333 535.23 702.02
E 3 7 0.031230 0.003935 451.38 4.47
E 3 8 0.034032 0.002753 489.94 1.74
E 3 9 0.032989 0.002393 485.33 4.14
E 3 11 0.028547 0.002911 436.55 109.48
E 3 12 0.036657 0.005444 506.72 1.17
E 3 13 0.033081 0.000000 450.53 6.03
E 3 16 0.033503 0.005411 432.42 0.04
E 3 17 0.033218 0.003561 476.54 1.54
E 3 18 0.032989 0.002186 471.94 13.91
E 3 19 0.028547 0.003705 444.95 0.11
E 3 20 0.026943 0.002959 418.43 0.43
E 3 21 0.028131 0.002722 405.46 29.91
E 3 22 0.032989 0.003432 458.26 21.75
E 3 23 0.002993 0.000000 316.00 29.78
E 3 24 0.032990 0.002186 445.21 26.11
E 3 25 0.028547 0.003020 418.81 69.60
E 3 26 0.034636 0.002883 463.28 174.20
E 3 29 0.003057 0.000000 324.00 4.50
E 3 30 0.034284 0.003191 472.78 7.71
E 3 33 0.032989 0.003816 448.51 3.71
E 3 34 0.028547 0.002714 407.82 0.13
E 3 35 0.032991 0.002186 458.04 11.21
E 3 36 0.030773 0.002958 444.84 3.20
E 3 38 0.034393 0.003159 449.87 49.41
E 3 39 0.032991 0.003204 483.02 24.05
E 3 42 0.028604 0.003027 422.59 21.81
E 3 43 0.032989 0.004359 499.12 6.65
E 3 52 0.030125 0.002663 434.59 0.20
E 3 53 0.032989 0.003380 459.38 4.34
E 3 54 0.032999 0.002311 507.47 0.66
E 3 56 0.032990 0.002405 463.90 2.87
E 3 63 0.037177 0.007321 523.57 0.02
E 3 66 0.033082 0.002678 451.80 0.22
E 3 67 0.035761 0.006974 481.01 55.97
E 3 68 0.037243 0.005793 523.42 1.90
E 3 71 0.032952 0.005964 494.06 0.06
E 3 72 0.028547 0.002714 405.88 6.96
E 3 73 0.022235 0.007136 332.77 11.07
E 3 74 0.033854 0.003243 473.94 2.83
E 3 77 0.037348 0.005489 486.33 3.35
E 3 79 0.033510 0.006352 454.45 4.45
E 3 81 0.037403 0.006318 565.59 0.11
E 3 84 0.032990 0.004781 503.75 20.09
E 3 85 0.028330 0.003689 442.64 3.89
E 4 5 0.031528 0.003804 453.07 0.45
E 4 6 0.033215 0.003894 481.85 10.47
E 4 7 0.034066 0.004687 457.44 1.93
E 4 8 0.031635 0.003718 443.46 0.00
E 4 9 0.028898 0.003181 435.25 1.66
E 4 17 0.031125 0.002509 430.03 1.29
E 4 18 0.026984 0.001360 408.00 4.07
E 4 21 0.027005 0.002282 404.99 0.01
E 4 22 0.027402 0.001399 392.77 8.03
E 4 24 0.026424 0.001218 404.79 0.00
E 4 31 0.029145 0.001018 467.85 1.18
E 4 33 0.028156 0.002300 409.26 3.00
E 4 35 0.026380 0.001240 409.27 0.29
E 4 36 0.026466 0.001581 382.40 4.03
E 4 38 0.026401 0.001172 393.37 14.25
E 4 39 0.026414 0.003443 396.46 124.62
E 4 40 0.030011 0.001374 467.73 16.02
E 4 42 0.027672 0.001675 407.84 0.10
E 4 43 0.030801 0.006084 463.01 29.52
E 4 46 0.026262 0.001513 381.76 13.54
E 4 49 0.026205 0.003517 394.95 13.49
E 4 51 0.030217 0.003220 456.17 1.38
E 4 52 0.027005 0.002282 427.51 103.43
E 4 53 0.028249 0.003234 415.56 7.25
E 4 54 0.028131 0.001804 444.92 4.42
E 4 56 0.026445 0.002016 393.01 21.15
E 4 59 0.032774 0.005829 442.69 10.37
E 4 61 0.029194 0.002152 429.86 10.39
E 4 66 0.031887 0.002904 494.49 5.16
E 4 67 0.032783 0.004632 497.01 79.67
E 4 68 0.031931 0.003103 454.74 38.19
E 4 72 0.026636 0.003477 364.88 0.03
E 4 74 0.031081 0.001674 427.02 23.19
E 4 75 0.026040 0.001000 381.27 13.01
E 4 77 0.033278 0.003474 430.23 0.37
E 4 81 0.033244 0.004757 479.97 4.37
E 5 6 0.032636 0.003254 443.11 31.02
E 5 7 0.034741 0.004194 501.10 0.10
E 5 8 0.029656 0.003078 444.80 3.18
E 5 9 0.032712 0.004472 527.91 5.89
E 5 10 0.028629 0.002555 442.00 0.95
E 5 11 0.034945 0.004240 456.80 0.40
E 5 12 0.032408 0.005128 425.83 1.48
E 5 13 0.034570 0.005414 470.20 1.49
E 5 14 0.028453 0.002849 441.61 13.62
E 5 16 0.034945 0.005879 507.03 54.38
E 5 17 0.031036 0.003053 445.70 0.27
E 5 18 0.031922 0.004119 474.28 79.18
E 5 19 0.034945 0.006203 551.32 5.58
E 5 20 0.036019 0.003731 433.14 2.81
E 5 21 0.036019 0.003731 512.25 0.15
E 5 22 0.031923 0.004119 457.80 0.54
E 5 23 0.032322 0.003239 456.80 0.59
E 5 24 0.033234 0.004024 486.90 2.09
E 5 25 0.034945 0.004718 450.48 0.81
E 5 26 0.031956 0.003434 504.03 31.12
E 5 27 0.032612 0.003763 487.62 0.10
E 5 29 0.031499 0.002903 425.92 0.49
E 5 30 0.028842 0.002960 426.11 8.44
E 5 31 0.028800 0.003053 409.78 30.67
E 5 33 0.031566 0.003947 459.58 0.15
E 5 34 0.036019 0.003731 480.50 0.00
E 5 35 0.032825 0.003545 457.21 7.60
E 5 36 0.033001 0.003854 478.38 0.40
E 5 37 0.029739 0.003919 452.41 4.46
E 5 38 0.035079 0.004138 465.34 45.06
E 5 39 0.035080 0.004138 555.36 15.58
E 5 40 0.032644 0.002778 461.43 34.21
E 5 42 0.035451 0.004138 530.44 12.67
E 5 43 0.031736 0.006219 465.91 11.70
E 5 44 0.027866 0.003632 454.91 7.12
E 5 46 0.033461 0.003901 546.21 88.27
E 5 47 0.035604 0.004598 470.44 91.25
E 5 49 0.034520 0.004409 450.87 87.49
E 5 50 0.023011 0.000812 421.25 0.41
E 5 51 0.031839 0.004031 508.86 31.93
E 5 52 0.034229 0.003264 535.07 12.31
E 5 53 0.031923 0.004119 453.72 0.55
E 5 54 0.031152 0.003584 464.97 0.00
E 5 55 0.036019 0.003731 490.14 18.75
E 5 56 0.032840 0.004479 475.79 2.58
E 5 57 0.027797 0.002544 441.38 0.23
E 5 59 0.032159 0.004211 443.11 74.87
E 5 61 0.031744 0.004031 459.51 76.22
E 5 63 0.032761 0.003387 472.20 20.72
E 5 64 0.026509 0.003142 404.53 11.82
E 5 65 0.027918 0.005766 404.41 10.29
E 5 66 0.032882 0.004133 486.93 16.65
E 5 67 0.034819 0.005857 480.74 2.12
E 5 68 0.034032 0.004621 481.64 0.50
E 5 69 0.027389 0.002522 409.35 0.09
E 5 70 0.028279 0.002682 442.40 8.80
E 5 71 0.034945 0.004240 446.16 20.53
E 5 72 0.036019 0.004777 419.86 5.65
E 5 73 0.034097 0.000000 810.19 0.22
E 5 74 0.032723 0.003826 479.34 0.28
E 5 77 0.034184 0.003431 498.61 1.40
E 5 79 0.031484 0.004043 465.75 1.37
E 5 81 0.034751 0.005941 484.18 22.49
E 6 7 0.034327 0.004005 463.58 8.95
E 6 8 0.032672 0.003376 466.84 1.89
E 6 9 0.033113 0.004240 467.79 11.18
E 6 10 0.032617 0.003215 476.95 8.10
E 6 11 0.034216 0.005718 460.77 31.39
E 6 12 0.032721 0.004714 461.20 1.07
E 6 13 0.032773 0.005287 457.76 7.22
E 6 14 0.031839 0.003188 466.41 24.05
E 6 15 0.033102 0.003053 447.83 5.04
E 6 17 0.033114 0.003737 485.05 1.94
E 6 18 0.032555 0.003604 457.29 7.98
E 6 19 0.034436 0.005905 463.86 0.04
E 6 20 0.034535 0.005063 443.06 0.09
E 6 21 0.034195 0.004681 486.88 87.76
E 6 22 0.032555 0.003604 448.72 20.43
E 6 23 0.032885 0.003703 446.75 34.04
E 6 24 0.030451 0.001187 449.65 31.10
E 6 25 0.033941 0.004338 452.73 82.88
E 6 26 0.032609 0.003559 456.94 65.52
E 6 27 0.032522 0.004449 440.14 122.69
E 6 29 0.033035 0.003491 468.36 2.82
E 6 30 0.031701 0.002487 440.74 9.46
E 6 33 0.032461 0.003487 454.45 4.78
E 6 34 0.034274 0.004357 453.38 0.05
E 6 35 0.030451 0.001809 438.40 35.80
E 6 36 0.032502 0.003912 468.65 3.41
E 6 37 0.032820 0.004025 471.93 21.03
E 6 38 0.030451 0.001187 442.27 48.05
E 6 39 0.032739 0.000594 681.81 22.23
E 6 42 0.034183 0.004912 515.23 33.67
E 6 43 0.032406 0.005534 476.88 4.54
E 6 44 0.032620 0.003942 436.71 12.58
E 6 48 0.030452 0.000791 410.38 35.35
E 6 50 0.030452 0.000678 449.88 18.97
E 6 52 0.033819 0.003809 456.37 0.14
E 6 53 0.032556 0.003604 437.95 4.72
E 6 54 0.032720 0.003656 439.57 0.67
E 6 56 0.032336 0.002506 537.24 2.42
E 6 57 0.031634 0.002471 410.67 35.39
E 6 63 0.032828 0.003348 466.33 0.02
E 6 64 0.032447 0.006352 490.67 279.19
E 6 65 0.032738 0.005275 445.96 1.26
E 6 66 0.033128 0.003807 478.29 0.24
E 6 67 0.033299 0.004460 474.93 171.26
E 6 68 0.034327 0.004523 482.81 1.39
E 6 69 0.031765 0.002682 432.79 5.59
E 6 70 0.032738 0.003265 472.95 19.98
E 6 71 0.034217 0.006533 505.17 0.03
E 6 72 0.034274 0.004357 481.85 26.57
E 6 73 0.038169 0.005088 433.40 17.07
E 6 74 0.033084 0.003712 454.43 4.43
E 6 77 0.034637 0.003781 477.63 5.12
E 6 79 0.032660 0.004264 472.67 2.11
E 6 81 0.035140 0.005619 469.26 0.09
E 6 84 0.032336 0.003833 432.81 21.87
E 6 85 0.034535 0.005063 496.32 0.20
E 7 8 0.034706 0.004879 472.34 2.22
E 7 9 0.032785 0.004936 460.56 8.03
E 7 11 0.028454 0.004104 426.73 1.30
E 7 12 0.036552 0.005653 471.48 2.00
E 7 13 0.034986 0.005556 472.03 0.37
E 7 14 0.038055 0.004862 513.18 9.95
E 7 16 0.036199 0.006354 502.42 4.42
E 7 17 0.033339 0.004056 512.57 0.06
E 7 18 0.034222 0.004904 490.16 2.56
E 7 19 0.026019 0.004221 391.82 2.88
E 7 20 0.026397 0.004001 378.15 1.56
E 7 21 0.026556 0.004011 414.99 175.93
E 7 22 0.034626 0.005014 429.30 1.81
E 7 23 0.038055 0.004861 477.39 3.02
E 7 24 0.034549 0.004834 455.89 38.72
E 7 25 0.026397 0.004001 397.36 38.45
E 7 26 0.035151 0.004937 483.77 41.51
E 7 27 0.038055 0.004861 566.17 0.09
E 7 29 0.038055 0.004918 554.13 2.99
E 7 30 0.035151 0.004937 461.24 2.08
E 7 31 0.036923 0.004183 485.77 9.05
E 7 33 0.034626 0.005014 478.45 0.40
E 7 34 0.026574 0.004070 393.39 1.75
E 7 35 0.034628 0.005014 498.03 2.97
E 7 36 0.030262 0.004086 414.99 0.08
E 7 37 0.046987 0.000169 539.19 0.58
E 7 38 0.034616 0.003188 476.34 0.00
E 7 39 0.034628 0.005014 463.10 0.02
E 7 40 0.037891 0.003752 487.83 8.54
E 7 41 0.032362 0.003574 450.51 11.57
E 7 42 0.027083 0.003736 398.54 19.69
E 7 43 0.034851 0.005119 492.05 0.48
E 7 44 0.046986 0.005834 765.63 1.91
E 7 46 0.030318 0.004009 459.56 10.22
E 7 47 0.024334 0.003155 389.08 5.00
E 7 49 0.029320 0.003811 429.68 10.17
E 7 50 0.046987 0.000000 465.03 0.55
E 7 51 0.031529 0.004015 468.48 8.93
E 7 52 0.027171 0.003820 419.45 5.35
E 7 53 0.034626 0.005014 492.15 0.18
E 7 54 0.034367 0.004698 503.04 13.27
E 7 55 0.024718 0.003593 378.46 4.98
E 7 56 0.034627 0.005014 488.52 0.46
E 7 57 0.004433 0.000000 496.00 0.23
E 7 59 0.032407 0.004191 457.65 8.87
E 7 61 0.030488 0.004203 466.27 8.96
E 7 63 0.036174 0.006424 455.41 13.67
E 7 64 0.004433 0.000000 496.00 10.45
E 7 65 0.004433 0.000000 496.00 3.06
E 7 66 0.033058 0.003863 495.13 3.53
E 7 67 0.035479 0.006614 467.83 194.16
E 7 68 0.035219 0.004086 473.37 4.40
E 7 69 0.046987 0.000000 496.46 0.15
E 7 70 0.044273 0.004861 569.61 0.23
E 7 71 0.032631 0.006176 491.96 1.98
E 7 72 0.026575 0.004070 430.36 15.64
E 7 73 0.023358 0.003601 365.33 7.90
E 7 74 0.032807 0.003977 466.92 0.08
E 7 77 0.036430 0.004998 487.89 0.16
E 7 79 0.035151 0.006352 497.36 0.27
E 7 81 0.037403 0.006318 459.74 4.80
E 8 9 0.033011 0.002505 485.77 2.29
E 8 10 0.028480 0.003782 436.58 4.99
E 8 11 0.032818 0.003130 469.37 0.21
E 8 12 0.032497 0.005304 440.23 0.03
E 8 13 0.037965 0.006684 484.57 1.71
E 8 14 0.028811 0.003690 435.91 0.00
E 8 15 0.011459 0.001024 1200.00 0.04
E 8 16 0.034038 0.005718 550.12 0.76
E 8 17 0.031205 0.003362 440.98 4.04
E 8 18 0.031791 0.003731 459.69 0.47
E 8 19 0.034037 0.004100 447.51 0.69
E 8 20 0.034119 0.002841 505.44 0.48
E 8 21 0.034119 0.002841 444.11 0.83
E 8 22 0.031760 0.003790 436.44 0.19
E 8 23 0.032322 0.004112 443.33 0.12
E 8 24 0.033036 0.002417 433.87 0.22
E 8 25 0.033365 0.004961 472.85 0.21
E 8 26 0.030743 0.003387 417.45 1.35
E 8 27 0.034129 0.004286 522.33 41.00
E 8 29 0.031416 0.003688 467.86 69.49
E 8 30 0.029536 0.003257 438.62 333.91
E 8 31 0.029268 0.003376 438.87 1.88
E 8 32 0.028145 0.005062 444.73 3.14
E 8 33 0.030949 0.003427 459.03 4.56
E 8 34 0.034653 0.003022 504.46 0.27
E 8 35 0.033587 0.002171 505.46 0.80
E 8 36 0.033367 0.003239 463.74 0.22
E 8 37 0.029463 0.003868 456.53 2.84
E 8 38 0.032897 0.000824 505.05 0.45
E 8 39 0.034020 0.004253 534.26 0.29
E 8 40 0.032374 0.003494 449.98 1.88
E 8 41 0.032728 0.005766 450.82 5.70
E 8 42 0.034006 0.002963 458.25 194.22
E 8 43 0.030350 0.005644 430.83 0.56
E 8 44 0.028255 0.003757 408.21 0.00
E 8 46 0.033309 0.002004 465.96 1.85
E 8 47 0.033169 0.000972 440.63 1.16
E 8 49 0.033875 0.002694 482.06 1.84
E 8 50 0.024573 0.001018 393.30 0.23
E 8 51 0.031447 0.003816 493.14 1.87
E 8 52 0.033417 0.002883 495.02 2.48
E 8 53 0.031760 0.003659 459.68 0.08
E 8 54 0.029722 0.003356 424.99 0.19
E 8 55 0.033165 0.000751 467.06 1.20
E 8 56 0.032495 0.004339 450.61 0.09
E 8 57 0.027686 0.003468 448.24 0.63
E 8 59 0.033003 0.004969 473.15 1.67
E 8 61 0.031541 0.003595 471.04 1.69
E 8 63 0.032512 0.003811 466.58 0.85
E 8 64 0.027667 0.003613 407.81 1.34
E 8 65 0.028423 0.005495 462.14 0.15
E 8 66 0.033016 0.004004 467.05 4.04
E 8 67 0.034839 0.006219 499.11 0.61
E 8 68 0.033966 0.004386 469.69 12.71
E 8 69 0.027686 0.003468 419.94 9.65
E 8 70 0.028423 0.003872 405.01 658.53
E 8 71 0.033659 0.006299 470.06 0.21
E 8 72 0.034120 0.003978 456.57 112.97
E 8 73 0.002321 0.000000 232.00 0.74
E 8 74 0.032884 0.004059 481.65 0.41
E 8 77 0.034258 0.003609 431.83 0.58
E 8 79 0.031147 0.004112 438.00 0.16
E 8 81 0.034592 0.005833 482.36 0.47
E 8 82 0.024572 0.001070 398.54 48.94
E 8 84 0.032831 0.004236 441.90 13.36
E 8 86 0.033401 0.004819 457.43 0.00
E 9 10 0.027664 0.002447 410.74 11.42
E 9 11 0.030026 0.006373 485.56 3.13
E 9 12 0.035656 0.005142 470.70 1.37
E 9 13 0.031879 0.005267 466.66 2.86
E 9 17 0.031288 0.002568 434.38 10.68
E 9 18 0.028797 0.003117 423.03 1.25
E 9 20 0.027129 0.007395 470.27 67.29
E 9 21 0.028444 0.001569 425.74 5.10
E 9 22 0.028797 0.003117 444.35 2.12
E 9 23 0.029912 0.002219 445.39 0.68
E 9 24 0.028232 0.002673 415.49 3.25
E 9 25 0.007922 0.000192 816.00 3.88
E 9 26 0.030620 0.003211 409.61 1.61
E 9 27 0.032572 0.000678 446.36 2.77
E 9 29 0.030607 0.002100 476.46 0.40
E 9 30 0.033173 0.002851 437.01 0.31
E 9 31 0.030144 0.003189 484.88 11.03
E 9 33 0.028901 0.003190 426.82 10.49
E 9 34 0.028509 0.002312 394.16 10.94
E 9 35 0.028232 0.002673 426.20 0.12
E 9 36 0.028878 0.003049 406.73 53.17
E 9 38 0.028646 0.003128 419.33 1.90
E 9 39 0.028242 0.003310 408.41 1.28
E 9 40 0.031832 0.001990 457.82 11.57
E 9 41 0.030796 0.003477 444.98 14.38
E 9 42 0.029405 0.002576 438.16 0.55
E 9 43 0.030765 0.005955 447.86 663.08
E 9 44 0.032968 0.006784 456.33 0.37
E 9 46 0.028923 0.003216 430.75 11.90
E 9 49 0.028943 0.003725 440.82 11.91
E 9 51 0.030400 0.003099 431.84 11.02
E 9 52 0.028590 0.002075 428.88 9.68
E 9 53 0.028831 0.003109 447.30 13.60
E 9 54 0.028895 0.003130 424.31 1.64
E 9 56 0.028734 0.003132 421.61 14.29
E 9 57 0.027540 0.000848 349.07 23.13
E 9 59 0.032551 0.005785 454.98 10.38
E 9 61 0.029158 0.003180 424.32 10.36
E 9 63 0.032588 0.004214 437.27 4.70
E 9 66 0.031735 0.003233 450.28 3.49
E 9 67 0.032563 0.004549 441.59 10.13
E 9 68 0.033783 0.004292 454.57 1.28
E 9 69 0.027738 0.001187 450.51 8.42
E 9 71 0.033185 0.008506 467.14 33.22
E 9 72 0.027540 0.001608 399.34 0.52
E 9 74 0.031137 0.003210 453.94 15.37
E 9 77 0.033634 0.002745 424.31 8.87
E 9 79 0.031487 0.004643 441.22 2.43
E 9 81 0.034002 0.004857 473.14 1.19
E 9 84 0.028659 0.003206 407.40 12.08
E 9 86 0.029601 0.003290 442.56 0.00
E 10 12 0.032586 0.005655 439.17 0.20
E 10 13 0.032243 0.005140 462.67 0.84
E 10 14 0.028365 0.003064 425.21 3.42
E 10 15 0.029084 0.003421 411.27 1.39
E 10 18 0.028083 0.001168 405.22 2.73
E 10 22 0.028083 0.001168 413.84 0.10
E 10 26 0.030535 0.002578 434.19 0.12
E 10 27 0.030672 0.003799 461.65 9.44
E 10 30 0.028427 0.002160 421.72 3.92
E 10 31 0.028610 0.003065 413.41 8.06
E 10 32 0.028393 0.004565 423.89 10.06
E 10 33 0.028083 0.002205 421.70 0.00
E 10 37 0.030692 0.004569 440.74 0.38
E 10 40 0.033046 0.002245 477.74 8.07
E 10 41 0.030592 0.002486 443.87 10.07
E 10 44 0.028613 0.003368 433.98 34.79
E 10 48 0.028868 0.004058 393.95 18.90
E 10 50 0.029085 0.003421 449.86 0.73
E 10 51 0.030853 0.003662 455.46 8.06
E 10 52 0.034209 0.004894 505.47 6.79
E 10 53 0.027996 0.001293 435.26 0.45
E 10 54 0.028467 0.002189 425.04 2.12
E 10 56 0.027847 0.001344 421.99 0.18
E 10 57 0.028357 0.002185 425.62 0.65
E 10 58 0.028061 0.003807 453.10 9.66
E 10 59 0.033358 0.007615 480.48 1.46
E 10 60 0.028062 0.003553 431.73 9.47
E 10 61 0.028735 0.001673 444.34 1.26
E 10 62 0.027991 0.002781 428.80 3.28
E 10 63 0.033004 0.003492 481.58 5.57
E 10 64 0.030579 0.006051 450.49 9.71
E 10 65 0.028598 0.005095 454.97 0.48
E 10 67 0.031470 0.003545 432.74 0.07
E 10 68 0.033625 0.003706 454.03 4.03
E 10 69 0.028405 0.002207 439.54 4.29
E 10 70 0.028530 0.002419 434.27 0.00
E 10 74 0.029693 0.001494 420.68 29.90
E 10 76 0.027993 0.002781 473.58 0.00
E 10 77 0.033847 0.003481 442.89 76.88
E 10 79 0.031493 0.004307 443.14 0.68
E 10 81 0.034639 0.005698 475.32 2.59
E 10 82 0.029085 0.005178 416.21 0.77
E 10 84 0.027849 0.001289 418.01 0.18
E 11 12 0.031635 0.006910 465.65 4.91
E 11 13 0.032312 0.005138 455.71 0.54
E 11 14 0.035152 0.005503 488.87 293.61
E 11 16 0.029572 0.005292 435.62 80.00
E 11 17 0.030985 0.004364 469.32 1.56
E 11 19 0.028232 0.004070 421.34 22.05
E 11 20 0.028257 0.003935 416.78 10.36
E 11 21 0.028260 0.003839 410.13 0.44
E 11 23 0.032217 0.004330 464.98 1.28
E 11 25 0.028143 0.003715 426.07 0.26
E 11 26 0.031946 0.005046 466.08 3.51
E 11 27 0.032674 0.004749 435.03 1.19
E 11 29 0.031194 0.004157 419.26 10.60
E 11 30 0.035690 0.003569 494.28 99.39
E 11 32 0.029888 0.006476 467.32 17.64
E 11 34 0.028144 0.003801 414.93 5.63
E 11 37 0.029958 0.004712 444.70 0.29
E 11 40 0.032314 0.004446 462.34 49.92
E 11 41 0.030160 0.005120 441.56 18.78
E 11 42 0.028430 0.004218 397.31 94.37
E 11 44 0.037354 0.005834 604.11 851.56
E 11 47 0.027636 0.002516 392.76 157.24
E 11 51 0.029514 0.005663 430.74 202.63
E 11 52 0.028300 0.004046 408.78 15.36
E 11 54 0.034889 0.002423 511.02 0.62
E 11 55 0.028278 0.003871 420.15 110.56
E 11 59 0.033050 0.007288 451.00 208.25
E 11 61 0.029001 0.005481 445.93 210.40
E 11 63 0.032667 0.004446 450.53 9.95
E 11 65 0.029726 0.006765 506.17 0.48
E 11 66 0.032023 0.004486 453.30 13.29
E 11 67 0.032401 0.004507 461.73 0.36
E 11 68 0.033876 0.004087 467.97 0.69
E 11 70 0.030044 0.006377 427.35 26.31
E 11 71 0.032507 0.005739 474.93 8.14
E 11 72 0.028176 0.003839 414.60 8.19
E 11 73 0.028316 0.004509 402.04 0.11
E 11 74 0.031213 0.004351 461.94 0.32
E 11 77 0.035556 0.004475 487.50 4.58
E 11 79 0.030312 0.005891 439.12 0.26
E 11 81 0.034922 0.005580 483.85 10.79
E 11 85 0.028232 0.003791 407.88 3.65
E 11 86 0.028336 0.004418 426.39 125.59
E 12 13 0.035651 0.006336 510.83 1.02
E 12 14 0.032726 0.005664 457.40 0.00
E 12 15 0.033221 0.006173 460.90 0.29
E 12 16 0.029689 0.002374 471.36 1.38
E 12 17 0.032817 0.005773 454.90 2.24
E 12 18 0.036065 0.005440 527.47 0.35
E 12 19 0.039609 0.005936 563.24 23.89
E 12 22 0.036065 0.005440 520.11 0.06
E 12 23 0.032940 0.005954 476.23 0.06
E 12 24 0.029349 0.001187 501.55 0.10
E 12 25 0.036302 0.007123 509.78 0.11
E 12 26 0.036018 0.004979 458.08 0.68
E 12 27 0.033178 0.005927 426.08 14.79
E 12 29 0.032091 0.005907 458.82 65.38
E 12 30 0.035834 0.004878 490.77 211.82
E 12 31 0.032353 0.005162 462.11 1.08
E 12 32 0.032782 0.006032 441.03 1.61
E 12 33 0.036065 0.005440 499.88 2.62
E 12 34 0.039610 0.005936 437.33 35.05
E 12 35 0.029349 0.001809 424.79 0.57
E 12 36 0.035076 0.004824 478.22 0.12
E 12 37 0.032679 0.005933 466.57 1.89
E 12 38 0.029349 0.001187 343.82 0.40
E 12 39 0.003089 0.000000 328.00 64.29
E 12 40 0.033095 0.005433 481.58 1.06
E 12 41 0.036439 0.005767 481.25 1.53
E 12 42 0.037377 0.003618 525.57 895.61
E 12 43 0.036293 0.005597 474.42 0.26
E 12 44 0.032322 0.005217 464.22 0.00
E 12 48 0.031184 0.006056 473.99 1.26
E 12 50 0.031231 0.005940 466.61 0.12
E 12 51 0.035291 0.004590 472.36 1.08
E 12 52 0.032594 0.005482 443.64 1.50
E 12 53 0.035656 0.005142 504.58 0.05
E 12 54 0.035687 0.004873 522.07 0.34
E 12 56 0.036659 0.006275 547.34 0.03
E 12 57 0.032094 0.005382 483.18 0.32
E 12 58 0.029594 0.005287 435.67 2.02
E 12 59 0.036065 0.005440 497.03 1.07
E 12 60 0.029595 0.005287 426.72 2.23
E 12 61 0.036293 0.005239 498.08 1.07
E 12 62 0.031261 0.006198 410.33 4.16
E 12 63 0.032930 0.005554 497.69 0.88
E 12 64 0.032761 0.005885 445.53 1.12
E 12 65 0.032802 0.005755 451.46 0.18
E 12 66 0.036583 0.005611 490.76 1.85
E 12 67 0.037553 0.006267 513.40 1.27
E 12 68 0.034329 0.005773 476.41 3.23
E 12 69 0.032094 0.005382 442.17 3.11
E 12 70 0.032752 0.005662 464.88 464.62
E 12 72 0.039610 0.005936 507.15 72.44
E 12 74 0.036267 0.006065 518.21 0.29
E 12 76 0.029595 0.005287 410.77 0.24
E 12 77 0.034640 0.005773 493.82 0.78
E 12 79 0.032614 0.005144 458.85 0.07
E 12 81 0.035076 0.005762 495.94 0.38
E 12 82 0.031323 0.005857 468.84 15.31
E 12 83 0.031298 0.005565 460.19 23.49
E 12 84 0.035776 0.006691 500.52 1.84
E 13 14 0.033239 0.005746 486.61 35.12
E 13 15 0.031449 0.005322 460.37 1.43
E 13 16 0.029199 0.005352 528.38 6.64
E 13 17 0.032426 0.004633 464.72 0.54
E 13 18 0.032264 0.004216 460.57 1.51
E 13 19 0.038236 0.005020 603.71 4.31
E 13 20 0.031327 0.004127 438.03 3.28
E 13 21 0.031775 0.004452 455.57 0.86
E 13 22 0.032264 0.004216 474.09 0.54
E 13 23 0.032571 0.005165 484.19 1.28
E 13 25 0.032548 0.005189 464.79 0.59
E 13 26 0.032102 0.005149 477.78 2.02
E 13 27 0.032311 0.005488 456.19 0.96
E 13 29 0.032157 0.005476 466.97 6.23
E 13 30 0.033118 0.006197 486.01 4.36
E 13 31 0.032245 0.005865 422.88 7.29
E 13 32 0.032378 0.005669 459.61 6.70
E 13 33 0.032264 0.004216 468.43 0.45
E 13 34 0.032102 0.004327 460.60 3.75
E 13 36 0.031497 0.005332 451.04 0.33
E 13 37 0.034047 0.006087 463.00 0.70
E 13 39 0.005794 0.000128 608.00 2.51
E 13 40 0.033350 0.005165 475.43 7.13
E 13 41 0.031821 0.005493 441.77 6.69
E 13 42 0.032100 0.004327 451.67 35.25
E 13 43 0.032264 0.006679 450.03 1.54
E 13 44 0.033458 0.005819 473.54 11.78
E 13 46 0.031497 0.005332 419.74 8.36
E 13 48 0.031507 0.005837 446.11 0.29
E 13 49 0.031115 0.005289 451.78 8.36
E 13 50 0.031318 0.005512 429.39 0.31
E 13 51 0.032132 0.006199 463.00 7.28
E 13 52 0.031979 0.005528 437.05 6.28
E 13 53 0.032264 0.004216 476.74 0.44
E 13 54 0.031881 0.005268 469.54 3.96
E 13 56 0.032241 0.004310 469.25 0.97
E 13 57 0.031914 0.006606 492.53 16.36
E 13 58 0.031295 0.006176 469.44 6.72
E 13 59 0.032773 0.006671 451.26 7.78
E 13 60 0.031321 0.006179 408.70 6.81
E 13 61 0.032360 0.005436 462.49 7.79
E 13 62 0.031522 0.006429 452.75 1.16
E 13 63 0.033265 0.005197 467.87 7.55
E 13 64 0.031830 0.006033 455.33 6.72
E 13 65 0.033367 0.006068 466.77 1.76
E 13 66 0.032271 0.005293 462.06 6.22
E 13 67 0.032112 0.005161 468.79 1.36
E 13 68 0.033534 0.005380 474.55 24.27
E 13 69 0.033079 0.009576 456.06 1.79
E 13 70 0.033714 0.006385 477.99 1.35
E 13 71 0.033166 0.006856 505.17 3.85
E 13 72 0.032103 0.004327 473.78 1.34
E 13 74 0.032448 0.005314 452.36 0.23
E 13 76 0.031522 0.006429 413.54 0.88
E 13 77 0.034573 0.005415 453.47 0.63
E 13 78 0.004130 0.001024 400.00 2.67
E 13 79 0.032097 0.005415 470.59 0.79
E 13 81 0.034841 0.005505 477.18 6.74
E 13 82 0.031319 0.005512 491.60 3.12
E 14 15 0.029276 0.004278 419.71 0.77
E 14 16 0.031222 0.006142 438.54 24.63
E 14 17 0.029000 0.001803 467.21 3.13
E 14 19 0.035157 0.010133 521.11 18.39
E 14 20 0.035986 0.006154 487.98 17.18
E 14 21 0.035985 0.006154 460.59 2.69
E 14 22 0.041900 0.005003 422.39 250.54
E 14 23 0.034643 0.005277 488.94 80.12
E 14 25 0.034387 0.004894 437.03 89.53
E 14 26 0.033622 0.003483 491.93 1.12
E 14 27 0.030995 0.004792 466.55 2.51
E 14 29 0.031757 0.003556 440.15 0.09
E 14 30 0.025556 0.001604 368.95 0.03
E 14 31 0.022878 0.003500 351.05 24.69
E 14 32 0.028131 0.004001 402.66 11.96
E 14 34 0.038438 0.005292 519.98 13.44
E 14 37 0.030607 0.004251 445.92 1.82
E 14 40 0.036555 0.003955 484.59 22.27
E 14 41 0.032437 0.005626 476.83 12.08
E 14 44 0.027318 0.004169 390.21 0.03
E 14 48 0.032087 0.005440 419.06 21.51
E 14 50 0.028526 0.003964 417.72 151.51
E 14 51 0.032924 0.004255 442.51 24.43
E 14 52 0.031738 0.003893 452.06 6.33
E 14 54 0.032765 0.003844 491.80 1.91
E 14 55 0.034004 0.005119 626.35 21.60
E 14 57 0.023140 0.002105 372.80 0.00
E 14 58 0.031682 0.005363 467.03 12.12
E 14 60 0.031789 0.005576 473.84 11.98
E 14 62 0.032925 0.004255 474.56 0.16
E 14 63 0.035601 0.004315 515.64 13.82
E 14 64 0.027968 0.005049 426.28 13.24
E 14 65 0.028288 0.005658 424.54 4.30
E 14 68 0.036704 0.004791 506.76 5.78
E 14 69 0.023004 0.002157 370.25 2.62
E 14 70 0.026324 0.002932 432.97 0.19
E 14 71 0.033388 0.005581 503.52 20.45
E 14 72 0.035986 0.009045 471.28 0.24
E 14 74 0.035228 0.005597 487.82 80.30
E 14 76 0.031106 0.004148 435.87 7.24
E 14 77 0.037381 0.005856 502.28 7.65
E 14 78 0.036131 0.004410 524.29 2.98
E 14 79 0.031423 0.004396 452.33 33.73
E 14 80 0.006402 0.000352 684.00 347.71
E 14 81 0.036921 0.006317 492.16 55.62
E 14 82 0.027970 0.004684 405.43 0.00
E 14 85 0.033927 0.008334 525.58 0.00
E 15 16 0.021633 0.005209 337.99 6.17
E 15 23 0.035426 0.006065 486.38 0.37
E 15 26 0.035294 0.003713 461.08 2.55
E 15 27 0.023066 0.004097 365.09 1.91
E 15 29 0.031827 0.003888 468.78 1.15
E 15 30 0.035686 0.003700 506.32 0.52
E 15 31 0.024439 0.003307 471.91 5.12
E 15 32 0.027257 0.003920 406.43 3.91
E 15 37 0.030796 0.004619 447.31 1.08
E 15 40 0.037893 0.005962 491.89 4.94
E 15 41 0.030546 0.004479 450.42 3.90
E 15 44 0.029094 0.004489 432.23 0.71
E 15 48 0.022888 0.003962 355.38 0.73
E 15 50 0.023448 0.004325 357.21 0.30
E 15 52 0.031245 0.002396 499.92 16.60
E 15 54 0.033149 0.001493 489.12 4.99
E 15 57 0.024399 0.002513 395.94 0.66
E 15 58 0.022990 0.004259 362.04 3.98
E 15 60 0.022918 0.003881 352.44 3.96
E 15 62 0.022831 0.004076 351.08 0.42
E 15 63 0.036358 0.005156 480.66 8.05
E 15 64 0.025068 0.003919 394.55 4.65
E 15 65 0.030128 0.006822 407.62 2.83
E 15 68 0.036774 0.004447 462.16 4.16
E 15 69 0.024383 0.000848 399.18 1.98
E 15 70 0.028215 0.003193 418.19 0.79
E 15 71 0.032489 0.007035 450.32 2.04
E 15 76 0.022831 0.004076 356.20 0.64
E 15 78 0.021494 0.006156 335.49 0.62
E 15 79 0.002801 0.000000 292.00 0.12
E 15 80 0.020455 0.006106 308.33 0.92
E 15 81 0.037140 0.006395 517.68 1.22
E 15 82 0.023034 0.003634 368.42 0.36
E 15 83 0.022863 0.004013 360.87 3.53
E 16 17 0.035793 0.005450 510.72 3.46
E 16 19 0.028311 0.004941 419.86 0.10
E 16 20 0.029426 0.005129 433.58 0.25
E 16 21 0.029665 0.005224 411.85 38.30
E 16 23 0.034270 0.005810 481.86 20.88
E 16 25 0.027703 0.004652 409.99 39.65
E 16 26 0.036072 0.005619 469.10 109.16
E 16 27 0.021978 0.002873 344.42 92.68
E 16 29 0.031549 0.005470 468.25 2.03
E 16 30 0.035689 0.005499 501.54 9.09
E 16 32 0.028307 0.002868 408.76 0.15
E 16 34 0.029051 0.005104 464.50 0.72
E 16 37 0.031965 0.005438 453.47 17.49
E 16 40 0.039818 0.006965 506.60 0.14
E 16 41 0.036133 0.005258 487.32 0.15
E 16 42 0.030733 0.005221 439.06 16.59
E 16 44 0.036019 0.005653 510.02 15.29
E 16 47 0.030483 0.005631 437.94 0.13
E 16 48 0.019655 0.003569 299.39 33.94
E 16 50 0.020765 0.002529 359.32 18.46
E 16 52 0.029215 0.003649 438.97 0.07
E 16 54 0.033148 0.005879 494.40 0.90
E 16 55 0.029900 0.005340 417.06 0.11
E 16 58 0.019900 0.003996 311.95 0.15
E 16 59 0.032014 0.002544 420.19 0.15
E 16 60 0.020039 0.002094 295.83 0.24
E 16 62 0.019772 0.001858 309.46 12.03
E 16 63 0.038724 0.006687 455.86 0.06
E 16 64 0.027639 0.004152 423.04 0.12
E 16 65 0.032854 0.007349 467.14 0.56
E 16 66 0.036441 0.003222 556.70 0.10
E 16 67 0.036666 0.004846 452.96 20.43
E 16 68 0.037811 0.005840 474.52 3.33
E 16 70 0.030384 0.007373 470.92 13.91
E 16 71 0.032693 0.006217 455.23 0.05
E 16 72 0.027703 0.004652 404.95 7.79
E 16 73 0.030458 0.006758 476.36 12.07
E 16 74 0.035114 0.005411 475.69 2.80
E 16 76 0.022096 0.002872 357.23 1.28
E 16 77 0.038210 0.005777 518.43 2.39
E 16 78 0.016997 0.001137 270.27 3.96
E 16 79 0.016357 0.002464 1696.00 1.55
E 16 80 0.016919 0.001106 270.32 6.50
E 16 81 0.037563 0.006578 488.10 0.20
E 16 82 0.020812 0.002120 336.17 1.31
E 16 83 0.020474 0.002173 345.77 1.84
E 16 85 0.029266 0.005828 400.58 1.87
E 17 18 0.031097 0.002538 451.85 8.90
E 17 19 0.034508 0.003267 464.46 2.03
E 17 20 0.035009 0.003752 490.08 2.68
E 17 21 0.035136 0.004728 490.08 0.41
E 17 22 0.031094 0.002559 465.39 16.40
E 17 23 0.030507 0.002239 437.59 16.37
E 17 24 0.033053 0.003424 475.87 61.08
E 17 25 0.034055 0.003548 515.11 12.52
E 17 26 0.031065 0.002472 467.06 8.48
E 17 29 0.030985 0.002626 424.91 1.27
E 17 30 0.030941 0.002561 449.88 0.87
E 17 31 0.030615 0.003353 428.64 1.95
E 17 33 0.031097 0.002832 440.04 0.07
E 17 34 0.034514 0.003361 463.38 2.68
E 17 35 0.033096 0.003294 443.46 14.16
E 17 36 0.033468 0.003575 459.51 0.40
E 17 37 0.029205 0.003699 428.37 0.78
E 17 38 0.032629 0.003297 470.52 121.29
E 17 39 0.033102 0.003867 479.34 220.11
E 17 40 0.032215 0.002277 475.70 1.93
E 17 42 0.033671 0.003430 461.50 2.17
E 17 43 0.031114 0.005759 439.65 0.86
E 17 44 0.029541 0.002154 429.21 1.07
E 17 46 0.033348 0.003502 471.92 1.96
E 17 47 0.034850 0.004447 469.65 2.21
E 17 49 0.033348 0.004430 458.00 1.96
E 17 51 0.031192 0.002948 458.85 1.95
E 17 52 0.033335 0.003238 439.71 0.60
E 17 53 0.031097 0.002538 439.33 0.67
E 17 54 0.030960 0.002508 444.61 54.60
E 17 55 0.035624 0.004523 437.63 3.54
E 17 56 0.031055 0.002483 428.74 1.15
E 17 57 0.028480 0.001632 411.61 0.42
E 17 59 0.032838 0.005294 448.76 2.17
E 17 61 0.031241 0.002552 445.71 2.15
E 17 63 0.032413 0.003684 456.70 1.23
E 17 65 0.029089 0.003844 423.48 4.84
E 17 66 0.031825 0.002636 457.06 1.17
E 17 67 0.033075 0.004820 486.67 6.15
E 17 68 0.033707 0.003925 495.13 0.40
E 17 69 0.028480 0.001632 430.63 0.28
E 17 70 0.029089 0.001953 414.73 0.24
E 17 71 0.034211 0.006324 497.85 2.15
E 17 72 0.034514 0.003361 436.81 3.52
E 17 74 0.031564 0.002586 442.91 0.44
E 17 77 0.035207 0.004785 502.00 0.23
E 17 79 0.031096 0.004038 464.08 0.66
E 17 81 0.034610 0.005276 470.01 0.25
E 17 84 0.031129 0.002637 458.17 115.17
E 18 21 0.028416 0.000509 436.14 5.04
E 18 22 0.027610 0.001578 424.32 0.95
E 18 23 0.030663 0.002580 463.70 0.55
E 18 24 0.027122 0.000906 404.98 0.41
E 18 25 0.010723 0.000160 1108.00 0.43
E 18 26 0.030529 0.002315 475.34 0.93
E 18 27 0.034042 0.003223 455.64 63.04
E 18 29 0.031033 0.002433 416.71 3.11
E 18 30 0.026960 0.001598 406.38 6.50
E 18 31 0.030057 0.003037 445.26 7.87
E 18 33 0.028663 0.002831 435.97 3.21
E 18 35 0.027072 0.000948 407.64 1.86
E 18 36 0.027113 0.001960 396.67 1.54
E 18 37 0.030706 0.000424 442.24 0.47
E 18 38 0.026831 0.001223 392.26 0.44
E 18 39 0.027107 0.003140 401.52 0.20
E 18 40 0.031788 0.001385 443.60 8.27
E 18 41 0.030697 0.001129 452.92 10.25
E 18 42 0.030874 0.001696 464.13 1.06
E 18 43 0.030925 0.006558 449.46 2.02
E 18 44 0.031703 0.008098 433.03 6.05
E 18 46 0.027038 0.001540 411.63 8.72
E 18 48 0.005314 0.000032 548.00 6.14
E 18 49 0.027039 0.003725 413.96 8.72
E 18 51 0.030422 0.003034 450.86 7.87
E 18 52 0.034897 0.002035 530.21 3.69
E 18 53 0.028566 0.003672 424.61 0.93
E 18 54 0.028788 0.002008 427.83 0.25
E 18 56 0.027146 0.001863 401.82 2.83
E 18 57 0.027789 0.002375 422.85 5.51
E 18 59 0.033050 0.006263 485.75 7.64
E 18 61 0.029263 0.002146 433.19 7.62
E 18 63 0.032345 0.003520 456.57 4.10
E 18 64 0.010723 0.000160 1108.00 9.33
E 18 66 0.031884 0.002944 451.12 4.44
E 18 67 0.032762 0.004773 450.89 0.98
E 18 68 0.033821 0.004175 473.01 8.57
E 18 69 0.028416 0.000814 363.98 23.55
E 18 74 0.031251 0.001747 449.42 1.59
E 18 75 0.026924 0.001109 391.42 174.21
E 18 77 0.034062 0.003383 458.89 8.78
E 18 79 0.031751 0.004410 445.53 1.35
E 18 81 0.034824 0.005597 480.05 33.28
E 18 84 0.027091 0.002660 416.35 437.27
E 19 20 0.024286 0.003782 407.61 0.29
E 19 21 0.024240 0.003803 386.42 6.49
E 19 23 0.034107 0.005488 496.98 7.27
E 19 25 0.024195 0.003609 365.85 9.01
E 19 26 0.036422 0.004100 512.16 66.55
E 19 27 0.032674 0.005126 466.73 305.65
E 19 29 0.031748 0.004282 463.41 2.72
E 19 30 0.035690 0.006083 480.23 23.59
E 19 34 0.024457 0.004100 367.56 0.13
E 19 37 0.033194 0.002374 438.97 4.37
E 19 40 0.036956 0.005201 504.08 0.16
E 19 41 0.032449 0.002374 493.97 0.18
E 19 42 0.025678 0.003925 401.71 12.76
E 19 44 0.017620 0.002752 1912.00 15.63
E 19 47 0.023075 0.003853 351.88 0.15
E 19 52 0.027395 0.002508 417.80 0.15
E 19 54 0.036471 0.006680 552.06 1.27
E 19 55 0.023324 0.003438 345.55 0.13
E 19 59 0.033008 0.004967 427.01 0.17
E 19 63 0.035858 0.005075 473.33 0.17
E 19 64 0.002961 0.000000 312.00 0.07
E 19 65 0.005698 0.000544 596.00 0.48
E 19 66 0.034889 0.003505 550.10 0.21
E 19 67 0.035206 0.005970 554.31 15.85
E 19 68 0.033679 0.004193 473.15 5.88
E 19 70 0.036641 0.017723 471.77 36.04
E 19 71 0.032446 0.005646 460.34 0.12
E 19 72 0.024339 0.004100 404.41 5.88
E 19 73 0.023525 0.004491 351.34 4.78
E 19 74 0.033182 0.003803 455.91 1.82
E 19 77 0.035721 0.004724 476.12 1.10
E 19 78 0.018156 0.000000 523.75 1.64
E 19 79 0.013379 0.006688 1440.00 0.62
E 19 81 0.037320 0.006455 479.13 0.23
E 19 85 0.024260 0.004212 376.76 2.69
E 20 21 0.023116 0.003036 375.08 3.16
E 20 23 0.034542 0.005767 497.03 4.13
E 20 25 0.023472 0.003189 362.05 5.53
E 20 26 0.036422 0.002940 493.41 47.65
E 20 27 0.034042 0.003222 463.20 264.09
E 20 29 0.031550 0.004545 453.03 3.02
E 20 30 0.035690 0.003569 506.31 41.30
E 20 34 0.024478 0.002996 361.47 0.18
E 20 40 0.039101 0.006636 478.96 0.39
E 20 41 0.030188 0.004296 444.38 0.43
E 20 42 0.025668 0.003436 387.45 12.84
E 20 44 0.017620 0.002752 1912.00 20.70
E 20 47 0.022585 0.003000 354.99 0.36
E 20 52 0.027434 0.003134 422.14 0.19
E 20 54 0.036472 0.000872 449.84 0.79
E 20 55 0.023029 0.003000 366.51 0.32
E 20 59 0.032470 0.005385 485.03 0.42
E 20 63 0.037583 0.006200 477.49 0.43
E 20 64 0.040995 0.005314 551.41 0.15
E 20 65 0.005698 0.000544 596.00 0.48
E 20 66 0.031668 0.003751 470.17 0.19
E 20 67 0.031362 0.004206 447.84 10.64
E 20 68 0.033582 0.003823 472.09 4.55
E 20 70 0.036641 0.004833 540.88 57.08
E 20 71 0.032445 0.005646 483.42 0.13
E 20 72 0.024181 0.003004 379.06 3.43
E 20 73 0.022710 0.004398 336.41 2.89
E 20 74 0.031329 0.003279 446.94 1.20
E 20 77 0.035667 0.004638 492.40 0.56
E 20 81 0.037405 0.006318 517.97 0.52
E 20 85 0.023006 0.002924 372.88 1.93
E 21 22 0.031610 0.006558 649.77 1.06
E 21 23 0.032157 0.003884 467.86 1.07
E 21 25 0.023502 0.001306 358.28 5.93
E 21 26 0.036422 0.002940 524.03 0.04
E 21 27 0.034040 0.003223 510.25 0.15
E 21 29 0.031158 0.003508 475.14 1.05
E 21 30 0.035690 0.003569 501.63 0.69
E 21 31 0.030706 0.000509 362.35 90.31
E 21 33 0.005122 0.000096 524.00 1.83
E 21 34 0.024430 0.002120 358.32 2.92
E 21 36 0.028416 0.001526 644.51 0.14
E 21 37 0.033363 0.004127 447.45 0.65
E 21 40 0.032531 0.002524 453.15 78.43
E 21 41 0.030080 0.001553 446.59 97.79
E 21 42 0.025667 0.001340 382.65 3.31
E 21 44 0.036017 0.005653 432.36 0.96
E 21 47 0.023670 0.000787 371.82 32.19
E 21 50 0.027144 0.000678 352.82 0.33
E 21 51 0.031610 0.001470 477.37 88.83
E 21 52 0.027620 0.002094 406.49 43.30
E 21 53 0.031215 0.003901 450.19 0.17
E 21 54 0.036471 0.000799 585.18 5.61
E 21 55 0.022953 0.002214 360.42 45.24
E 21 59 0.032653 0.007265 458.01 94.56
E 21 63 0.032713 0.003412 459.66 114.56
E 21 64 0.040995 0.005314 524.50 89.13
E 21 65 0.029604 0.002375 508.20 2.23
E 21 66 0.031218 0.002056 481.35 22.55
E 21 67 0.032272 0.004350 437.09 2.65
E 21 68 0.033765 0.003944 477.60 26.34
E 21 69 0.002481 0.000000 252.00 0.45
E 21 70 0.036640 0.004833 488.96 0.15
E 21 71 0.032507 0.005739 470.09 3.11
E 21 72 0.024193 0.001856 389.38 74.12
E 21 73 0.023032 0.004611 342.75 1.77
E 21 74 0.031336 0.002301 458.63 0.08
E 21 76 0.027766 0.000791 501.54 0.14
E 21 77 0.035547 0.004555 454.11 0.12
E 21 79 0.016917 0.000704 1708.00 0.18
E 21 81 0.034707 0.005462 462.77 74.55
E 21 83 0.027767 0.000791 415.73 0.00
E 21 85 0.022967 0.002509 359.55 0.00
E 22 23 0.030535 0.002449 452.99 0.05
E 22 24 0.027655 0.001729 418.55 0.06
E 22 25 0.011747 0.001888 1236.00 0.09
E 22 26 0.030529 0.002315 438.86 0.45
E 22 27 0.036471 0.006639 494.41 4.02
E 22 29 0.031007 0.002613 416.92 13.91
E 22 30 0.027235 0.001805 413.01 60.23
E 22 31 0.030320 0.004092 481.76 20.23
E 22 33 0.028500 0.002745 432.76 4.02
E 22 35 0.027637 0.001705 404.06 0.40
E 22 36 0.027837 0.002579 423.35 2.14
E 22 37 0.032288 0.006558 572.87 0.83
E 22 38 0.027554 0.001909 412.68 0.39
E 22 39 0.027636 0.003140 396.68 0.19
E 22 40 0.031984 0.001809 463.97 21.62
E 22 41 0.030714 0.001173 460.92 26.20
E 22 42 0.032401 0.005003 485.02 20.41
E 22 43 0.030925 0.006558 463.36 1.38
E 22 44 0.031961 0.007937 483.38 221.24
E 22 46 0.027781 0.002046 442.92 25.25
E 22 48 0.006114 0.001088 648.00 0.67
E 22 49 0.027698 0.003725 402.81 25.26
E 22 50 0.026636 0.000678 783.84 0.29
E 22 51 0.030436 0.003067 439.15 20.14
E 22 52 0.034897 0.004286 578.43 39.43
E 22 53 0.028539 0.003539 450.24 0.17
E 22 54 0.028788 0.002008 440.52 0.96
E 22 56 0.027613 0.001883 410.13 0.37
E 22 57 0.031128 0.005003 490.48 0.11
E 22 59 0.033050 0.006263 463.44 22.50
E 22 61 0.029201 0.002035 439.65 22.49
E 22 63 0.032626 0.003548 475.51 9.52
E 22 64 0.040995 0.005314 457.91 24.60
E 22 65 0.008946 0.001856 944.00 0.38
E 22 66 0.031884 0.002944 464.42 3.23
E 22 67 0.032762 0.004773 454.72 0.21
E 22 68 0.034164 0.004426 453.76 0.60
E 22 69 0.031128 0.005003 453.86 0.83
E 22 70 0.039751 0.005314 575.36 151.57
E 22 72 0.002513 0.000000 256.00 6.69
E 22 74 0.031251 0.002079 441.91 2.99
E 22 77 0.034062 0.003383 470.68 1.57
E 22 79 0.031940 0.004384 457.66 0.22
E 22 81 0.035054 0.005896 506.98 2.60
E 22 84 0.027630 0.002708 410.25 2.40
E 23 25 0.032193 0.003913 471.30 0.25
E 23 26 0.032739 0.004286 464.51 0.68
E 23 27 0.036145 0.006657 484.41 5.05
E 23 29 0.032093 0.003406 464.07 5.70
E 23 30 0.035553 0.005554 497.71 36.09
E 23 31 0.039673 0.006708 471.73 34.87
E 23 32 0.032594 0.004590 470.02 8.20
E 23 33 0.030663 0.002580 443.58 13.41
E 23 34 0.032193 0.003913 454.20 2.49
E 23 37 0.032691 0.004469 457.87 0.43
E 23 40 0.032421 0.003579 451.86 31.05
E 23 41 0.032559 0.004609 491.29 8.28
E 23 42 0.030047 0.002065 469.32 17.14
E 23 43 0.030654 0.006679 443.00 2.04
E 23 44 0.032724 0.004005 455.43 295.08
E 23 47 0.029349 0.001357 508.98 29.18
E 23 48 0.040569 0.007434 547.09 0.96
E 23 50 0.035481 0.006200 497.44 0.06
E 23 51 0.030635 0.003705 465.46 34.40
E 23 52 0.033509 0.004054 439.05 22.74
E 23 53 0.030663 0.002580 452.03 1.78
E 23 54 0.030412 0.002532 427.74 0.58
E 23 55 0.031558 0.004427 461.89 22.14
E 23 56 0.030156 0.002105 457.74 0.25
E 23 58 0.035497 0.005914 484.02 8.32
E 23 59 0.033501 0.007862 473.39 36.00
E 23 60 0.035497 0.005914 450.92 8.41
E 23 61 0.030635 0.002433 453.09 36.32
E 23 62 0.034980 0.005840 470.02 0.32
E 23 63 0.032846 0.003577 477.95 4.96
E 23 64 0.032621 0.004229 491.97 10.51
E 23 65 0.032619 0.005328 448.14 0.50
E 23 66 0.030721 0.002437 462.83 7.39
E 23 67 0.031469 0.003545 442.01 0.41
E 23 68 0.033300 0.004122 477.72 1.02
E 23 70 0.032619 0.003588 453.25 107.80
E 23 71 0.032587 0.005997 463.72 4.16
E 23 72 0.032193 0.003913 441.48 3.01
E 23 73 0.030705 0.001018 669.66 0.12
E 23 74 0.031005 0.002723 456.48 1.21
E 23 76 0.034855 0.005658 516.76 0.61
E 23 77 0.035754 0.004820 510.80 7.60
E 23 78 0.033418 0.004941 501.70 0.09
E 23 79 0.032231 0.004200 453.78 0.30
E 23 80 0.032151 0.004749 503.61 0.52
E 23 81 0.034398 0.005623 489.64 4.42
E 23 82 0.037542 0.007605 471.66 1.04
E 23 83 0.035452 0.005858 490.47 0.54
E 23 85 0.033320 0.005530 465.62 5.24
E 23 86 0.031198 0.003713 430.73 3.24
E 24 26 0.029270 0.001913 426.94 0.30
E 24 30 0.033306 0.003776 504.32 141.74
E 24 31 0.032185 0.003854 515.45 30.73
E 24 33 0.028319 0.002585 422.65 1051.64
E 24 35 0.020323 0.000685 333.07 1.30
E 24 36 0.023524 0.001335 374.83 0.60
E 24 38 0.020279 0.001451 325.35 0.21
E 24 39 0.022046 0.003747 341.77 0.13
E 24 40 0.037574 0.001781 561.82 31.89
E 24 41 0.032136 0.001569 461.51 38.86
E 24 42 0.032400 0.002120 440.69 15.12
E 24 43 0.030686 0.005959 436.21 2.23
E 24 46 0.022695 0.001433 347.28 29.93
E 24 49 0.024157 0.003249 380.60 29.95
E 24 51 0.030309 0.003027 451.21 30.72
E 24 52 0.036048 0.003307 456.20 23.92
E 24 53 0.028038 0.002928 436.84 0.28
E 24 54 0.028099 0.001956 427.02 0.68
E 24 56 0.025095 0.001976 366.67 0.36
E 24 59 0.032686 0.005872 447.44 27.07
E 24 61 0.029106 0.001954 425.90 26.92
E 24 66 0.033362 0.003115 449.80 12.23
E 24 67 0.032801 0.004603 471.36 0.06
E 24 68 0.040993 0.009667 553.07 1.02
E 24 74 0.033207 0.002659 448.85 5.04
E 24 75 0.020236 0.000659 336.36 0.32
E 24 79 0.032475 0.005064 457.08 0.28
E 24 81 0.037149 0.000000 433.56 3.03
E 24 84 0.023952 0.002079 366.34 1.06
E 25 26 0.036747 0.004984 496.24 0.21
E 25 27 0.032673 0.004777 491.01 10.44
E 25 29 0.031213 0.003441 430.09 6.83
E 25 30 0.035689 0.004777 464.24 31.91
E 25 31 0.034776 0.007123 412.10 85.37
E 25 32 0.029010 0.002035 559.35 95.14
E 25 34 0.024458 0.002170 385.04 4.27
E 25 36 0.010723 0.000576 1108.00 1.67
E 25 37 0.033843 0.003943 561.58 0.14
E 25 40 0.032315 0.002328 463.91 73.83
E 25 41 0.029944 0.001488 435.67 94.30
E 25 42 0.025698 0.001487 383.67 19.65
E 25 44 0.036017 0.005653 484.36 523.98
E 25 47 0.028229 0.004709 403.92 30.39
E 25 50 0.007506 0.000192 764.00 0.14
E 25 51 0.031609 0.001470 437.90 83.93
E 25 52 0.027832 0.002160 424.79 20.63
E 25 53 0.010258 0.001792 1108.00 5.67
E 25 54 0.036470 0.004876 516.63 0.62
E 25 55 0.023285 0.002180 352.16 41.68
E 25 57 0.002385 0.000000 240.00 0.15
E 25 59 0.032211 0.004643 462.32 90.17
E 25 61 0.016581 0.001440 1724.00 91.02
E 25 63 0.032669 0.003297 451.78 25.96
E 25 64 0.036472 0.005698 595.35 84.35
E 25 65 0.029603 0.002375 426.55 0.40
E 25 66 0.031700 0.002579 423.52 28.73
E 25 67 0.035206 0.005970 451.13 0.26
E 25 68 0.033811 0.003839 484.27 1.03
E 25 69 0.002481 0.000000 252.00 1.91
E 25 70 0.036640 0.004833 511.32 61.63
E 25 71 0.032551 0.005716 436.60 5.07
E 25 72 0.024193 0.001850 380.63 1.60
E 25 73 0.023407 0.004600 363.90 0.13
E 25 74 0.031220 0.002013 427.65 1.82
E 25 76 0.026127 0.001187 299.86 15.71
E 25 77 0.035666 0.004638 482.14 873.31
E 25 79 0.035455 0.004410 498.72 0.30
E 25 81 0.037140 0.006395 492.63 10.97
E 25 83 0.003554 0.000000 328.00 0.82
E 25 85 0.023248 0.002487 360.11 1.34
E 25 86 0.027394 0.004775 408.62 2.20
E 26 27 0.035764 0.004826 496.46 17.23
E 26 29 0.031467 0.003477 449.11 0.82
E 26 30 0.031037 0.002473 442.35 1.03
E 26 31 0.034026 0.003205 454.55 189.29
E 26 32 0.035894 0.004161 536.29 34.99
E 26 33 0.030491 0.002288 429.82 901.16
E 26 34 0.036423 0.002940 477.36 16.16
E 26 35 0.028743 0.001938 421.61 5.90
E 26 36 0.030843 0.002435 431.20 32.02
E 26 37 0.034078 0.004735 460.89 0.58
E 26 38 0.028951 0.002357 421.67 1.28
E 26 39 0.029109 0.002431 409.86 0.12
E 26 40 0.032914 0.002437 453.73 85.30
E 26 41 0.030835 0.002338 457.02 36.79
E 26 42 0.031740 0.002548 461.01 0.42
E 26 43 0.030689 0.006468 436.41 45.76
E 26 44 0.031071 0.004007 447.29 2.45
E 26 46 0.028902 0.002195 432.13 227.19
E 26 47 0.036217 0.001696 469.94 180.31
E 26 49 0.028940 0.004293 429.39 225.73
E 26 50 0.036415 0.001978 498.12 1.06
E 26 51 0.030575 0.003196 448.88 186.03
E 26 52 0.035870 0.003487 515.43 8.41
E 26 53 0.030529 0.003295 454.64 40.53
E 26 54 0.030634 0.002241 451.68 1.27
E 26 55 0.036810 0.003256 457.70 91.00
E 26 56 0.029941 0.002310 413.14 8.23
E 26 57 0.034916 0.003404 513.24 2.81
E 26 59 0.033031 0.006295 459.34 196.55
E 26 61 0.030541 0.002370 435.35 198.59
E 26 63 0.032854 0.003417 455.51 23.36
E 26 64 0.036132 0.007729 549.98 63.95
E 26 65 0.033917 0.005868 451.65 1.18
E 26 66 0.031594 0.002526 442.48 21.33
E 26 67 0.032361 0.004056 453.66 0.33
E 26 68 0.034277 0.004586 481.79 1.48
E 26 69 0.034580 0.003339 472.66 2.65
E 26 70 0.033917 0.003163 486.67 49.13
E 26 71 0.036072 0.005385 464.59 29.73
E 26 72 0.036422 0.004677 483.02 0.85
E 26 73 0.037150 0.001526 763.57 1.38
E 26 74 0.031065 0.002397 445.82 40.41
E 26 77 0.034574 0.004078 491.43 8.65
E 26 79 0.031666 0.004193 469.59 44.58
E 26 81 0.034831 0.005294 472.39 18.75
E 26 84 0.030117 0.002319 419.48 0.00
E 26 85 0.036415 0.008334 507.92 0.00
E 26 86 0.031740 0.003226 491.70 0.00
E 27 29 0.031810 0.004306 435.73 1.08
E 27 30 0.034882 0.004826 463.21 93.05
E 27 31 0.030340 0.003942 443.42 126.65
E 27 32 0.027419 0.004199 427.75 64.05
E 27 33 0.034041 0.003223 524.70 0.11
E 27 34 0.034042 0.003392 489.18 252.79
E 27 36 0.035879 0.002205 611.54 0.61
E 27 37 0.030742 0.004335 450.33 1.64
E 27 40 0.039509 0.005613 494.30 117.13
E 27 41 0.032071 0.004281 486.59 65.44
E 27 44 0.029627 0.004583 440.20 2.26
E 27 48 0.022580 0.003259 373.76 0.06
E 27 50 0.023248 0.002391 364.02 0.63
E 27 51 0.034604 0.005500 448.54 125.72
E 27 52 0.031069 0.005976 449.62 10.83
E 27 53 0.036246 0.006332 582.08 1.05
E 27 54 0.033722 0.005465 442.28 572.03
E 27 55 0.033985 0.004824 431.74 145.40
E 27 57 0.031814 0.004386 440.00 0.59
E 27 58 0.022388 0.004145 360.12 61.53
E 27 60 0.022456 0.002172 353.21 65.73
E 27 62 0.021834 0.001866 372.66 0.21
E 27 63 0.037937 0.006093 491.46 72.96
E 27 64 0.025337 0.003817 376.59 84.95
E 27 65 0.030415 0.005679 463.33 30.39
E 27 68 0.038179 0.005373 473.81 0.51
E 27 69 0.031936 0.004711 478.49 0.09
E 27 70 0.028627 0.003773 430.11 0.09
E 27 71 0.032266 0.006746 447.04 204.16
E 27 72 0.034041 0.009045 424.10 3.08
E 27 74 0.034098 0.003223 500.81 0.38
E 27 76 0.021692 0.001890 348.92 0.89
E 27 77 0.037180 0.005674 531.78 1.09
E 27 78 0.017513 0.001165 271.71 1.77
E 27 79 0.035141 0.006445 513.07 2.48
E 27 80 0.017165 0.000959 264.44 2.78
E 27 81 0.038031 0.006869 488.01 81.95
E 27 83 0.021651 0.001782 337.62 0.00
E 29 30 0.033998 0.005337 502.33 0.08
E 29 31 0.034436 0.003308 441.47 2.86
E 29 32 0.031138 0.004357 449.45 3.70
E 29 33 0.031032 0.002433 456.85 1.67
E 29 34 0.031202 0.003443 481.36 8.61
E 29 37 0.031283 0.004093 449.31 3.99
E 29 40 0.032213 0.003124 452.46 2.68
E 29 41 0.031224 0.003096 445.58 3.85
E 29 42 0.031118 0.002677 428.13 0.08
E 29 43 0.031032 0.005183 447.21 10.68
E 29 44 0.031624 0.003430 442.58 0.04
E 29 47 0.032656 0.004240 409.18 2.58
E 29 48 0.032739 0.003176 457.98 5.33
E 29 50 0.031297 0.003239 435.94 7.14
E 29 51 0.031031 0.003536 449.53 2.84
E 29 52 0.031177 0.003313 446.03 1.44
E 29 53 0.031033 0.002433 458.87 172.07
E 29 54 0.031229 0.002929 451.62 6.70
E 29 55 0.030952 0.004178 436.69 2.31
E 29 58 0.031752 0.004690 429.60 3.86
E 29 59 0.032908 0.008372 491.37 2.91
E 29 60 0.031752 0.004132 414.13 4.13
E 29 61 0.031031 0.002433 452.52 2.92
E 29 62 0.031751 0.004132 420.52 6.86
E 29 63 0.032504 0.003124 456.12 2.16
E 29 64 0.031324 0.003694 439.33 2.60
E 29 65 0.031351 0.005800 424.44 28.89
E 29 66 0.031031 0.002433 459.59 1.48
E 29 67 0.031032 0.003174 453.69 7.46
E 29 68 0.033535 0.003746 475.49 2.82
E 29 70 0.031351 0.003255 459.81 0.44
E 29 71 0.032512 0.005903 461.01 1.39
E 29 72 0.031216 0.003302 437.40 0.15
E 29 73 0.034550 0.003844 446.95 16.44
E 29 74 0.031392 0.002601 428.08 45.40
E 29 76 0.031751 0.004132 467.16 19.65
E 29 77 0.035646 0.004821 480.96 4.03
E 29 78 0.031505 0.003901 462.28 17.54
E 29 79 0.031225 0.003553 440.00 7.65
E 29 80 0.031437 0.004445 455.35 71.65
E 29 81 0.034457 0.005658 454.60 30.79
E 29 82 0.031281 0.003127 425.93 13.67
E 29 83 0.031933 0.004127 461.35 0.00
E 29 85 0.031506 0.005730 409.12 0.00
E 30 31 0.025204 0.004018 386.41 17.93
E 30 32 0.035353 0.004167 502.15 7.21
E 30 33 0.027790 0.002263 412.94 1.14
E 30 34 0.037018 0.004353 447.38 19.86
E 30 35 0.034748 0.004523 424.99 0.20
E 30 36 0.034284 0.003191 447.31 35.02
E 30 37 0.032216 0.004523 488.56 1.94
E 30 38 0.039476 0.004216 540.16 2.41
E 30 39 0.034748 0.004523 494.38 5.80
E 30 40 0.037567 0.004807 514.03 10.97
E 30 41 0.033319 0.003190 484.70 7.27
E 30 42 0.036792 0.004410 540.54 0.04
E 30 43 0.030403 0.005505 457.58 41.94
E 30 44 0.027004 0.003832 411.16 0.02
E 30 46 0.033811 0.002688 469.96 21.39
E 30 47 0.039476 0.004216 544.03 18.43
E 30 48 0.014435 0.000992 1572.00 7.80
E 30 49 0.033917 0.002374 508.69 21.28
E 30 50 0.039476 0.004216 538.51 11.30
E 30 51 0.032783 0.002963 480.53 17.66
E 30 52 0.035958 0.003392 523.36 3.52
E 30 53 0.028001 0.003110 429.00 69.26
E 30 54 0.029409 0.002190 431.07 8.06
E 30 55 0.037295 0.003683 498.06 10.03
E 30 56 0.029998 0.001962 425.03 46.62
E 30 57 0.024821 0.001438 395.83 208.23
E 30 59 0.032751 0.004133 464.95 18.70
E 30 61 0.032331 0.002681 449.04 18.85
E 30 63 0.036330 0.005792 511.67 7.82
E 30 64 0.035609 0.007729 500.58 8.91
E 30 65 0.031953 0.005848 455.58 11.19
E 30 66 0.033318 0.002921 452.41 5.48
E 30 67 0.035662 0.005845 511.78 20.70
E 30 68 0.039048 0.007669 480.18 2.81
E 30 69 0.023948 0.001230 345.42 3.48
E 30 70 0.031908 0.002827 447.05 0.16
E 30 71 0.035690 0.003569 490.90 16.18
E 30 72 0.037018 0.005160 496.23 0.11
E 30 73 0.038055 0.002601 572.40 24.16
E 30 74 0.033844 0.003304 507.13 25.40
E 30 77 0.037080 0.004794 513.62 1.92
E 30 79 0.031797 0.004076 452.16 4.34
E 30 81 0.035242 0.005731 486.24 181.78
E 30 84 0.031957 0.005714 478.84 0.00
E 30 85 0.038252 0.008334 554.38 0.00
E 31 33 0.030590 0.004545 417.44 2.89
E 31 35 0.032186 0.003854 445.97 8.49
E 31 36 0.031861 0.003651 475.39 2.04
E 31 37 0.030193 0.004017 441.27 21.68
E 31 38 0.032571 0.004172 427.28 16.60
E 31 39 0.033807 0.005185 541.43 7.91
E 31 42 0.032402 0.002120 464.16 33.87
E 31 43 0.030410 0.003683 462.80 1.67
E 31 44 0.027027 0.003644 406.00 12.91
E 31 48 0.034776 0.007123 419.94 35.98
E 31 50 0.026363 0.003002 375.35 19.48
E 31 52 0.034432 0.003150 486.05 0.14
E 31 53 0.031064 0.003335 465.63 2.56
E 31 54 0.033842 0.003582 478.58 1.42
E 31 56 0.031865 0.003533 469.08 0.88
E 31 57 0.023016 0.003892 357.70 35.80
E 31 63 0.037568 0.006800 531.38 0.05
E 31 64 0.030492 0.005766 435.94 1269.06
E 31 65 0.028252 0.004857 427.42 1.29
E 31 66 0.033154 0.003392 487.61 0.24
E 31 67 0.036090 0.006615 516.04 169.59
E 31 68 0.038765 0.006198 516.87 1.37
E 31 69 0.022645 0.003912 345.64 5.64
E 31 70 0.025959 0.003122 389.59 20.55
E 31 74 0.035014 0.003271 491.18 4.48
E 31 77 0.035916 0.003211 501.30 5.25
E 31 79 0.032316 0.004701 472.25 2.06
E 31 81 0.037468 0.006828 481.12 0.09
E 31 82 0.024633 0.003646 400.79 3.20
E 31 84 0.032186 0.006134 468.26 3.10
E 32 37 0.030568 0.004518 456.98 11.33
E 32 44 0.027591 0.004712 419.08 8.09
E 32 48 0.027236 0.004038 386.49 18.89
E 32 50 0.027156 0.003857 403.17 11.52
E 32 52 0.027165 0.004595 404.54 0.42
E 32 54 0.036472 0.004749 375.01 0.47
E 32 57 0.025915 0.004031 449.68 17.88
E 32 60 0.026947 0.003766 426.44 74.69
E 32 62 0.026984 0.003849 413.91 30.16
E 32 63 0.032974 0.004661 436.95 0.02
E 32 64 0.027661 0.004405 418.15 365.51
E 32 65 0.028483 0.006171 427.46 0.82
E 32 68 0.033435 0.004485 479.33 4.26
E 32 69 0.026409 0.005616 395.21 4.75
E 32 70 0.027642 0.004631 410.90 10.22
E 32 71 0.032389 0.006749 462.80 0.03
E 32 76 0.027026 0.003909 383.42 1.66
E 32 77 0.034006 0.004331 440.19 5.85
E 32 78 0.005650 0.001056 532.00 3.89
E 32 79 0.030082 0.004892 421.44 1.34
E 32 81 0.034785 0.005551 486.19 0.03
E 32 82 0.027139 0.003879 413.89 1.74
E 32 83 0.027292 0.004056 425.66 1.53
E 33 35 0.028230 0.002625 411.27 5.54
E 33 36 0.028780 0.003190 431.19 0.22
E 33 37 0.009138 0.000544 968.00 0.58
E 33 38 0.027293 0.002080 431.77 0.00
E 33 39 0.028211 0.003212 415.70 0.00
E 33 40 0.031864 0.002407 477.06 4.95
E 33 41 0.030697 0.002504 467.75 5.89
E 33 42 0.032400 0.002120 511.83 5.63
E 33 43 0.031033 0.006756 439.68 0.51
E 33 44 0.031524 0.006584 445.00 1.08
E 33 46 0.027979 0.002500 419.40 5.42
E 33 49 0.028044 0.003725 445.20 5.43
E 33 50 0.002577 0.000000 264.00 1.93
E 33 51 0.030436 0.003067 460.44 4.73
E 33 52 0.034943 0.002239 492.39 3.34
E 33 53 0.028698 0.003743 417.31 0.51
E 33 54 0.028788 0.002148 456.53 96.75
E 33 56 0.028265 0.002379 423.43 1.16
E 33 57 0.027540 0.002544 437.92 0.28
E 33 59 0.033051 0.006263 445.13 4.90
E 33 61 0.029070 0.003387 426.35 4.89
E 33 63 0.032344 0.003520 451.71 6.73
E 33 66 0.031734 0.002786 466.65 2.47
E 33 67 0.032762 0.004773 437.18 546.33
E 33 68 0.033915 0.004050 466.17 3.62
E 33 69 0.028332 0.000814 664.50 0.14
E 33 70 0.003953 0.000000 436.00 0.16
E 33 74 0.031251 0.002541 468.07 0.13
E 33 75 0.027986 0.002616 430.71 0.11
E 33 77 0.034155 0.003449 478.86 0.15
E 33 79 0.031627 0.004194 463.30 0.51
E 33 81 0.034824 0.005597 490.20 1.65
E 34 40 0.031623 0.002130 427.67 0.29
E 34 41 0.030161 0.002198 433.74 0.32
E 34 42 0.025667 0.002132 380.19 9.13
E 34 44 0.037354 0.005834 487.29 17.06
E 34 47 0.025458 0.002314 378.38 0.27
E 34 52 0.027267 0.002071 419.27 0.13
E 34 54 0.036472 0.003053 489.82 0.88
E 34 55 0.024533 0.002260 370.78 0.23
E 34 59 0.033260 0.007918 462.79 0.32
E 34 63 0.032664 0.003244 451.47 0.26
E 34 66 0.032029 0.002567 468.76 0.16
E 34 68 0.033496 0.003798 454.52 3.64
E 34 70 0.036641 0.004833 529.87 85.54
E 34 71 0.032445 0.005646 444.05 0.32
E 34 72 0.024416 0.002132 393.91 5.64
E 34 73 0.024354 0.004423 372.23 3.39
E 34 74 0.031182 0.002099 458.05 1.04
E 34 77 0.035557 0.004475 465.69 0.34
E 34 79 0.007378 0.001216 748.00 0.26
E 34 81 0.034923 0.005580 484.46 0.36
E 34 85 0.024480 0.002565 370.20 1.98
E 35 36 0.023475 0.001302 391.79 6.05
E 35 38 0.019434 0.001384 307.61 1.86
E 35 39 0.022073 0.003582 347.28 1.22
E 35 40 0.037575 0.001781 502.67 36.65
E 35 41 0.052573 0.002272 5584.00 45.08
E 35 42 0.032401 0.002120 375.43 0.42
E 35 43 0.030431 0.005718 470.52 19.62
E 35 46 0.022690 0.001417 370.92 30.98
E 35 49 0.024126 0.003373 379.01 31.03
E 35 51 0.030334 0.003063 424.70 35.34
E 35 52 0.036048 0.003307 468.95 25.35
E 35 53 0.027867 0.002795 427.02 1.48
E 35 54 0.028132 0.002024 412.30 0.89
E 35 56 0.025063 0.001976 377.49 1.73
E 35 59 0.032734 0.006051 487.59 30.78
E 35 61 0.029098 0.001895 425.95 30.74
E 35 66 0.033028 0.002573 504.57 28.89
E 35 67 0.032845 0.004687 453.07 1.55
E 35 68 0.040994 0.009667 565.94 6.27
E 35 74 0.033968 0.003252 475.16 108.49
E 35 75 0.019435 0.000812 315.63 1.16
E 35 79 0.033512 0.006352 478.09 0.60
E 35 81 0.003505 0.000000 380.00 4.08
E 35 84 0.023952 0.002079 382.87 9.03
E 36 37 0.030706 0.001526 464.41 0.72
E 36 38 0.023572 0.001403 341.52 169.47
E 36 39 0.023475 0.003492 398.84 125.87
E 36 40 0.037860 0.002374 522.15 3.52
E 36 41 0.030519 0.001635 420.39 4.17
E 36 42 0.025616 0.001391 355.54 253.94
E 36 43 0.030720 0.005960 439.22 0.32
E 36 44 0.054789 0.001526 490.06 121.37
E 36 46 0.023217 0.001415 351.21 3.75
E 36 49 0.024064 0.003424 378.29 3.75
E 36 50 0.002577 0.000000 264.00 0.05
E 36 51 0.030406 0.003000 453.04 3.37
E 36 52 0.034943 0.002239 498.10 8.95
E 36 53 0.027616 0.002356 416.88 0.03
E 36 54 0.028911 0.002164 409.56 2.66
E 36 56 0.025029 0.001959 377.43 0.10
E 36 57 0.028415 0.001526 418.25 0.11
E 36 59 0.032509 0.005668 461.28 3.39
E 36 61 0.029086 0.001995 464.48 3.39
E 36 63 0.034719 0.002148 431.94 3.61
E 36 64 0.010723 0.000576 1108.00 3.98
E 36 66 0.031597 0.002447 455.44 3.18
E 36 67 0.032726 0.004714 445.01 1.13
E 36 68 0.039289 0.007144 470.77 0.35
E 36 69 0.028415 0.001526 448.75 0.26
E 36 74 0.031237 0.001704 457.41 0.01
E 36 75 0.023145 0.001352 373.68 0.00
E 36 77 0.033906 0.003310 486.45 0.11
E 36 79 0.035040 0.006275 507.03 0.05
E 36 81 0.038754 0.007757 521.31 0.43
E 36 84 0.024175 0.002626 412.29 0.66
E 37 40 0.033662 0.004169 456.93 20.13
E 37 41 0.032795 0.005053 496.19 11.56
E 37 44 0.030616 0.004321 437.05 1.72
E 37 48 0.030557 0.004556 438.18 0.66
E 37 50 0.030530 0.004343 429.46 0.60
E 37 51 0.033695 0.004780 506.84 21.53
E 37 52 0.030233 0.004228 422.43 7.18
E 37 53 0.031215 0.003901 568.83 0.50
E 37 54 0.033260 0.004853 462.74 0.49
E 37 55 0.033335 0.002544 455.99 24.70
E 37 57 0.030643 0.004584 435.51 1.53
E 37 58 0.030654 0.004546 435.13 10.91
E 37 60 0.030690 0.004615 430.62 10.88
E 37 62 0.035192 0.007332 453.40 0.93
E 37 63 0.033107 0.004461 470.97 9.39
E 37 64 0.030647 0.004352 434.87 14.43
E 37 65 0.030550 0.005661 442.47 0.42
E 37 68 0.033776 0.004152 479.12 3.75
E 37 69 0.030705 0.004410 455.67 3.33
E 37 70 0.030498 0.004322 439.49 0.63
E 37 71 0.032747 0.006418 472.55 3.17
E 37 72 0.034664 0.017752 470.52 0.65
E 37 74 0.034098 0.001922 599.98 0.57
E 37 76 0.030553 0.004650 448.24 0.34
E 37 77 0.035021 0.004741 479.70 0.30
E 37 79 0.031435 0.004423 496.95 8.42
E 37 81 0.034872 0.005560 487.48 93.83
E 37 82 0.030588 0.004493 456.15 0.95
E 37 83 0.030516 0.004576 429.19 0.00
E 38 39 0.022123 0.003635 337.36 0.03
E 38 40 0.037574 0.001781 602.48 49.41
E 38 42 0.032400 0.002120 429.02 0.62
E 38 43 0.029892 0.006358 427.81 7.36
E 38 46 0.022678 0.001433 333.68 46.52
E 38 49 0.024000 0.003115 389.28 46.57
E 38 51 0.030064 0.002853 421.06 47.43
E 38 52 0.036048 0.003307 517.51 13.76
E 38 53 0.027552 0.002421 413.85 325.71
E 38 54 0.027702 0.002035 410.84 0.84
E 38 56 0.025070 0.002003 383.38 1.64
E 38 59 0.031795 0.004221 459.21 41.77
E 38 61 0.028776 0.001706 431.50 41.45
E 38 66 0.033203 0.002996 460.74 15.92
E 38 67 0.033886 0.005793 493.82 0.09
E 38 68 0.040993 0.009667 493.33 4.52
E 38 74 0.034006 0.001967 469.23 230.18
E 38 75 0.018575 0.001582 293.28 10.90
E 38 79 0.035454 0.004410 426.68 70.81
E 38 81 0.037149 0.000452 674.86 16.17
E 38 84 0.023838 0.002056 375.42 0.00
E 39 40 0.037574 0.001781 747.87 22.75
E 39 41 0.030109 0.002374 449.24 27.60
E 39 42 0.032738 0.002120 378.17 1.79
E 39 43 0.030431 0.005718 422.03 5.68
E 39 46 0.022694 0.003447 364.11 20.55
E 39 49 0.024125 0.003566 368.26 20.57
E 39 51 0.030334 0.003143 430.19 21.97
E 39 52 0.034777 0.000339 397.13 10.31
E 39 53 0.027867 0.003212 411.70 40.29
E 39 54 0.027950 0.002899 402.24 0.49
E 39 56 0.025094 0.003288 392.67 2.16
E 39 59 0.032686 0.005872 468.07 19.37
E 39 61 0.029083 0.003310 423.82 19.32
E 39 66 0.031717 0.003618 440.52 10.80
E 39 67 0.032825 0.004603 461.82 0.08
E 39 68 0.040994 0.009667 535.79 7.52
E 39 74 0.031276 0.003066 431.10 58.25
E 39 75 0.021931 0.003557 356.42 2.54
E 39 79 0.033512 0.006352 494.09 30.43
E 39 81 0.037150 0.000000 757.22 10.69
E 39 84 0.023808 0.003060 372.00 0.00
E 40 42 0.031012 0.001082 433.93 32.25
E 40 43 0.031786 0.005921 474.56 4.70
E 40 44 0.033268 0.003832 471.15 11.94
E 40 48 0.040202 0.007463 475.83 35.82
E 40 50 0.039710 0.007581 553.65 18.23
E 40 52 0.033026 0.002791 462.73 0.15
E 40 53 0.031515 0.002266 447.42 4.88
E 40 54 0.033378 0.002938 473.35 0.76
E 40 56 0.030533 0.001646 458.07 2.47
E 40 57 0.039842 0.005786 512.27 36.70
E 40 60 0.040317 0.008028 544.63 25.38
E 40 63 0.032936 0.003388 463.86 0.02
E 40 64 0.033035 0.004019 458.67 316.51
E 40 65 0.033505 0.005080 459.58 1.22
E 40 66 0.031737 0.002544 451.85 0.26
E 40 67 0.032365 0.004575 462.87 171.60
E 40 68 0.034092 0.004218 475.77 1.49
E 40 69 0.039213 0.007010 490.33 5.66
E 40 70 0.033505 0.002632 460.65 18.50
E 40 71 0.032746 0.006418 464.90 0.03
E 40 72 0.031711 0.001794 438.59 23.99
E 40 74 0.032493 0.002239 463.29 4.23
E 40 76 0.051567 0.015773 512.24 1.95
E 40 77 0.035591 0.005272 472.87 4.64
E 40 79 0.033009 0.004385 470.95 2.22
E 40 81 0.034730 0.005545 459.33 0.08
E 40 82 0.041244 0.008843 549.70 0.80
E 40 83 0.041956 0.011928 549.58 1.96
E 41 42 0.030556 0.001719 454.00 43.38
E 41 43 0.030697 0.005966 450.58 5.79
E 41 44 0.031540 0.005299 480.82 8.18
E 41 48 0.031041 0.004271 438.13 19.13
E 41 50 0.030835 0.003975 460.78 11.69
E 41 52 0.029968 0.002019 433.45 0.39
E 41 53 0.030327 0.001774 448.97 5.87
E 41 54 0.030414 0.002000 432.85 0.48
E 41 56 0.030233 0.001554 454.76 2.96
E 41 57 0.029648 0.003807 388.29 18.11
E 41 60 0.030522 0.004469 494.38 74.13
E 41 62 0.030832 0.004313 448.74 30.29
E 41 63 0.033291 0.003722 490.91 0.02
E 41 64 0.031611 0.005797 478.52 374.35
E 41 65 0.032328 0.005393 468.39 0.83
E 41 68 0.033825 0.004120 455.65 3.92
E 41 69 0.026321 0.003157 436.82 4.74
E 41 70 0.032329 0.003601 449.36 10.35
E 41 71 0.033393 0.007276 453.68 0.03
E 41 72 0.030193 0.001299 454.78 28.65
E 41 74 0.030988 0.001443 431.51 5.55
E 41 76 0.030833 0.004313 419.74 1.66
E 41 77 0.035112 0.004848 495.07 5.81
E 41 78 0.024176 0.003731 393.86 3.89
E 41 79 0.030917 0.004040 465.39 1.34
E 41 81 0.034912 0.005401 480.73 0.03
E 41 82 0.030727 0.005210 431.55 1.72
E 41 83 0.030832 0.004313 526.91 1.53
E 41 84 0.030263 0.001190 435.08 27.47
E 41 85 0.030079 0.001313 413.78 0.01
E 42 43 0.032400 0.003138 617.27 74.35
E 42 46 0.025552 0.001518 398.26 33.14
E 42 47 0.027975 0.002920 450.46 16.59
E 42 49 0.025621 0.003925 389.81 32.84
E 42 51 0.030246 0.003292 426.06 33.48
E 42 52 0.026603 0.001543 388.11 7.07
E 42 53 0.032401 0.007733 523.14 19.73
E 42 54 0.036471 0.001583 582.31 1.96
E 42 55 0.025652 0.002395 380.63 13.71
E 42 56 0.032401 0.002120 510.86 353.19
E 42 59 0.032739 0.006241 460.08 30.50
E 42 61 0.028968 0.001836 436.29 30.89
E 42 63 0.032122 0.003291 449.09 22.12
E 42 66 0.031885 0.002631 473.43 7.15
E 42 67 0.032627 0.004944 445.28 5.94
E 42 68 0.033756 0.003951 462.20 4.65
E 42 71 0.032529 0.006038 466.48 17.96
E 42 72 0.025677 0.001786 381.74 0.24
E 42 73 0.025862 0.004560 399.37 182.42
E 42 74 0.031334 0.001786 472.07 711.88
E 42 77 0.034746 0.004159 469.01 10.92
E 42 79 0.012226 0.000800 1296.00 10.95
E 42 81 0.034923 0.005580 473.72 39.13
E 42 84 0.032401 0.002120 458.62 0.00
E 42 86 0.027614 0.004555 405.41 0.00
E 43 44 0.030010 0.006036 425.24 153.40
E 43 46 0.030597 0.005959 421.85 4.64
E 43 49 0.030291 0.005766 450.81 4.65
E 43 51 0.030434 0.005082 452.26 4.48
E 43 52 0.034897 0.004383 436.75 1.40
E 43 53 0.031144 0.006939 438.33 0.33
E 43 54 0.030745 0.006404 454.45 63.54
E 43 56 0.031268 0.007149 461.39 0.37
E 43 59 0.033051 0.006263 486.55 4.09
E 43 61 0.030426 0.005463 459.07 4.06
E 43 63 0.032344 0.006036 460.06 28.41
E 43 66 0.031750 0.005667 463.25 1.00
E 43 67 0.032826 0.005554 466.50 4.47
E 43 68 0.033627 0.005644 479.54 4.62
E 43 69 0.002481 0.000000 252.00 6.72
E 43 74 0.031244 0.005644 464.55 0.40
E 43 75 0.030242 0.005586 412.47 0.29
E 43 77 0.033957 0.005444 529.00 0.33
E 43 79 0.031592 0.005402 455.50 0.31
E 43 81 0.034807 0.005851 488.87 1.11
E 43 84 0.031364 0.007285 461.50 19.20
E 44 48 0.030858 0.005979 475.66 2.34
E 44 50 0.027254 0.003669 382.32 168.44
E 44 51 0.032861 0.006119 496.89 12.81
E 44 52 0.034222 0.006784 546.74 4.12
E 44 53 0.036472 0.009271 522.64 263.94
E 44 54 0.028785 0.004007 415.11 3.27
E 44 55 0.037354 0.005834 526.00 13.62
E 44 57 0.027211 0.003444 416.45 3.41
E 44 58 0.031806 0.006826 458.42 8.01
E 44 59 0.033269 0.008537 435.25 14.61
E 44 60 0.031806 0.006826 475.08 8.22
E 44 61 0.029960 0.005789 467.41 14.66
E 44 62 0.034053 0.007462 456.85 306.02
E 44 63 0.032973 0.003925 467.82 8.05
E 44 64 0.027160 0.003839 424.57 9.41
E 44 65 0.028403 0.005845 432.16 16.92
E 44 68 0.033675 0.004064 478.65 2.41
E 44 69 0.027127 0.003567 392.65 0.79
E 44 70 0.027126 0.003712 413.30 0.05
E 44 71 0.036019 0.005653 468.65 27.44
E 44 72 0.036018 0.017752 491.79 0.16
E 44 74 0.036018 0.005653 673.77 51.81
E 44 76 0.036583 0.005201 414.27 41.62
E 44 77 0.034154 0.004052 470.42 1.72
E 44 78 0.037354 0.005834 511.57 101.74
E 44 79 0.031630 0.004474 466.50 5.37
E 44 81 0.035147 0.005858 464.75 36.11
E 44 82 0.027221 0.003860 393.31 0.00
E 46 52 0.036049 0.003307 466.34 0.43
E 46 53 0.027619 0.002338 386.21 5.22
E 46 54 0.028223 0.001946 408.44 0.47
E 46 56 0.025074 0.002055 384.45 2.09
E 46 66 0.031598 0.002447 457.53 0.23
E 46 67 0.032692 0.004568 473.45 121.06
E 46 68 0.040034 0.003222 470.33 1.31
E 46 74 0.031265 0.001746 449.14 5.19
E 46 75 0.022688 0.001439 363.01 2.56
E 46 77 0.034507 0.004330 450.73 6.19
E 46 79 0.034362 0.006219 453.04 3.51
E 46 84 0.024279 0.002541 364.28 16.78
E 47 52 0.033758 0.001244 436.15 1.38
E 47 66 0.038356 0.003430 482.10 0.65
E 47 67 0.033079 0.006753 540.86 38.98
E 47 68 0.038620 0.004523 521.80 5.62
E 47 71 0.030800 0.002883 467.52 0.09
E 47 72 0.026403 0.004245 401.08 10.33
E 47 73 0.019543 0.004365 328.95 10.99
E 47 74 0.033996 0.001776 533.63 3.03
E 47 77 0.035520 0.001866 474.35 2.36
E 47 85 0.020943 0.002406 341.53 3.18
E 48 50 0.020545 0.003416 347.55 0.13
E 48 51 0.031609 0.001470 446.53 36.01
E 48 52 0.034777 0.000791 341.30 7.68
E 48 54 0.036132 0.000791 375.57 28.28
E 48 57 0.024625 0.002785 363.63 0.30
E 48 58 0.020352 0.004144 312.96 17.82
E 48 60 0.020250 0.003127 318.29 18.02
E 48 62 0.019863 0.003105 337.15 0.04
E 48 63 0.037602 0.003354 454.03 44.21
E 48 64 0.024951 0.003557 394.42 30.49
E 48 65 0.028330 0.005597 419.72 2.30
E 48 68 0.041050 0.007929 510.26 0.51
E 48 69 0.023186 0.003802 328.64 0.04
E 48 70 0.026251 0.003332 423.29 0.56
E 48 71 0.033411 0.007454 487.68 5.28
E 48 76 0.019845 0.003106 299.27 0.37
E 48 78 0.019752 0.003251 318.64 2.07
E 48 79 0.005746 0.000224 544.00 0.74
E 48 80 0.019656 0.003364 327.66 0.47
E 48 81 0.038960 0.009535 555.92 29.29
E 48 82 0.021169 0.003416 352.11 1.56
E 49 52 0.036049 0.003307 658.17 0.43
E 49 53 0.027629 0.003773 408.33 5.23
E 49 54 0.028372 0.004282 415.06 0.47
E 49 56 0.024967 0.003411 396.67 2.10
E 49 66 0.031598 0.003794 454.17 0.23
E 49 67 0.032698 0.004504 459.97 119.03
E 49 68 0.038508 0.004749 460.28 1.31
E 49 74 0.031275 0.003622 442.72 5.17
E 49 75 0.024154 0.003397 359.59 2.56
E 49 77 0.034569 0.004679 498.71 6.15
E 49 79 0.033565 0.005669 423.70 3.50
E 49 84 0.024286 0.003204 372.55 16.88
E 50 51 0.031609 0.001470 528.26 19.36
E 50 52 0.034777 0.001610 598.53 2.67
E 50 53 0.002577 0.000000 264.00 0.04
E 50 54 0.036131 0.001610 766.95 1.96
E 50 57 0.024475 0.003791 372.54 0.03
E 50 58 0.020249 0.003860 339.33 11.23
E 50 60 0.019890 0.001633 323.15 11.26
E 50 62 0.019842 0.000993 296.32 0.03
E 50 63 0.037685 0.003663 489.66 10.40
E 50 64 0.024949 0.003711 387.41 15.01
E 50 65 0.028728 0.005488 407.73 0.64
E 50 68 0.041050 0.007929 486.50 0.24
E 50 69 0.023877 0.002925 386.38 0.25
E 50 70 0.026207 0.002113 394.73 5.76
E 50 71 0.029010 0.000170 513.24 3.39
E 50 72 0.005121 0.000032 524.00 18.30
E 50 74 0.005121 0.000032 524.00 0.21
E 50 76 0.019794 0.000958 298.00 0.05
E 50 77 0.038507 0.000678 501.15 0.26
E 50 78 0.027314 0.002601 702.41 0.14
E 50 79 0.007506 0.000192 764.00 0.12
E 50 81 0.034997 0.005648 496.91 2.65
E 50 82 0.021415 0.003356 341.76 0.27
E 50 83 0.019786 0.000944 343.82 2.00
E 51 52 0.030779 0.003731 460.90 0.14
E 51 53 0.030437 0.003067 428.93 4.66
E 51 54 0.030562 0.003158 438.87 0.66
E 51 56 0.030430 0.003091 427.13 2.39
E 51 57 0.033077 0.003241 466.43 35.95
E 51 63 0.032949 0.003736 451.92 0.01
E 51 64 0.034690 0.008423 529.47 260.15
E 51 65 0.032043 0.006581 483.93 1.28
E 51 66 0.031737 0.003048 474.40 0.23
E 51 67 0.032844 0.004681 443.28 168.69
E 51 68 0.034250 0.004293 480.09 1.38
E 51 69 0.031769 0.001745 486.37 5.65
E 51 70 0.032043 0.003418 471.87 20.34
E 51 72 0.031950 0.001922 645.54 26.86
E 51 74 0.031146 0.003073 460.56 4.43
E 51 75 0.029941 0.003558 450.01 0.02
E 51 77 0.034850 0.004138 478.81 5.17
E 51 79 0.032052 0.004397 470.70 2.10
E 51 81 0.034888 0.005472 472.61 0.09
E 51 84 0.030430 0.003091 425.15 21.59
E 52 53 0.034944 0.003957 488.14 8.17
E 52 54 0.034352 0.001975 471.23 0.46
E 52 55 0.027450 0.002450 397.26 0.55
E 52 56 0.035794 0.002781 545.64 3.04
E 52 57 0.035084 0.003368 483.98 10.96
E 52 58 0.033137 0.001979 446.07 0.52
E 52 59 0.032920 0.006640 483.90 0.18
E 52 60 0.030367 0.000000 475.74 0.10
E 52 61 0.028910 0.001837 422.29 0.18
E 52 63 0.032723 0.003143 460.21 0.08
E 52 64 0.034916 0.008423 466.58 0.20
E 52 65 0.032795 0.005558 483.02 0.91
E 52 66 0.031635 0.002504 449.59 0.22
E 52 67 0.032401 0.004460 465.63 6.38
E 52 68 0.034197 0.003947 482.21 0.83
E 52 69 0.035647 0.002132 488.39 2.35
E 52 70 0.032795 0.003053 478.83 5.78
E 52 71 0.032854 0.006332 460.14 0.08
E 52 72 0.027267 0.002071 413.01 13.17
E 52 73 0.025630 0.003829 385.94 6.55
E 52 74 0.031227 0.001991 435.17 2.96
E 52 77 0.034880 0.004051 486.83 5.64
E 52 79 0.036781 0.006262 487.67 3.06
E 52 81 0.035129 0.005698 488.70 0.03
E 52 83 0.030367 0.000000 382.86 0.25
E 52 84 0.035794 0.002781 476.85 0.88
E 53 54 0.028716 0.003251 460.84 1.11
E 53 56 0.028204 0.003258 413.62 0.06
E 53 57 0.036246 0.006332 551.99 0.13
E 53 59 0.033051 0.006263 486.68 4.68
E 53 61 0.029255 0.002709 445.64 4.67
E 53 63 0.032345 0.003520 463.91 3.41
E 53 64 0.005890 0.000736 620.00 5.57
E 53 66 0.031887 0.002904 462.95 13.52
E 53 67 0.032762 0.004773 468.68 0.57
E 53 68 0.033823 0.004060 472.56 0.60
E 53 69 0.036246 0.006332 511.83 0.46
E 53 74 0.031262 0.002476 433.05 0.03
E 53 77 0.034034 0.003493 461.30 0.61
E 53 79 0.031446 0.004436 454.99 0.03
E 53 81 0.034824 0.005597 481.67 0.42
E 53 84 0.028232 0.003340 428.61 0.07
E 54 55 0.036472 0.001741 413.29 0.50
E 54 56 0.028388 0.001833 451.16 0.79
E 54 57 0.032663 0.002749 472.05 9.55
E 54 58 0.036133 0.000339 657.32 0.47
E 54 59 0.033189 0.006170 471.92 0.56
E 54 60 0.036133 0.000000 749.34 0.46
E 54 61 0.029135 0.002095 424.78 0.56
E 54 63 0.032887 0.003459 476.46 0.33
E 54 64 0.034689 0.008423 524.18 0.58
E 54 65 0.032765 0.005453 493.53 0.08
E 54 66 0.031561 0.002465 442.93 0.43
E 54 67 0.032921 0.004791 500.81 1.49
E 54 68 0.034022 0.004159 459.69 1.51
E 54 69 0.033037 0.001272 410.73 3.28
E 54 70 0.032765 0.002713 454.08 25.81
E 54 71 0.034889 0.002775 477.63 0.17
E 54 72 0.036471 0.006911 427.24 15.64
E 54 74 0.031185 0.001902 448.25 4.10
E 54 75 0.027368 0.001628 398.46 0.02
E 54 77 0.034231 0.003542 456.70 2.01
E 54 79 0.031834 0.004180 448.88 0.71
E 54 81 0.035009 0.005580 474.70 0.71
E 54 84 0.028291 0.002114 415.06 0.00
E 55 62 0.024058 0.000746 313.68 12.58
E 55 63 0.038507 0.002859 498.01 0.06
E 55 64 0.036473 0.005699 498.26 1371.40
E 55 65 0.029463 0.002148 597.16 0.59
E 55 66 0.040260 0.003392 514.29 1.82
E 55 67 0.039073 0.006219 548.52 9.11
E 55 68 0.038273 0.006635 548.32 4.92
E 55 70 0.036641 0.004833 538.94 18.97
E 55 71 0.032764 0.005976 485.54 0.07
E 55 72 0.024231 0.002193 367.90 14.79
E 55 73 0.020048 0.004749 299.95 13.68
E 55 74 0.034125 0.002431 501.06 3.04
E 55 76 0.025844 0.001823 396.88 1.38
E 55 77 0.035260 0.004336 480.85 2.89
E 55 78 0.022693 0.003562 385.44 4.08
E 55 79 0.010243 0.001184 1048.00 1.43
E 55 81 0.039440 0.007010 513.64 0.12
E 55 85 0.021038 0.002553 329.45 1.95
E 56 59 0.032692 0.006026 439.98 2.13
E 56 61 0.029345 0.002094 432.86 2.13
E 56 63 0.031786 0.002701 447.45 2.02
E 56 66 0.031913 0.002975 470.00 5.13
E 56 67 0.032761 0.004632 453.70 0.78
E 56 68 0.040995 0.009667 537.76 3.83
E 56 74 0.031222 0.001972 450.42 0.13
E 56 75 0.024892 0.001687 392.55 0.07
E 56 79 0.031093 0.004403 467.96 0.03
E 56 81 0.033633 0.005041 460.28 0.65
E 56 84 0.025063 0.002324 371.78 70.17
E 57 58 0.025548 0.003807 389.10 16.88
E 57 60 0.025326 0.003125 380.62 16.88
E 57 62 0.004930 0.000160 500.00 5.03
E 57 63 0.037418 0.003019 491.99 50.57
E 57 64 0.032436 0.006294 460.75 20.27
E 57 65 0.027957 0.005212 419.84 1.85
E 57 68 0.039862 0.006845 471.68 0.15
E 57 69 0.018445 0.001253 303.88 0.15
E 57 70 0.026125 0.002251 376.68 33.64
E 57 74 0.034098 0.000848 734.49 0.08
E 57 79 0.031465 0.004321 455.96 0.74
E 57 81 0.038791 0.007909 482.81 22.24
E 57 82 0.024230 0.006057 345.91 1.87
E 58 60 0.020388 0.003727 324.26 79.21
E 58 62 0.020237 0.003763 312.32 28.99
E 58 63 0.037826 0.003774 496.02 0.02
E 58 64 0.025035 0.003796 362.99 350.71
E 58 65 0.031042 0.006836 471.61 0.80
E 58 68 0.013603 0.000512 1468.00 5.07
E 58 69 0.023824 0.000921 457.94 4.80
E 58 70 0.030178 0.005868 412.61 10.30
E 58 71 0.033370 0.007390 457.77 0.03
E 58 76 0.020091 0.003661 326.18 1.62
E 58 78 0.019707 0.003447 304.76 3.79
E 58 80 0.019483 0.003629 299.98 5.64
E 58 81 0.038140 0.005964 516.38 0.03
E 58 82 0.021216 0.003860 320.86 1.67
E 58 83 0.020551 0.004139 312.63 1.47
E 59 63 0.033265 0.006156 457.62 0.01
E 59 66 0.032590 0.005207 476.81 0.19
E 59 67 0.032581 0.005036 466.63 137.57
E 59 68 0.033781 0.006241 460.82 1.32
E 59 71 0.033332 0.007933 469.89 0.03
E 59 72 0.033261 0.007918 463.43 28.13
E 59 74 0.032648 0.005201 455.10 4.56
E 59 75 0.032820 0.003940 424.10 3.49
E 59 77 0.034862 0.006501 467.68 5.44
E 59 79 0.032923 0.005978 456.34 2.95
E 59 81 0.034678 0.006199 500.50 0.11
E 59 84 0.032629 0.005938 434.66 18.82
E 60 62 0.018950 0.002016 274.96 29.29
E 60 63 0.038042 0.003515 490.43 0.01
E 60 64 0.025037 0.003726 366.30 267.27
E 60 65 0.031473 0.007401 413.50 0.82
E 60 68 0.036699 0.003844 475.10 4.71
E 60 69 0.023824 0.000921 398.99 4.84
E 60 70 0.030623 0.003452 460.29 10.81
E 60 71 0.033257 0.007115 471.52 0.03
E 60 76 0.018936 0.001971 304.03 1.61
E 60 78 0.018971 0.002104 304.94 3.71
E 60 80 0.018347 0.002409 293.39 5.39
E 60 81 0.038140 0.005964 467.21 0.03
E 60 82 0.021206 0.003138 359.67 1.64
E 60 83 0.018962 0.001827 306.43 1.45
E 61 63 0.032464 0.003759 468.87 0.01
E 61 66 0.031826 0.002962 453.09 0.20
E 61 67 0.032729 0.004689 490.69 138.62
E 61 68 0.033782 0.004112 491.38 1.32
E 61 74 0.031288 0.001918 466.84 4.59
E 61 75 0.029048 0.001804 431.96 3.51
E 61 77 0.034863 0.004107 480.22 5.49
E 61 79 0.031589 0.004410 462.97 2.97
E 61 81 0.034678 0.005348 511.97 0.11
E 61 84 0.029317 0.002848 444.44 18.80
E 62 63 0.040457 0.002544 593.10 50.35
E 62 64 0.025018 0.003658 371.16 33.53
E 62 65 0.032014 0.007608 428.96 2.54
E 62 69 0.002481 0.000000 252.00 0.05
E 62 70 0.034435 0.003391 488.54 3.26
E 62 71 0.033059 0.006730 462.41 12.05
E 62 76 0.017631 0.000914 289.88 0.14
E 62 78 0.016921 0.002095 266.08 0.18
E 62 80 0.016953 0.000576 276.03 0.42
E 62 82 0.021275 0.003302 316.67 0.99
E 63 64 0.033015 0.003587 474.54 0.02
E 63 65 0.033107 0.005395 458.35 0.51
E 63 66 0.032204 0.003386 463.56 0.11
E 63 67 0.032204 0.003740 475.47 92.92
E 63 68 0.033762 0.003812 468.94 1.66
E 63 69 0.038449 0.003732 542.58 5.62
E 63 70 0.033250 0.003325 472.39 14.49
E 63 71 0.032733 0.006353 488.03 0.02
E 63 72 0.032668 0.003297 459.56 13.44
E 63 74 0.032712 0.003387 464.21 4.07
E 63 76 0.040458 0.002544 603.77 1.66
E 63 77 0.035627 0.005208 488.00 3.27
E 63 79 0.032883 0.004385 459.26 1.20
E 63 81 0.034602 0.005555 458.08 0.08
E 63 82 0.037685 0.005333 507.83 0.85
E 63 83 0.040457 0.002544 536.82 3.49
E 64 65 0.028525 0.005722 406.33 0.98
E 64 68 0.038845 0.008423 517.04 1.98
E 64 69 0.034945 0.006077 456.28 4.73
E 64 70 0.026276 0.003654 383.24 11.55
E 64 71 0.034653 0.009097 497.06 0.01
E 64 72 0.040995 0.017751 509.57 25.67
E 64 74 0.040995 0.005314 610.61 5.11
E 64 76 0.024721 0.003763 395.83 1.77
E 64 77 0.038958 0.009097 500.05 5.29
E 64 78 0.002577 0.000000 264.00 4.15
E 64 79 0.036742 0.008423 547.51 1.67
E 64 81 0.034857 0.005630 489.40 0.05
E 64 82 0.025028 0.003909 387.59 1.40
E 64 83 0.024791 0.003778 384.64 1.43
E 65 68 0.033674 0.005970 487.37 26.86
E 65 69 0.027958 0.005212 412.85 22.73
E 65 70 0.028594 0.006115 413.99 5.45
E 65 71 0.032748 0.006614 471.54 0.20
E 65 72 0.032317 0.013398 402.77 1.68
E 65 74 0.003217 0.000000 344.00 0.75
E 65 76 0.032014 0.007608 436.07 0.36
E 65 77 0.035022 0.005970 478.77 0.34
E 65 78 0.002577 0.000000 264.00 0.21
E 65 79 0.031631 0.005146 465.34 0.31
E 65 81 0.034873 0.005560 494.24 1.15
E 65 82 0.029115 0.006266 416.45 4.16
E 65 83 0.028139 0.005721 383.11 7.48
E 66 67 0.032775 0.004571 454.51 22.37
E 66 68 0.033736 0.003972 494.10 0.82
E 66 71 0.033182 0.007420 451.97 0.13
E 66 72 0.032042 0.002429 452.68 12.65
E 66 74 0.031646 0.002382 475.88 3.01
E 66 75 0.031639 0.001611 447.42 5.14
E 66 77 0.034862 0.004107 482.84 12.59
E 66 79 0.031644 0.004304 453.20 8.73
E 66 81 0.034678 0.005348 497.13 0.05
E 66 84 0.031913 0.002975 459.68 0.67
E 66 85 0.031104 0.002404 423.29 5.79
E 67 68 0.033083 0.004460 457.34 1.06
E 67 72 0.032411 0.004088 497.82 3.52
E 67 73 0.030706 0.005540 443.79 2.15
E 67 74 0.032884 0.004638 445.57 24.51
E 67 75 0.033645 0.005851 473.88 0.50
E 67 77 0.034632 0.004460 481.00 5.58
E 67 79 0.032179 0.004601 452.64 0.97
E 67 81 0.034301 0.005106 490.31 30.65
E 67 84 0.032761 0.004632 466.11 41.08
E 68 69 0.041049 0.007929 600.79 0.12
E 68 70 0.033674 0.003741 459.91 1.76
E 68 71 0.033673 0.006062 462.65 4.27
E 68 72 0.033699 0.003888 456.02 32.41
E 68 74 0.033817 0.003860 457.37 0.37
E 68 77 0.035775 0.005421 509.77 1.87
E 68 79 0.034184 0.004559 481.72 2.02
E 68 81 0.034846 0.005532 482.73 0.88
E 68 85 0.032898 0.003083 458.33 0.00
E 69 70 0.026126 0.002251 387.74 2.97
E 69 74 0.034098 0.001186 476.39 0.16
E 69 77 0.002481 0.000000 252.00 1.14
E 69 79 0.031466 0.004321 421.88 1.95
E 69 81 0.039002 0.007384 468.19 3.07
E 69 82 0.023859 0.006753 362.55 7.09
E 70 71 0.032735 0.006354 470.57 9.73
E 70 72 0.036640 0.010854 442.99 0.29
E 70 74 0.036641 0.004833 467.37 1.68
E 70 76 0.036640 0.004833 500.83 1.74
E 70 77 0.035022 0.004741 498.13 0.40
E 70 78 0.044273 0.003731 551.01 2.90
E 70 79 0.031631 0.004474 430.26 3.13
E 70 81 0.034881 0.005474 485.91 34.56
E 70 82 0.026293 0.003837 381.72 31.51
E 71 72 0.032444 0.005646 458.95 2.75
E 71 73 0.032414 0.005954 449.92 2.93
E 71 74 0.032587 0.006418 457.07 1.27
E 71 76 0.032734 0.006369 457.85 0.65
E 71 77 0.036163 0.005975 487.83 0.70
E 71 78 0.032878 0.006614 433.36 0.95
E 71 79 0.007794 0.000256 800.00 0.39
E 71 81 0.034925 0.006418 512.66 0.16
E 71 83 0.032798 0.006490 476.77 1.83
E 71 85 0.032615 0.005985 435.55 1.86
E 72 73 0.024225 0.004423 365.35 22.28
E 72 74 0.031219 0.002013 431.77 15.27
E 72 76 0.034664 0.017751 543.65 10.54
E 72 77 0.035602 0.004555 490.58 1.30
E 72 79 0.009810 0.005024 1052.00 1.49
E 72 81 0.034926 0.005555 487.34 29.76
E 72 85 0.024196 0.002565 363.38 0.00
E 72 86 0.027393 0.004775 411.03 0.00
E 73 74 0.033928 0.000169 460.16 0.06
E 73 77 0.036019 0.006784 454.21 0.39
E 74 77 0.034861 0.004107 487.86 0.11
E 74 79 0.031171 0.004265 444.82 0.07
E 74 81 0.034674 0.005349 468.08 0.75
E 74 84 0.031261 0.002354 447.06 1.82
E 74 85 0.031183 0.002164 473.36 0.00
E 75 84 0.023844 0.002031 410.10 0.21
E 76 78 0.017727 0.002668 285.91 0.04
E 76 80 0.017608 0.000830 278.46 0.02
E 76 82 0.021142 0.003144 353.41 0.02
E 76 83 0.018588 0.001069 307.42 0.04
E 77 79 0.034640 0.004358 505.25 0.03
E 77 81 0.035191 0.005531 502.64 0.33
E 77 85 0.035605 0.004813 476.00 0.07
E 77 86 0.034818 0.004290 476.67 0.21
E 78 80 0.015534 0.001949 247.33 0.22
E 78 82 0.027314 0.000000 582.33 22.73
E 78 83 0.018673 0.002746 296.19 7.91
E 79 81 0.034905 0.005906 475.91 0.26
E 79 84 0.030956 0.004269 475.91 1869.76
E 80 83 0.018466 0.001227 297.60 0.53
E 81 82 0.034997 0.005648 506.52 0.12
E 82 83 0.021094 0.003095 316.13 0.06
END

SECTION Terminals
Root 72
Terminals 18
T 22
T 12
T 7
T 35
T 47
T 43
T 76
T 14
T 44
T 25
T 38
T 6
T 2
T 8
T 10
T 24
T 48
T 75
END

EOF