SECTION Comment
CREATOR "Carlos Araujo"
REMARK "Instance for QoS Multicast Routing Problem"
QoS METRICS "delay, jitter, bandwidth and estimate of link duration"
END

SECTION Graph
Nodes 20
Edges 49

E 1 2 0.021261 0.003486 313.73 117.32
E 1 4 0.021170 0.004330 304.64 53.50
E 1 6 0.020295 0.004176 340.18 11.71
E 1 10 0.021206 0.004359 364.34 0.65
E 1 14 0.026636 0.000000 336.69 604.57
E 1 15 0.021855 0.004056 337.55 193.97
E 1 17 0.020904 0.004659 322.87 5.74
E 2 4 0.019617 0.003222 330.64 2.42
E 2 10 0.020742 0.001908 372.70 41.07
E 2 12 0.025060 0.006383 378.65 294.52
E 2 14 0.026635 0.000000 409.37 1.29
E 2 15 0.021095 0.001922 306.08 4.84
E 2 17 0.020842 0.003980 327.85 37.20
E 3 18 0.018261 0.004588 261.70 52.44
E 3 20 0.021222 0.005724 323.82 25.81
E 4 5 0.020001 0.002676 276.74 1.08
E 4 6 0.018294 0.000817 299.10 4.63
E 4 10 0.019500 0.001102 313.80 12.33
E 4 12 0.021171 0.003528 307.86 21.87
E 4 15 0.022378 0.006414 328.22 0.06
E 4 17 0.018638 0.002145 305.01 1.49
E 6 8 0.018101 0.003430 297.17 9.89
E 6 11 0.018493 0.003749 322.44 0.16
E 6 12 0.019876 0.002108 370.63 12.00
E 6 13 0.020239 0.004603 364.72 1.71
E 6 17 0.017629 0.001979 261.73 15.20
E 7 9 0.020438 0.004749 316.76 9.23
E 7 14 0.019118 0.004383 306.33 5.06
E 7 16 0.020354 0.005194 329.25 0.65
E 7 20 0.021600 0.004898 366.67 13.72
E 8 11 0.017696 0.004390 304.04 2.31
E 8 13 0.016992 0.004022 252.94 10.81
E 9 14 0.019371 0.004729 299.90 126.14
E 9 16 0.020167 0.004347 339.48 30.84
E 9 20 0.021123 0.004831 360.33 2.06
E 10 12 0.022567 0.005158 350.19 0.62
E 10 14 0.023243 0.002714 363.67 2.78
E 10 15 0.022581 0.004781 370.04 1.62
E 10 17 0.019698 0.002162 327.60 0.79
E 11 13 0.015705 0.003901 250.76 0.50
E 11 17 0.023583 0.007055 357.08 0.74
E 12 14 0.029688 0.002714 707.72 548.84
E 12 15 0.022063 0.004879 368.63 187.37
E 12 17 0.021218 0.003336 346.78 5.96
E 14 15 0.021155 0.004175 338.11 0.04
E 14 17 0.002513 0.000000 256.00 0.18
E 14 20 0.020571 0.004304 337.95 0.11
E 15 17 0.023581 0.007055 425.05 0.13
E 16 20 0.021125 0.004831 325.99 27.67
END

SECTION Terminals
Root 18
Terminals 5
T 7
T 3
T 2
T 6
T 10
END

EOF