SECTION Comment
CREATOR "Carlos Araujo"
REMARK "Instance for QoS Multicast Routing Problem"
QoS METRICS "delay, jitter, bandwidth and estimate of link duration"
END

SECTION Graph
Nodes 80
Edges 1264

E 1 2 0.027074 0.005341 385.02 0.12
E 1 4 0.031111 0.007259 440.59 41.38
E 1 6 0.028221 0.005694 437.23 0.12
E 1 7 0.026047 0.005691 424.62 0.08
E 1 8 0.028400 0.005964 409.08 1.75
E 1 10 0.027668 0.005488 390.01 0.14
E 1 13 0.029009 0.005604 390.34 0.23
E 1 17 0.026149 0.006644 425.52 0.53
E 1 18 0.028281 0.005484 387.65 0.12
E 1 19 0.028418 0.005242 399.50 1.85
E 1 20 0.026937 0.005340 391.26 0.79
E 1 23 0.028553 0.005758 416.15 0.31
E 1 24 0.026428 0.005552 420.81 13.00
E 1 26 0.027914 0.004297 411.46 94.02
E 1 29 0.028342 0.004948 407.04 12.84
E 1 30 0.027351 0.005609 423.83 27.97
E 1 33 0.028077 0.004777 426.91 94.89
E 1 34 0.026992 0.006784 443.05 0.07
E 1 35 0.030909 0.008254 436.49 13.54
E 1 36 0.027623 0.008084 423.81 2.94
E 1 37 0.026839 0.005242 388.01 0.13
E 1 39 0.026766 0.005422 407.03 0.49
E 1 41 0.026582 0.005519 394.56 7.17
E 1 42 0.027352 0.004684 407.80 5.19
E 1 44 0.026830 0.004817 420.67 0.14
E 1 45 0.028089 0.004875 416.83 0.09
E 1 46 0.027351 0.004684 371.28 5.68
E 1 47 0.025593 0.004809 417.93 0.92
E 1 48 0.027020 0.005199 409.50 0.12
E 1 49 0.028727 0.004636 421.25 11.35
E 1 50 0.026418 0.005345 435.19 0.17
E 1 51 0.027243 0.005442 424.38 0.13
E 1 52 0.027365 0.005367 403.94 0.16
E 1 54 0.027566 0.006051 399.75 10.81
E 1 57 0.027033 0.005307 412.13 120.99
E 1 58 0.026998 0.004700 361.83 0.15
E 1 59 0.026385 0.005270 442.61 14.81
E 1 60 0.026671 0.005183 396.78 0.14
E 1 61 0.026826 0.005450 393.35 0.18
E 1 64 0.026097 0.004627 387.48 0.15
E 1 65 0.027350 0.006784 398.76 0.11
E 1 66 0.027839 0.005602 415.47 0.13
E 1 68 0.027145 0.005382 403.88 0.13
E 1 71 0.026568 0.002883 382.58 0.15
E 1 73 0.028126 0.006106 403.99 0.13
E 1 75 0.026958 0.005293 406.47 0.14
E 1 76 0.026479 0.004898 385.13 0.14
E 1 77 0.027060 0.005330 408.21 0.08
E 1 79 0.040543 0.001221 625.73 39.49
E 1 80 0.027961 0.007551 415.36 0.13
E 2 4 0.024871 0.002290 418.40 36.42
E 2 5 0.024532 0.004455 401.65 3.12
E 2 6 0.023684 0.002835 367.42 0.18
E 2 7 0.024955 0.003009 394.85 953.00
E 2 9 0.026901 0.005984 429.59 0.42
E 2 19 0.023470 0.002389 342.00 2.12
E 2 20 0.023774 0.002764 367.21 2.18
E 2 23 0.023751 0.002824 361.20 0.63
E 2 24 0.022359 0.002216 342.52 11.00
E 2 26 0.026114 0.005627 406.41 129.56
E 2 29 0.028941 0.003324 395.93 16.89
E 2 30 0.023392 0.002558 370.75 8.33
E 2 34 0.027343 0.005292 391.77 0.07
E 2 35 0.025358 0.005497 378.94 9.01
E 2 39 0.023683 0.002735 347.84 0.44
E 2 41 0.024509 0.003342 373.36 0.20
E 2 42 0.023769 0.002855 382.78 5.10
E 2 46 0.023769 0.002855 365.70 1.23
E 2 47 0.026818 0.002629 390.31 4.13
E 2 50 0.031215 0.005258 401.52 0.19
E 2 54 0.023784 0.002821 373.84 5.19
E 2 57 0.024564 0.003979 372.46 177.14
E 2 59 0.026154 0.005132 386.80 15.64
E 2 61 0.025723 0.004388 382.82 0.17
E 2 65 0.026573 0.007201 382.43 0.19
E 2 77 0.023709 0.002865 384.44 0.38
E 3 4 0.016057 0.001592 249.78 4.96
E 3 5 0.020641 0.003580 322.59 0.80
E 3 11 0.017293 0.003737 268.83 1.28
E 3 13 0.019524 0.004970 298.97 109.91
E 3 15 0.022656 0.005991 354.44 0.58
E 3 16 0.018827 0.001909 299.47 11.00
E 3 22 0.022456 0.004096 433.54 1.33
E 3 25 0.021118 0.004125 328.47 1.00
E 3 26 0.020961 0.002603 299.69 0.00
E 3 27 0.022225 0.003901 417.74 79.37
E 3 28 0.020430 0.002455 300.40 0.49
E 3 30 0.023413 0.003957 526.29 0.28
E 3 31 0.017371 0.003767 271.39 0.07
E 3 33 0.020405 0.000791 504.42 4.37
E 3 43 0.022421 0.004749 343.29 64.96
E 3 45 0.021170 0.004992 345.87 101.81
E 3 49 0.022169 0.004523 371.20 1.92
E 3 55 0.021037 0.004070 345.29 35.73
E 3 56 0.022089 0.003646 357.90 65.50
E 3 62 0.016091 0.001774 254.06 11.81
E 3 63 0.020905 0.004070 336.46 77.36
E 3 67 0.024006 0.007547 430.27 0.44
E 3 71 0.018904 0.003261 302.11 85.80
E 3 72 0.020905 0.004070 310.55 77.56
E 3 74 0.024313 0.006643 386.25 0.27
E 3 78 0.019969 0.002520 326.23 1.38
E 3 79 0.022450 0.003957 387.10 0.51
E 4 6 0.024871 0.000882 494.60 58.21
E 4 7 0.026634 0.000509 374.91 89.94
E 4 8 0.026127 0.004410 628.97 87.89
E 4 10 0.031789 0.008073 473.10 80.61
E 4 11 0.018335 0.004530 306.36 0.65
E 4 13 0.026126 0.000510 688.52 87.42
E 4 18 0.028753 0.010770 444.26 88.70
E 4 19 0.024871 0.000882 429.95 9.03
E 4 20 0.024870 0.001018 423.68 0.00
E 4 22 0.027874 0.007274 495.17 0.04
E 4 23 0.024871 0.000882 530.83 61.34
E 4 26 0.022193 0.003091 335.86 6.08
E 4 27 0.021690 0.001957 352.98 117.91
E 4 29 0.022834 0.002864 345.14 0.60
E 4 31 0.019044 0.004441 328.40 0.04
E 4 33 0.022287 0.004336 322.44 30.67
E 4 34 0.024872 0.000882 367.76 15.15
E 4 35 0.022891 0.006130 356.02 2.53
E 4 37 0.029979 0.003234 427.63 77.57
E 4 39 0.024871 0.000882 431.72 82.63
E 4 40 0.005761 0.000416 604.00 61.35
E 4 42 0.011731 0.000416 1176.00 10.72
E 4 43 0.021964 0.002734 355.39 110.32
E 4 44 0.025050 0.002864 388.82 87.50
E 4 45 0.028072 0.002206 340.01 75.66
E 4 46 0.024871 0.000882 297.24 82.43
E 4 47 0.029120 0.001978 343.15 40.44
E 4 48 0.029076 0.005224 408.31 88.19
E 4 49 0.021373 0.002902 346.68 4.13
E 4 50 0.031211 0.005258 387.43 25.85
E 4 51 0.026374 0.003627 406.98 83.49
E 4 52 0.030136 0.005625 436.41 77.94
E 4 54 0.024870 0.000882 425.49 1.64
E 4 56 0.021592 0.002403 344.52 109.96
E 4 57 0.028872 0.002645 466.22 0.97
E 4 58 0.026127 0.002907 429.21 88.17
E 4 60 0.035565 0.009271 636.45 80.90
E 4 61 0.041219 0.000509 505.87 207.99
E 4 62 0.016508 0.001554 254.77 0.04
E 4 63 0.021572 0.005993 331.36 119.41
E 4 64 0.007186 0.000352 724.00 86.78
E 4 65 0.028161 0.007632 443.73 89.70
E 4 66 0.031078 0.005126 476.49 77.13
E 4 67 0.023513 0.005380 389.86 0.91
E 4 68 0.024871 0.000882 404.61 89.76
E 4 69 0.025179 0.001037 370.86 22.05
E 4 71 0.021502 0.004221 380.00 97.57
E 4 72 0.024891 0.004070 372.03 119.71
E 4 73 0.011730 0.000416 1176.00 77.43
E 4 75 0.031040 0.006558 487.12 80.53
E 4 76 0.026874 0.004168 422.29 81.07
E 4 77 0.024871 0.000882 402.02 90.16
E 4 78 0.021040 0.005037 336.57 6.03
E 4 79 0.021866 0.002655 329.46 74.66
E 4 80 0.024871 0.000882 540.00 89.53
E 5 6 0.023130 0.000791 632.65 8.38
E 5 10 0.021775 0.004943 318.88 0.55
E 5 11 0.023191 0.007560 401.35 3.11
E 5 16 0.007186 0.002560 724.00 6.75
E 5 17 0.025351 0.007584 347.71 0.29
E 5 18 0.023920 0.005088 422.88 3.09
E 5 19 0.023752 0.000170 365.06 12.24
E 5 22 0.025113 0.003994 390.10 0.35
E 5 23 0.004482 0.000032 444.00 2.53
E 5 25 0.022428 0.004164 385.45 54.72
E 5 27 0.022319 0.004054 344.99 21.79
E 5 28 0.022504 0.003385 354.45 13.55
E 5 29 0.022474 0.003547 373.77 0.13
E 5 30 0.022995 0.001673 364.17 0.23
E 5 31 0.020422 0.002890 322.94 0.59
E 5 35 0.022330 0.004600 416.32 12.39
E 5 43 0.022178 0.004252 359.45 24.42
E 5 44 0.023515 0.004918 367.71 3.03
E 5 45 0.022135 0.004333 360.29 3.41
E 5 48 0.025515 0.002374 391.54 3.34
E 5 49 0.022580 0.004240 318.17 1.58
E 5 50 0.021416 0.003924 372.69 2.74
E 5 54 0.022606 0.001187 356.11 0.70
E 5 55 0.021935 0.003522 335.70 16.32
E 5 56 0.022178 0.003660 338.15 24.03
E 5 57 0.026091 0.006490 412.95 0.00
E 5 60 0.029235 0.007236 567.93 0.60
E 5 61 0.004482 0.000032 444.00 0.03
E 5 62 0.023493 0.005060 348.45 0.34
E 5 63 0.022319 0.004054 333.70 22.40
E 5 66 0.017062 0.000896 1668.00 2.64
E 5 67 0.023389 0.004346 343.73 2.35
E 5 68 0.023752 0.000170 344.13 3.26
E 5 69 0.020967 0.003040 318.71 19.40
E 5 72 0.022319 0.004054 340.63 22.45
E 5 73 0.028782 0.006422 386.72 1.91
E 5 74 0.024151 0.005865 389.51 0.28
E 5 75 0.024478 0.005228 360.00 1.33
E 5 76 0.022854 0.003863 338.41 1.05
E 5 77 0.027766 0.001809 520.94 12.91
E 5 78 0.022669 0.004285 358.71 0.18
E 5 79 0.022106 0.003702 375.98 16.59
E 6 7 0.026197 0.004516 418.90 0.18
E 6 9 0.028340 0.006463 426.57 0.01
E 6 10 0.030367 0.006760 431.28 0.24
E 6 18 0.025132 0.005951 380.47 0.18
E 6 19 0.021438 0.000553 332.11 1.80
E 6 20 0.023533 0.002358 389.33 0.49
E 6 23 0.021417 0.001331 346.36 0.38
E 6 24 0.022267 0.002078 343.33 10.20
E 6 26 0.026442 0.005448 405.18 236.97
E 6 29 0.028941 0.003324 432.01 12.91
E 6 30 0.022285 0.001005 354.62 23.65
E 6 34 0.024182 0.004692 385.71 0.05
E 6 35 0.024718 0.004872 413.69 8.65
E 6 37 0.028428 0.004079 413.80 0.22
E 6 39 0.021908 0.001124 355.17 0.29
E 6 42 0.021365 0.000510 340.83 4.95
E 6 45 0.027119 0.003457 474.23 0.22
E 6 46 0.021378 0.000732 342.77 0.89
E 6 47 0.026819 0.001973 381.38 3.77
E 6 48 0.025492 0.003513 387.52 0.18
E 6 51 0.028172 0.006180 393.66 0.23
E 6 52 0.026956 0.004298 399.53 0.32
E 6 54 0.022411 0.001005 363.41 8.05
E 6 57 0.024355 0.003739 358.49 209.92
E 6 59 0.027762 0.003936 427.39 2.07
E 6 60 0.025727 0.004591 385.51 0.24
E 6 61 0.025844 0.004426 400.50 0.09
E 6 65 0.026635 0.007284 413.07 0.22
E 6 66 0.027933 0.006258 411.89 0.22
E 6 68 0.022493 0.001077 361.20 0.18
E 6 73 0.030147 0.007204 407.32 0.22
E 6 77 0.023255 0.002458 348.12 0.36
E 6 80 0.025017 0.004807 393.95 0.18
E 7 8 0.027732 0.005240 399.17 834.20
E 7 9 0.027183 0.005532 410.35 0.02
E 7 10 0.026761 0.005333 391.04 890.82
E 7 13 0.028786 0.005810 421.01 835.53
E 7 17 0.025315 0.007243 380.81 2.58
E 7 18 0.026515 0.004841 418.01 955.82
E 7 19 0.026350 0.004789 382.06 2.56
E 7 20 0.025520 0.004174 397.35 0.92
E 7 23 0.026397 0.004552 396.10 0.74
E 7 24 0.025915 0.004983 424.90 49.95
E 7 29 0.029516 0.002205 523.89 15.28
E 7 30 0.025064 0.003957 375.40 3.73
E 7 32 0.027643 0.004964 420.60 767.47
E 7 34 0.026836 0.005280 427.06 0.08
E 7 35 0.026635 0.005653 539.03 271.59
E 7 36 0.024006 0.006805 391.44 8.36
E 7 37 0.026190 0.004459 400.33 865.68
E 7 38 0.028681 0.005609 406.40 23.08
E 7 39 0.025564 0.003812 392.72 0.58
E 7 40 0.029213 0.005869 474.10 0.17
E 7 41 0.027329 0.005427 419.75 1.65
E 7 42 0.026335 0.004465 420.14 3.61
E 7 44 0.021887 0.004494 381.12 1051.80
E 7 45 0.029304 0.004833 414.81 735.73
E 7 46 0.026231 0.004196 384.86 0.36
E 7 47 0.027195 0.004360 382.27 1.99
E 7 48 0.025484 0.003664 413.16 939.88
E 7 50 0.024277 0.004176 377.39 0.11
E 7 51 0.026748 0.006254 365.37 1024.02
E 7 52 0.026480 0.004289 387.49 0.51
E 7 57 0.025489 0.004037 403.86 55.60
E 7 58 0.029051 0.005291 516.71 840.72
E 7 59 0.026722 0.004414 416.32 2.75
E 7 60 0.027013 0.005236 411.85 899.45
E 7 61 0.026013 0.004581 405.69 0.06
E 7 64 0.025716 0.003907 387.84 838.03
E 7 65 0.026305 0.006492 384.04 0.24
E 7 66 0.028250 0.006731 433.69 877.44
E 7 68 0.025676 0.004191 402.65 949.04
E 7 73 0.027813 0.005778 394.20 866.42
E 7 75 0.025463 0.004656 382.01 919.61
E 7 76 0.024404 0.003586 373.81 919.42
E 7 77 0.025707 0.004280 365.73 0.84
E 7 80 0.025683 0.004559 392.60 945.24
E 8 9 0.027726 0.006158 420.73 0.02
E 8 17 0.024783 0.005555 378.34 2.21
E 8 20 0.023583 0.003004 357.68 0.52
E 8 24 0.028769 0.008065 405.91 5.12
E 8 29 0.029516 0.004495 529.74 15.24
E 8 36 0.023510 0.005252 343.30 22.31
E 8 38 0.026690 0.004579 434.33 3.43
E 8 40 0.025920 0.004294 406.37 1.78
E 8 41 0.028625 0.006369 421.96 3.01
E 8 42 0.007346 0.001248 744.00 3.44
E 8 47 0.025962 0.004402 381.01 3.18
E 8 50 0.022432 0.004126 353.77 0.10
E 8 57 0.027424 0.004996 422.12 64.44
E 8 59 0.027029 0.003825 385.99 13.02
E 8 61 0.029756 0.006421 468.17 0.16
E 8 69 0.021062 0.002566 323.98 3.87
E 8 70 0.018050 0.001994 275.08 22.34
E 9 10 0.027476 0.005347 423.44 0.06
E 9 12 0.025166 0.004070 439.52 0.07
E 9 13 0.026315 0.005954 389.99 0.06
E 9 14 0.029688 0.007937 597.63 0.07
E 9 17 0.027774 0.004936 429.96 0.10
E 9 18 0.021377 0.004965 309.93 0.07
E 9 19 0.028605 0.005569 459.98 0.04
E 9 21 0.025166 0.000565 551.70 0.07
E 9 23 0.028983 0.005726 421.53 0.12
E 9 27 0.019596 0.003074 278.61 0.10
E 9 29 0.019596 0.003074 329.04 1.29
E 9 32 0.027312 0.005708 418.88 0.06
E 9 33 0.019592 0.003074 313.06 195.07
E 9 34 0.028126 0.005427 397.55 0.12
E 9 35 0.019595 0.003074 302.48 2.41
E 9 36 0.025574 0.006801 392.66 1.61
E 9 37 0.027344 0.005119 398.93 0.06
E 9 38 0.027254 0.006033 400.43 0.06
E 9 39 0.028127 0.004839 463.65 0.71
E 9 40 0.027952 0.006070 440.99 0.02
E 9 41 0.029137 0.006605 424.55 0.40
E 9 42 0.029801 0.006106 521.57 3.14
E 9 43 0.019411 0.004376 370.85 0.09
E 9 44 0.026837 0.006072 400.71 0.07
E 9 45 0.022820 0.004822 369.03 0.06
E 9 46 0.028651 0.006285 412.14 0.28
E 9 47 0.027790 0.005853 419.36 0.29
E 9 48 0.027800 0.005743 404.35 0.07
E 9 49 0.019537 0.003440 302.53 8.19
E 9 50 0.026860 0.006734 414.36 0.23
E 9 51 0.030049 0.008078 419.21 0.07
E 9 52 0.025235 0.004679 432.13 0.06
E 9 53 0.025577 0.004549 396.55 0.06
E 9 57 0.026435 0.005268 428.44 28.87
E 9 58 0.026835 0.005115 408.25 0.06
E 9 59 0.027909 0.006517 421.45 1.12
E 9 60 0.029747 0.005819 426.93 0.06
E 9 61 0.028218 0.005936 411.08 0.12
E 9 64 0.027699 0.005760 414.29 0.06
E 9 65 0.028254 0.007833 439.15 0.06
E 9 66 0.029534 0.006436 412.11 0.06
E 9 68 0.028157 0.006166 432.65 0.07
E 9 71 0.020378 0.004221 323.13 0.08
E 9 73 0.030061 0.006859 427.07 0.06
E 9 75 0.024972 0.005283 411.40 0.06
E 9 76 0.027897 0.005936 421.34 0.06
E 9 77 0.028143 0.006329 407.44 0.13
E 9 80 0.028049 0.005278 404.23 0.07
E 10 17 0.024796 0.005734 381.04 1.78
E 10 20 0.028546 0.005998 446.41 0.77
E 10 24 0.028290 0.007578 438.05 8.52
E 10 26 0.030752 0.005815 461.12 26.32
E 10 29 0.030979 0.006692 528.69 7.72
E 10 34 0.032021 0.008480 463.50 0.12
E 10 35 0.033928 0.008141 492.30 97.01
E 10 36 0.024024 0.005727 366.05 21.83
E 10 38 0.024717 0.006003 348.29 3.64
E 10 40 0.024402 0.003909 354.82 2.25
E 10 41 0.028702 0.006261 417.25 6.29
E 10 42 0.011523 0.002624 1208.00 3.56
E 10 46 0.032021 0.008480 525.57 1.57
E 10 47 0.026212 0.005068 408.75 2.23
E 10 50 0.025252 0.004934 373.00 0.10
E 10 57 0.029982 0.005906 410.61 96.89
E 10 59 0.027392 0.005544 408.33 14.20
E 10 61 0.029559 0.005286 432.15 0.17
E 10 65 0.030367 0.009837 432.00 0.25
E 10 69 0.024056 0.004698 359.26 0.97
E 10 70 0.023763 0.004905 390.00 26.33
E 11 15 0.022695 0.006002 361.70 21.78
E 11 16 0.018955 0.004497 312.35 5.02
E 11 22 0.022447 0.007405 361.57 1.63
E 11 25 0.021118 0.004125 323.85 16.89
E 11 27 0.023107 0.008683 353.37 21.95
E 11 28 0.020294 0.004297 306.83 0.33
E 11 30 0.026127 0.007971 404.94 2.08
E 11 31 0.017366 0.003858 270.01 2.05
E 11 33 0.020490 0.004353 378.71 0.23
E 11 43 0.022420 0.005879 347.73 16.60
E 11 45 0.020954 0.004808 339.98 1.74
E 11 49 0.022508 0.004212 372.63 17.88
E 11 55 0.021583 0.005163 355.60 4.28
E 11 56 0.021899 0.005879 364.75 16.74
E 11 63 0.022995 0.005890 326.27 21.32
E 11 67 0.024648 0.008286 444.55 0.49
E 11 71 0.018926 0.005088 296.68 15.40
E 11 72 0.022995 0.005890 319.38 21.39
E 11 74 0.024313 0.008683 406.34 4.21
E 11 78 0.020434 0.005443 328.26 22.79
E 11 79 0.024345 0.006868 361.59 1.67
E 12 17 0.024980 0.005806 393.86 0.72
E 12 24 0.028374 0.008078 419.86 6.60
E 12 36 0.022315 0.004579 356.42 2.60
E 12 38 0.017165 0.003928 290.25 4.20
E 12 40 0.019558 0.004439 300.33 2.76
E 12 41 0.024600 0.006954 400.13 11.67
E 12 47 0.017946 0.005558 282.02 12.95
E 12 50 0.023240 0.004894 355.82 0.12
E 12 57 0.028670 0.002205 338.81 31.62
E 12 59 0.025618 0.000339 509.42 14.97
E 12 69 0.020625 0.003620 328.90 1.61
E 12 70 0.020828 0.003942 324.65 64.02
E 13 17 0.024525 0.005206 382.06 2.13
E 13 20 0.002865 0.000000 300.00 0.54
E 13 24 0.027915 0.008051 456.48 5.12
E 13 26 0.023117 0.007844 392.94 5.97
E 13 29 0.029516 0.002205 418.81 14.53
E 13 33 0.019173 0.003925 343.96 165.84
E 13 36 0.023895 0.005956 368.32 23.65
E 13 38 0.024806 0.003917 359.70 3.44
E 13 40 0.024355 0.003838 377.84 1.80
E 13 41 0.029786 0.007971 454.16 3.08
E 13 42 0.002097 0.000000 204.00 3.45
E 13 47 0.024120 0.003877 401.15 3.07
E 13 50 0.023484 0.005088 372.45 0.10
E 13 57 0.027331 0.003180 437.32 66.46
E 13 59 0.027513 0.003718 399.84 13.09
E 13 61 0.029534 0.006269 393.82 0.16
E 13 69 0.023052 0.002987 374.20 3.32
E 13 70 0.024007 0.003350 352.70 22.88
E 14 17 0.024980 0.005806 393.77 0.72
E 14 24 0.028374 0.008078 396.81 6.68
E 14 36 0.023318 0.005956 409.77 2.60
E 14 38 0.021718 0.005289 343.45 4.21
E 14 40 0.021451 0.005066 325.84 2.77
E 14 41 0.024600 0.000000 475.80 11.23
E 14 47 0.020951 0.005633 322.41 13.15
E 14 50 0.023101 0.005551 351.44 0.12
E 14 57 0.028670 0.002205 425.48 32.96
E 14 59 0.025618 0.002827 624.28 15.03
E 14 69 0.022302 0.006060 339.83 1.43
E 14 70 0.022728 0.005446 365.69 64.34
E 15 16 0.021996 0.005610 342.97 21.77
E 15 22 0.023414 0.005292 405.31 0.01
E 15 25 0.022685 0.005802 349.98 0.14
E 15 27 0.022630 0.004684 315.08 986.37
E 15 28 0.023370 0.005993 384.60 166.29
E 15 29 0.023540 0.006334 354.18 0.01
E 15 31 0.022546 0.005906 349.99 1.68
E 15 33 0.022845 0.005863 347.95 58.26
E 15 36 0.022571 0.005745 354.93 6.89
E 15 43 0.022735 0.002374 400.73 796.15
E 15 49 0.021898 0.005252 374.78 0.78
E 15 57 0.021731 0.003300 373.08 55.96
E 15 67 0.022452 0.005862 362.24 1.13
E 15 69 0.022622 0.009950 347.84 1.35
E 15 71 0.022719 0.005623 352.09 116.69
E 15 78 0.023181 0.002991 387.35 1.14
E 16 18 0.020327 0.002205 289.14 4.19
E 16 25 0.020152 0.003124 311.80 13.74
E 16 26 0.021622 0.003284 342.97 0.49
E 16 27 0.018268 0.001272 302.08 4.01
E 16 29 0.018460 0.001370 303.27 2.66
E 16 31 0.018778 0.004360 285.09 8.83
E 16 33 0.020843 0.003030 322.09 2.10
E 16 35 0.018714 0.000878 322.42 1.17
E 16 36 0.019507 0.003196 317.72 3.75
E 16 43 0.018704 0.003470 285.67 3.45
E 16 44 0.023375 0.004519 359.01 3.35
E 16 45 0.021997 0.005628 371.91 3.84
E 16 49 0.019135 0.001979 290.61 7.48
E 16 56 0.016635 0.000452 260.64 3.46
E 16 62 0.019351 0.002760 281.12 0.83
E 16 63 0.020396 0.005643 349.75 3.95
E 16 67 0.021760 0.004661 346.48 1.32
E 16 69 0.023922 0.009023 382.35 1.03
E 16 71 0.020041 0.004736 327.23 2.97
E 16 74 0.023581 0.004800 390.80 9.30
E 16 78 0.019614 0.003814 291.08 15.32
E 16 79 0.016388 0.000301 244.35 1.88
E 17 21 0.024584 0.005597 395.42 0.72
E 17 24 0.027619 0.007054 423.46 2.96
E 17 32 0.025286 0.005662 393.44 0.29
E 17 36 0.024761 0.005705 386.23 1.40
E 17 37 0.025284 0.004906 395.60 2.38
E 17 38 0.024243 0.005472 345.11 0.12
E 17 40 0.024463 0.005072 361.31 0.36
E 17 41 0.027009 0.005509 415.54 3.09
E 17 44 0.024307 0.005837 371.35 1.78
E 17 47 0.025096 0.006049 373.72 0.29
E 17 48 0.024614 0.005450 390.16 2.71
E 17 50 0.024983 0.006073 370.09 0.52
E 17 51 0.027682 0.007029 426.59 0.59
E 17 52 0.024938 0.008050 384.94 3.47
E 17 53 0.024403 0.005799 383.27 1.07
E 17 57 0.028670 0.004372 479.86 20.45
E 17 58 0.024390 0.005885 389.97 2.07
E 17 59 0.026026 0.005801 420.20 2.99
E 17 60 0.027442 0.006043 447.90 1.67
E 17 64 0.024866 0.005837 395.24 2.04
E 17 66 0.025205 0.007423 401.49 0.59
E 17 69 0.024949 0.006434 412.93 0.80
E 17 70 0.024341 0.005776 392.58 3.17
E 17 73 0.026860 0.005990 399.90 3.14
E 17 75 0.025087 0.005389 391.56 1.65
E 17 76 0.025171 0.006092 387.82 1.56
E 18 19 0.024682 0.005381 382.21 2.12
E 18 20 0.025540 0.005951 396.86 2.18
E 18 23 0.024545 0.005382 374.40 0.63
E 18 26 0.024127 0.005192 351.68 129.77
E 18 28 0.020224 0.002940 328.98 311.20
E 18 29 0.020070 0.003660 311.80 17.29
E 18 30 0.024007 0.004450 368.30 8.46
E 18 33 0.019322 0.002960 310.94 176.95
E 18 34 0.025902 0.007394 378.78 0.07
E 18 35 0.022015 0.003702 357.30 9.01
E 18 39 0.024766 0.005488 377.34 0.44
E 18 42 0.024982 0.005540 378.24 5.12
E 18 46 0.024982 0.005540 429.96 1.23
E 18 47 0.026819 0.007802 426.64 4.28
E 18 49 0.018881 0.002471 286.10 16.67
E 18 54 0.024240 0.005021 388.82 5.27
E 18 55 0.019069 0.002549 279.70 1.24
E 18 57 0.025474 0.004317 399.28 178.21
E 18 59 0.027293 0.005242 425.26 15.67
E 18 61 0.028351 0.005129 424.14 0.17
E 18 65 0.027871 0.007917 440.41 0.19
E 18 77 0.025116 0.005447 398.06 0.38
E 18 79 0.018880 0.002471 306.91 9.58
E 19 20 0.023563 0.002421 355.51 0.00
E 19 22 0.027483 0.005062 409.96 66.71
E 19 23 0.021146 0.001270 348.63 2.40
E 19 26 0.026679 0.005548 386.36 2.22
E 19 29 0.028941 0.003324 399.56 2.81
E 19 30 0.022280 0.001001 340.53 352.97
E 19 34 0.024182 0.004692 399.29 1.83
E 19 35 0.024718 0.004872 403.06 5.79
E 19 37 0.028627 0.004293 429.43 1.96
E 19 39 0.021758 0.001124 332.99 2.95
E 19 41 0.029593 0.005634 453.81 0.07
E 19 42 0.020702 0.000432 337.92 5.74
E 19 45 0.027126 0.003595 425.62 1.98
E 19 46 0.020720 0.000651 329.25 0.65
E 19 47 0.026702 0.002103 390.20 5.75
E 19 48 0.025532 0.003572 367.85 2.08
E 19 51 0.028095 0.006194 417.75 2.95
E 19 52 0.026827 0.003976 392.88 1.95
E 19 54 0.022420 0.000987 351.49 2.41
E 19 57 0.024514 0.004029 366.81 4.60
E 19 59 0.028602 0.004477 405.06 0.12
E 19 60 0.025872 0.004538 381.67 2.46
E 19 61 0.025843 0.004410 384.68 2.66
E 19 62 0.006386 0.000384 624.00 454.18
E 19 65 0.026842 0.007626 422.26 2.05
E 19 66 0.027969 0.006330 415.47 1.96
E 19 68 0.022493 0.001097 361.05 2.07
E 19 73 0.030511 0.007453 444.79 1.96
E 19 77 0.023283 0.002511 349.76 2.28
E 19 80 0.025181 0.005016 385.57 2.07
E 20 23 0.023561 0.002404 384.19 0.88
E 20 24 0.022410 0.002292 339.55 0.00
E 20 29 0.028941 0.003324 429.07 4.33
E 20 30 0.023397 0.002339 354.16 0.00
E 20 34 0.025622 0.004692 387.77 1.09
E 20 35 0.026545 0.004872 457.85 5.46
E 20 37 0.028428 0.004079 422.88 5.30
E 20 39 0.023542 0.002347 350.47 4.48
E 20 41 0.026433 0.004396 400.97 0.12
E 20 42 0.023593 0.002413 364.85 0.66
E 20 45 0.027118 0.004254 399.15 1.06
E 20 46 0.023578 0.002371 359.57 38.07
E 20 47 0.026818 0.003209 449.01 0.32
E 20 48 0.025503 0.003513 372.37 4.44
E 20 50 0.029737 0.006542 488.52 1.15
E 20 51 0.026875 0.005540 417.56 5.65
E 20 52 0.026272 0.004282 392.29 5.19
E 20 60 0.026728 0.005290 406.66 5.81
E 20 61 0.025882 0.004479 392.74 1.05
E 20 64 0.029915 0.007010 368.02 5.99
E 20 65 0.026717 0.006738 377.38 4.41
E 20 66 0.028044 0.006395 393.78 5.24
E 20 68 0.023516 0.002291 364.95 4.51
E 20 73 0.027954 0.005912 433.40 5.34
E 20 75 0.030282 0.005003 443.43 5.82
E 20 77 0.023490 0.002527 383.05 4.43
E 20 80 0.024986 0.004506 384.82 4.51
E 21 24 0.028495 0.007848 439.84 6.60
E 21 36 0.022149 0.004532 344.23 2.60
E 21 38 0.014702 0.003645 245.15 4.19
E 21 40 0.019421 0.004549 342.56 2.75
E 21 41 0.025860 0.008577 485.76 11.75
E 21 47 0.020153 0.004711 393.78 13.15
E 21 50 0.023444 0.004848 354.91 0.12
E 21 57 0.028670 0.003454 374.91 32.68
E 21 59 0.025505 0.005736 532.43 14.96
E 21 69 0.020732 0.004070 307.15 1.55
E 21 70 0.020420 0.003741 338.80 63.62
E 22 24 0.023794 0.002162 377.34 5.32
E 22 25 0.023468 0.003392 323.81 0.91
E 22 26 0.025070 0.002441 382.22 42.50
E 22 27 0.021668 0.003084 362.28 0.00
E 22 28 0.024873 0.005215 396.57 3.50
E 22 29 0.025583 0.003477 457.47 2.03
E 22 30 0.024887 0.003422 382.45 7.49
E 22 31 0.022457 0.004184 300.04 1.07
E 22 33 0.025249 0.002789 376.39 1.34
E 22 35 0.024841 0.007074 450.65 2.88
E 22 36 0.025311 0.007123 395.43 26.45
E 22 41 0.025146 0.003660 397.73 0.10
E 22 43 0.022984 0.003485 435.51 0.00
E 22 49 0.024371 0.004786 373.47 2.84
E 22 54 0.025590 0.003757 397.30 221.16
E 22 55 0.022457 0.004097 390.54 166.14
E 22 56 0.022984 0.003095 427.99 0.00
E 22 59 0.025991 0.004795 421.77 0.09
E 22 62 0.024553 0.003223 338.96 0.00
E 22 63 0.021668 0.003084 319.32 0.00
E 22 67 0.025035 0.006207 407.54 7.31
E 22 69 0.002129 0.000000 208.00 110.62
E 22 72 0.021668 0.003084 331.44 0.00
E 22 74 0.025597 0.005662 427.65 0.41
E 22 78 0.022595 0.003788 390.15 1.18
E 22 79 0.022902 0.002844 332.51 0.97
E 23 24 0.022190 0.001928 329.21 8.41
E 23 26 0.026681 0.005548 373.59 227.83
E 23 29 0.029603 0.002883 421.72 50.25
E 23 30 0.022259 0.001606 354.03 34.36
E 23 34 0.024056 0.004987 365.16 0.05
E 23 35 0.024718 0.004872 408.99 6.67
E 23 37 0.028620 0.004180 420.10 0.15
E 23 39 0.021910 0.001616 343.60 0.53
E 23 41 0.029433 0.005512 451.68 13.62
E 23 42 0.020865 0.001143 346.05 4.33
E 23 45 0.027126 0.003595 367.08 0.26
E 23 46 0.020880 0.001173 338.97 0.27
E 23 47 0.026819 0.001973 394.09 1.80
E 23 48 0.025535 0.003601 404.94 0.28
E 23 51 0.028371 0.004849 409.27 0.11
E 23 52 0.026672 0.003924 378.24 0.20
E 23 54 0.022519 0.001657 342.98 16.02
E 23 57 0.024186 0.003952 378.39 424.49
E 23 60 0.025803 0.004658 396.85 0.08
E 23 61 0.025806 0.004541 410.00 0.06
E 23 65 0.026831 0.007530 401.41 0.25
E 23 66 0.027970 0.006330 401.07 0.16
E 23 68 0.022510 0.001627 340.69 0.29
E 23 73 0.030467 0.006886 466.71 0.15
E 23 77 0.023288 0.002480 367.86 0.13
E 23 80 0.025095 0.005003 382.07 0.29
E 24 30 0.022410 0.002292 364.69 0.68
E 24 34 0.024169 0.004518 359.96 0.29
E 24 36 0.030267 0.008452 405.86 4.28
E 24 37 0.025466 0.004850 391.34 9.33
E 24 39 0.022358 0.002216 391.94 3.46
E 24 40 0.028840 0.007851 401.14 9.62
E 24 41 0.027735 0.005766 440.41 8.55
E 24 42 0.021340 0.001178 340.56 0.07
E 24 44 0.003970 0.000096 380.00 8.65
E 24 45 0.028501 0.005936 396.52 9.19
E 24 46 0.021334 0.001211 323.82 13.74
E 24 47 0.027739 0.006336 395.42 4.01
E 24 48 0.024771 0.004698 382.07 10.93
E 24 50 0.029125 0.008509 447.05 2.83
E 24 51 0.027726 0.006205 433.16 9.61
E 24 53 0.025274 0.005998 413.08 5.52
E 24 54 0.021575 0.002742 332.28 96.90
E 24 57 0.028874 0.002646 463.33 139.51
E 24 58 0.027663 0.007259 404.71 5.11
E 24 59 0.026733 0.005099 424.99 2.31
E 24 60 0.027119 0.005280 397.88 8.46
E 24 61 0.024862 0.004172 393.85 6.91
E 24 64 0.028566 0.008073 404.12 5.11
E 24 65 0.024321 0.003790 351.78 10.25
E 24 66 0.026529 0.005548 402.80 9.44
E 24 68 0.022551 0.002320 365.98 11.12
E 24 69 0.031347 0.010704 461.04 4.33
E 24 70 0.026378 0.007123 420.65 0.07
E 24 73 0.027928 0.005625 399.69 9.27
E 24 75 0.029560 0.007696 485.31 8.46
E 24 76 0.030107 0.008089 430.96 8.40
E 24 77 0.022359 0.002216 359.34 10.08
E 24 80 0.025506 0.005921 390.06 11.08
E 25 26 0.021433 0.003176 332.28 0.31
E 25 27 0.019257 0.002226 292.40 278.14
E 25 28 0.020875 0.002870 327.82 77.30
E 25 29 0.019976 0.002828 328.81 1.09
E 25 31 0.021118 0.004293 329.44 0.22
E 25 33 0.020697 0.002905 338.17 23.76
E 25 35 0.019434 0.002569 292.62 3.44
E 25 36 0.019764 0.002940 347.10 5.66
E 25 43 0.020496 0.005011 335.83 226.55
E 25 45 0.022581 0.005279 335.30 291.19
E 25 49 0.020098 0.003063 330.22 0.59
E 25 55 0.019219 0.002148 292.57 23.30
E 25 56 0.019246 0.002107 317.86 227.30
E 25 62 0.021014 0.003739 326.09 2.15
E 25 63 0.019627 0.005999 298.23 272.61
E 25 67 0.021915 0.004858 347.70 1.12
E 25 69 0.021400 0.001124 352.72 22.61
E 25 71 0.020126 0.004125 323.84 223.69
E 25 72 0.019983 0.002318 289.22 273.34
E 25 74 0.022783 0.005005 360.86 0.12
E 25 78 0.020016 0.003279 325.72 0.04
E 25 79 0.019171 0.002116 303.80 215.14
E 26 27 0.022375 0.004250 356.44 203.05
E 26 28 0.021487 0.003262 342.70 30.60
E 26 29 0.022333 0.003478 339.81 4.87
E 26 30 0.024894 0.004587 365.25 0.33
E 26 31 0.020504 0.003188 325.26 2.70
E 26 33 0.021533 0.003282 342.80 4.36
E 26 34 0.026690 0.004551 440.51 21.52
E 26 35 0.022879 0.004030 353.61 15.12
E 26 37 0.029979 0.003901 406.08 42.31
E 26 39 0.027155 0.005714 400.04 27.61
E 26 42 0.032150 0.005472 3264.00 0.29
E 26 43 0.022217 0.003568 338.18 4.24
E 26 44 0.023773 0.003372 369.55 24.26
E 26 45 0.022410 0.004848 359.91 44.16
E 26 46 0.026216 0.004462 391.54 251.08
E 26 47 0.027736 0.004462 441.63 7.76
E 26 48 0.028179 0.005201 512.09 132.50
E 26 49 0.021739 0.003217 354.83 3.47
E 26 50 0.027398 0.006134 379.63 10.54
E 26 51 0.024816 0.003982 400.97 56.25
E 26 52 0.030572 0.005949 397.75 62.51
E 26 54 0.025548 0.005207 411.10 5.65
E 26 55 0.021850 0.003339 346.14 357.77
E 26 56 0.021823 0.003337 343.23 5.72
E 26 57 0.028593 0.003901 395.15 205.46
E 26 60 0.029177 0.003443 442.12 25.63
E 26 62 0.022431 0.003420 364.62 21.63
E 26 63 0.022006 0.005161 350.38 210.45
E 26 65 0.027505 0.008868 452.92 106.97
E 26 66 0.031225 0.006001 421.01 46.56
E 26 68 0.026216 0.004462 488.06 136.33
E 26 69 0.023712 0.003992 360.33 10.59
E 26 71 0.021123 0.003445 326.16 5.40
E 26 73 0.028781 0.003901 586.84 41.35
E 26 74 0.022631 0.004714 331.92 9.34
E 26 75 0.030802 0.005427 446.39 28.36
E 26 76 0.026757 0.004101 415.81 26.37
E 26 77 0.026681 0.005548 374.41 199.17
E 26 78 0.021515 0.003731 350.37 58.10
E 26 79 0.023734 0.004684 363.78 0.26
E 26 80 0.029263 0.006615 485.34 136.43
E 27 28 0.019778 0.002430 296.45 154.00
E 27 29 0.018611 0.000988 314.86 5.08
E 27 30 0.024373 0.002035 454.30 51.43
E 27 31 0.023497 0.005003 461.15 31.38
E 27 33 0.021189 0.003547 341.38 189.51
E 27 49 0.017983 0.001041 288.90 16.39
E 27 55 0.016930 0.000754 264.26 0.66
E 27 67 0.022424 0.004859 328.23 11.54
E 27 74 0.022140 0.004459 341.93 0.00
E 27 78 0.019137 0.002900 315.19 207.59
E 27 79 0.016902 0.000686 266.15 203.07
E 28 30 0.023030 0.001357 334.89 1.72
E 28 31 0.020528 0.004548 312.88 0.66
E 28 33 0.021104 0.003383 313.20 0.02
E 28 35 0.020375 0.002555 321.62 28.12
E 28 36 0.021839 0.002762 565.66 1.22
E 28 43 0.020049 0.004478 334.54 77.73
E 28 49 0.020575 0.002728 348.89 42.94
E 28 55 0.019288 0.001945 308.88 87.71
E 28 56 0.019643 0.002129 300.42 78.08
E 28 63 0.019365 0.003584 327.71 140.06
E 28 67 0.022257 0.004451 376.28 0.29
E 28 72 0.019073 0.002232 289.13 140.75
E 28 74 0.022684 0.004902 364.44 2.09
E 28 78 0.020245 0.003206 337.72 9.53
E 28 79 0.020062 0.002871 307.48 0.16
E 29 33 0.020983 0.003049 329.56 11.46
E 29 34 0.029009 0.002884 544.74 64.46
E 29 35 0.019836 0.002103 308.24 183.95
E 29 37 0.029746 0.003900 506.37 6.21
E 29 39 0.029009 0.002713 411.59 28.48
E 29 40 0.029517 0.005201 574.32 3.43
E 29 42 0.008210 0.000768 852.00 7.57
E 29 43 0.018874 0.003820 296.17 2.38
E 29 44 0.026322 0.004777 388.28 16.14
E 29 45 0.024639 0.004782 408.57 4.46
E 29 46 0.029009 0.002713 425.20 8.79
E 29 47 0.029005 0.002917 452.92 11.40
E 29 48 0.028941 0.003646 450.03 16.42
E 29 49 0.018966 0.001600 312.51 27.11
E 29 50 0.029143 0.006134 421.38 5.56
E 29 51 0.026770 0.004928 415.55 10.91
E 29 52 0.027953 0.004288 424.34 6.22
E 29 54 0.029518 0.003647 428.86 3.43
E 29 55 0.018484 0.000908 305.66 3.52
E 29 56 0.018645 0.000813 299.67 2.38
E 29 57 0.028441 0.003900 391.18 2.45
E 29 58 0.029516 0.002849 519.07 15.68
E 29 59 0.002321 0.000000 232.00 1.34
E 29 60 0.032793 0.005936 482.51 7.93
E 29 61 0.033805 0.006833 510.51 8.70
E 29 62 0.022677 0.003053 329.63 4.75
E 29 63 0.019221 0.005266 294.87 4.83
E 29 64 0.029516 0.002205 355.04 13.60
E 29 65 0.028941 0.007844 428.44 13.45
E 29 66 0.030070 0.003731 364.07 6.11
E 29 67 0.022211 0.004584 354.52 0.11
E 29 68 0.029009 0.002713 379.72 18.76
E 29 69 0.027990 0.005540 395.67 10.42
E 29 71 0.020812 0.002853 347.60 16.22
E 29 72 0.017240 0.000317 264.56 4.73
E 29 73 0.028780 0.003900 529.76 6.16
E 29 74 0.022587 0.004662 347.56 0.97
E 29 75 0.030136 0.005163 467.66 7.80
E 29 76 0.028442 0.004119 398.33 8.13
E 29 77 0.028941 0.003324 434.47 98.32
E 29 78 0.018984 0.002957 303.79 8.87
E 29 80 0.029263 0.006615 446.37 18.42
E 30 31 0.002001 0.000000 192.00 0.73
E 30 35 0.025737 0.005890 430.64 6.22
E 30 39 0.022181 0.001308 350.57 4.29
E 30 41 0.026027 0.004106 388.05 0.15
E 30 42 0.022190 0.001039 345.95 1.06
E 30 43 0.023299 0.003150 405.65 50.52
E 30 48 0.025173 0.003241 374.70 2.40
E 30 51 0.026490 0.005317 419.70 30.38
E 30 54 0.022505 0.001372 352.42 0.31
E 30 55 0.024136 0.002220 399.86 72.08
E 30 56 0.023388 0.001967 336.94 50.02
E 30 57 0.023941 0.003855 375.69 0.64
E 30 61 0.025249 0.004262 367.08 2.37
E 30 62 0.023356 0.001017 392.36 1.25
E 30 63 0.022941 0.001357 382.03 53.06
E 30 65 0.026346 0.006423 391.59 12.02
E 30 72 0.022941 0.001357 444.80 53.30
E 30 74 0.024834 0.007436 346.53 2.37
E 30 78 0.021998 0.001696 394.26 3.46
E 30 79 0.024680 0.002402 382.62 1.85
E 31 33 0.020528 0.001526 342.19 5.49
E 31 36 0.024777 0.007418 414.66 11.02
E 31 43 0.022108 0.004387 321.24 24.66
E 31 44 0.022914 0.004505 317.04 169.18
E 31 49 0.021622 0.003580 382.43 1.31
E 31 55 0.021471 0.005013 383.51 229.55
E 31 56 0.022090 0.003335 347.95 24.93
E 31 62 0.017314 0.004204 286.82 7.10
E 31 63 0.021970 0.003943 332.22 30.09
E 31 67 0.024472 0.007505 455.74 0.21
E 31 72 0.021970 0.003943 334.12 30.18
E 31 74 0.024313 0.006643 421.56 0.40
E 31 78 0.019508 0.002535 336.64 0.48
E 31 79 0.026973 0.002629 495.87 0.41
E 32 34 0.024295 0.003767 362.18 0.10
E 32 38 0.016838 0.002607 265.70 6.88
E 32 40 0.018850 0.004211 321.20 0.08
E 32 41 0.030269 0.007134 438.12 17.77
E 32 46 0.023050 0.000727 347.08 0.65
E 32 47 0.019231 0.004815 305.48 16.41
E 32 59 0.028669 0.004247 425.10 7.54
E 32 61 0.028203 0.004817 393.79 0.17
E 33 35 0.021117 0.003356 349.84 5.52
E 33 36 0.020310 0.003121 318.68 3.21
E 33 43 0.021010 0.004004 348.70 152.08
E 33 44 0.026713 0.003914 419.72 111.23
E 33 45 0.021731 0.005206 346.86 152.91
E 33 49 0.020817 0.002959 333.38 1.39
E 33 51 0.023556 0.003288 381.06 127.80
E 33 52 0.025678 0.005578 442.96 155.07
E 33 55 0.020891 0.002911 326.16 11.51
E 33 56 0.020962 0.002944 342.69 152.05
E 33 62 0.020616 0.002199 342.13 16.99
E 33 63 0.019910 0.006077 317.53 187.86
E 33 67 0.021808 0.004465 345.40 1.53
E 33 69 0.022344 0.002694 338.48 12.54
E 33 71 0.020955 0.004025 334.86 82.79
E 33 74 0.022596 0.004683 355.29 4.15
E 33 75 0.001585 0.000000 140.00 139.32
E 33 78 0.020731 0.003155 334.95 12.77
E 33 79 0.019894 0.001660 312.66 0.94
E 34 35 0.026049 0.005012 479.58 6.96
E 34 37 0.023276 0.005987 356.97 0.07
E 34 38 0.025047 0.003719 343.71 0.04
E 34 39 0.023495 0.005109 348.52 0.17
E 34 40 0.024649 0.004652 407.35 0.05
E 34 41 0.031778 0.007886 437.97 6.12
E 34 42 0.024771 0.005175 391.14 2.04
E 34 45 0.028353 0.003166 412.69 0.13
E 34 46 0.024771 0.005175 367.85 0.32
E 34 47 0.020623 0.004941 341.91 3.10
E 34 48 0.027892 0.004553 412.36 0.07
E 34 52 0.028107 0.004932 460.06 0.06
E 34 54 0.024686 0.004233 356.50 38.40
E 34 57 0.027150 0.004070 417.63 20.88
E 34 59 0.028389 0.005215 383.51 3.30
E 34 60 0.029187 0.006659 429.23 0.13
E 34 61 0.025778 0.005442 396.05 0.33
E 34 65 0.028525 0.008141 425.60 0.05
E 34 66 0.030904 0.007689 482.42 0.07
E 34 68 0.024907 0.005135 367.30 0.07
E 34 73 0.030122 0.005936 434.00 0.08
E 34 77 0.025362 0.004731 375.93 0.05
E 34 80 0.025001 0.005475 368.30 0.07
E 35 37 0.029980 0.005185 417.70 39.27
E 35 39 0.024798 0.005223 466.53 4.20
E 35 42 0.024798 0.005223 408.22 7.23
E 35 43 0.019273 0.003904 307.78 5.98
E 35 45 0.025326 0.006541 484.70 80.17
E 35 46 0.024798 0.005223 400.87 6.93
E 35 47 0.028959 0.005185 384.23 2.14
E 35 48 0.028835 0.005223 395.82 9.41
E 35 49 0.019058 0.002323 309.51 3.52
E 35 50 0.027427 0.001809 398.94 10.97
E 35 51 0.026719 0.005621 409.37 82.19
E 35 52 0.028023 0.005054 384.71 13.65
E 35 54 0.022659 0.003171 386.48 4.36
E 35 55 0.019244 0.002374 292.78 3.12
E 35 56 0.019308 0.002522 306.71 5.98
E 35 57 0.025128 0.003480 398.59 4.04
E 35 60 0.050380 0.008141 453.62 100.36
E 35 61 0.029349 0.005653 371.09 16.55
E 35 63 0.019145 0.006075 310.17 6.02
E 35 65 0.027636 0.008466 371.66 7.13
E 35 66 0.031304 0.006001 499.25 32.93
E 35 68 0.024798 0.005223 400.45 9.76
E 35 72 0.019050 0.002208 297.68 6.03
E 35 73 0.029687 0.005185 374.92 42.85
E 35 74 0.022479 0.004475 363.12 3.60
E 35 75 0.032402 0.008141 414.93 100.93
E 35 77 0.024718 0.004872 382.00 5.69
E 35 78 0.018860 0.002893 292.53 1.71
E 35 80 0.029683 0.005971 638.89 9.78
E 36 37 0.025786 0.004240 452.61 28.76
E 36 41 0.025228 0.006477 373.65 0.50
E 36 44 0.023667 0.006051 374.03 2.67
E 36 45 0.024322 0.006683 402.60 48.08
E 36 48 0.025788 0.003788 377.05 9.52
E 36 49 0.022613 0.004123 378.55 5.49
E 36 50 0.023505 0.005602 368.54 1.76
E 36 51 0.026884 0.006197 414.20 2.61
E 36 52 0.025157 0.006888 410.28 1.84
E 36 58 0.023733 0.006094 367.34 22.80
E 36 59 0.026251 0.006602 391.61 28.17
E 36 60 0.029078 0.004749 401.75 19.44
E 36 64 0.023650 0.005510 363.27 25.35
E 36 66 0.030706 0.005427 668.73 28.68
E 36 67 0.020163 0.003053 298.55 7.16
E 36 69 0.023273 0.005713 330.62 6.14
E 36 70 0.022150 0.004492 353.08 3.94
E 36 71 0.022723 0.005978 362.19 9.08
E 36 73 0.025573 0.006476 392.76 28.61
E 36 75 0.024820 0.005776 374.46 12.13
E 36 76 0.024105 0.005879 384.88 12.34
E 37 38 0.027591 0.005398 440.57 3.48
E 37 39 0.029628 0.003716 438.78 0.53
E 37 40 0.028230 0.004410 416.93 2.36
E 37 41 0.031163 0.007565 454.96 8.24
E 37 42 0.029008 0.003965 447.70 3.98
E 37 46 0.029238 0.004060 411.35 1.45
E 37 47 0.023823 0.004877 366.21 1.64
E 37 50 0.029522 0.007566 474.43 0.10
E 37 54 0.028767 0.004119 394.42 5.17
E 37 57 0.028994 0.003335 418.56 88.86
E 37 59 0.028294 0.004372 427.39 14.42
E 37 61 0.026450 0.004925 406.67 0.16
E 37 65 0.030670 0.008605 448.09 0.23
E 37 69 0.029981 0.003234 456.46 1.36
E 37 77 0.028505 0.004135 425.13 0.47
E 38 40 0.019559 0.004090 316.39 0.03
E 38 41 0.029775 0.007226 460.87 6.65
E 38 46 0.023050 0.000727 380.52 0.25
E 38 47 0.020422 0.004031 306.83 0.29
E 38 48 0.027654 0.002617 428.72 3.36
E 38 53 0.014632 0.003231 231.73 4.03
E 38 58 0.022826 0.003575 326.40 3.45
E 38 59 0.028451 0.004313 423.86 14.62
E 38 61 0.028940 0.005175 437.14 0.05
E 38 64 0.023978 0.002092 350.56 3.46
E 38 68 0.024138 0.000709 368.03 3.34
E 38 73 0.025559 0.003616 2672.00 3.49
E 38 80 0.024224 0.002653 355.71 3.33
E 39 41 0.024674 0.003251 373.29 0.47
E 39 42 0.021736 0.001266 328.93 1.11
E 39 45 0.027616 0.003785 409.62 0.09
E 39 46 0.021785 0.001307 339.89 0.38
E 39 47 0.026819 0.001973 478.87 0.98
E 39 48 0.025420 0.003293 391.62 0.22
E 39 51 0.026445 0.005557 445.22 0.11
E 39 52 0.026310 0.004184 402.27 0.14
E 39 54 0.022427 0.001257 349.26 21.41
E 39 57 0.024061 0.003873 360.74 18.69
E 39 60 0.025385 0.004447 380.54 0.10
E 39 61 0.025677 0.004319 394.80 0.12
E 39 65 0.026358 0.006411 383.73 0.20
E 39 66 0.027781 0.006052 413.24 0.15
E 39 68 0.022606 0.001309 350.66 0.23
E 39 73 0.027949 0.005978 425.48 0.14
E 39 77 0.023205 0.002408 357.28 0.20
E 39 80 0.025313 0.005027 388.20 0.23
E 40 41 0.030128 0.007982 442.05 2.61
E 40 42 0.002673 0.000000 276.00 4.55
E 40 45 0.028402 0.003271 415.64 0.39
E 40 47 0.020066 0.004717 312.48 1.19
E 40 48 0.027044 0.001803 448.79 2.89
E 40 50 0.023298 0.004138 393.53 0.06
E 40 52 0.028976 0.004975 461.19 4.76
E 40 53 0.019730 0.004295 316.45 2.59
E 40 57 0.027506 0.002350 417.83 100.98
E 40 58 0.023993 0.003547 378.38 1.79
E 40 59 0.027614 0.002889 424.00 7.54
E 40 60 0.031924 0.006275 492.05 2.28
E 40 61 0.029324 0.006072 480.79 0.07
E 40 64 0.024144 0.002740 361.44 1.84
E 40 66 0.030799 0.005875 425.23 2.43
E 40 73 0.031087 0.007226 493.49 2.34
E 40 75 0.031017 0.007306 430.05 2.38
E 40 76 0.025861 0.004070 380.45 2.36
E 40 80 0.022444 0.001914 359.40 2.92
E 41 42 0.030875 0.006869 469.50 9.14
E 41 44 0.024079 0.004228 365.53 2.25
E 41 45 0.029602 0.004834 475.33 1.19
E 41 46 0.030875 0.006869 463.83 1.18
E 41 47 0.030629 0.007642 438.53 3.37
E 41 48 0.027164 0.004986 413.25 2.23
E 41 50 0.025818 0.004971 374.04 0.68
E 41 51 0.027632 0.006459 399.44 2.26
E 41 52 0.025962 0.004579 409.25 2.19
E 41 53 0.027344 0.007000 434.71 2.15
E 41 54 0.025617 0.004123 388.31 0.76
E 41 57 0.026239 0.004474 391.23 14.02
E 41 58 0.030362 0.007988 478.81 2.10
E 41 59 0.027110 0.005491 400.80 0.14
E 41 60 0.027414 0.005048 395.24 2.16
E 41 61 0.027463 0.005164 412.45 1.02
E 41 64 0.027243 0.005803 387.02 2.11
E 41 65 0.025738 0.006073 402.77 2.23
E 41 66 0.027238 0.005892 406.36 2.18
E 41 68 0.026694 0.004290 393.98 2.23
E 41 73 0.028046 0.005816 438.47 2.17
E 41 75 0.025698 0.005032 385.56 2.17
E 41 76 0.026690 0.005153 377.04 2.17
E 41 77 0.026613 0.004297 409.69 0.40
E 41 80 0.027265 0.005052 428.59 2.23
E 42 45 0.027119 0.003457 394.81 5.42
E 42 46 0.020186 0.000657 317.33 9.98
E 42 47 0.026818 0.001973 425.92 3.04
E 42 48 0.025694 0.003601 382.82 4.25
E 42 50 0.017669 0.002976 1860.00 2.19
E 42 51 0.027653 0.004138 632.98 6.01
E 42 52 0.026980 0.003920 419.23 4.95
E 42 54 0.022479 0.001116 346.30 6.23
E 42 57 0.024438 0.003914 369.86 3.55
E 42 58 0.011604 0.001184 1160.00 3.45
E 42 59 0.029170 0.003196 443.94 4.83
E 42 60 0.026236 0.004924 426.67 3.53
E 42 61 0.025833 0.004595 402.43 2.24
E 42 65 0.026890 0.007334 404.65 4.60
E 42 66 0.028014 0.006181 414.14 5.29
E 42 68 0.022639 0.001320 352.53 4.13
E 42 73 0.030942 0.006784 423.10 3.94
E 42 75 0.015284 0.002912 1620.00 6.04
E 42 76 0.012244 0.001472 1240.00 6.08
E 42 77 0.023264 0.002520 366.05 4.82
E 42 80 0.025452 0.005599 395.03 4.15
E 43 49 0.019060 0.003740 317.28 14.05
E 43 55 0.019385 0.003861 300.42 0.41
E 43 67 0.022576 0.004846 361.31 9.81
E 43 74 0.022342 0.004627 336.00 0.00
E 43 78 0.019754 0.003842 309.98 171.39
E 43 79 0.019307 0.003629 287.84 174.14
E 44 47 0.027992 0.003256 424.26 6.99
E 44 49 0.025052 0.003505 380.07 13.05
E 44 50 0.023605 0.004715 377.53 0.10
E 44 57 0.027481 0.002148 399.43 157.19
E 44 59 0.026126 0.005749 398.20 15.86
E 44 67 0.028332 0.004621 459.25 7.43
E 44 69 0.023642 0.004655 393.48 0.51
E 44 70 0.023684 0.004844 344.24 113.99
E 45 46 0.027119 0.003457 414.38 1.47
E 45 47 0.028693 0.002923 401.16 1.80
E 45 49 0.009236 0.000800 864.00 15.02
E 45 50 0.023488 0.004223 379.12 0.14
E 45 52 0.026185 0.004791 405.94 0.75
E 45 54 0.026993 0.003711 403.97 3.14
E 45 57 0.026533 0.003769 440.17 121.95
E 45 59 0.028619 0.004206 439.71 14.67
E 45 61 0.030839 0.006535 410.49 0.16
E 45 65 0.027906 0.007646 413.99 0.26
E 45 67 0.021346 0.005295 367.24 0.76
E 45 69 0.030055 0.004862 505.16 0.57
E 45 77 0.027119 0.003457 430.15 0.48
E 46 47 0.026860 0.002600 438.90 2.51
E 46 48 0.025693 0.003601 391.41 1.21
E 46 51 0.027653 0.004138 443.89 1.56
E 46 52 0.027033 0.004187 407.56 0.80
E 46 54 0.022467 0.001116 388.29 1.42
E 46 57 0.024278 0.003595 354.16 8.18
E 46 59 0.028702 0.003166 442.57 16.97
E 46 60 0.025873 0.004538 398.98 1.58
E 46 61 0.025946 0.004654 399.52 0.46
E 46 65 0.026890 0.007334 409.84 0.39
E 46 66 0.027935 0.006258 424.23 1.43
E 46 68 0.022649 0.001338 352.74 1.20
E 46 73 0.030942 0.006784 399.97 1.46
E 46 77 0.023264 0.002520 370.47 0.17
E 46 80 0.025576 0.005781 401.34 1.20
E 47 48 0.028801 0.005050 411.58 3.85
E 47 50 0.027528 0.006154 450.74 1.99
E 47 51 0.027699 0.004216 399.82 4.06
E 47 52 0.028425 0.004494 439.22 1.24
E 47 54 0.024842 0.001502 382.71 12.09
E 47 57 0.027709 0.002423 424.15 5.66
E 47 58 0.025890 0.004194 404.40 3.31
E 47 59 0.028767 0.004347 438.45 35.44
E 47 60 0.031284 0.005379 458.47 2.32
E 47 61 0.027957 0.004603 437.79 1.50
E 47 62 0.032570 0.004240 409.98 11.84
E 47 64 0.025320 0.002412 365.92 2.92
E 47 65 0.030742 0.011194 443.98 3.19
E 47 66 0.030539 0.005540 446.60 1.73
E 47 68 0.026860 0.002600 378.26 4.65
E 47 69 0.024939 0.002374 502.20 16.11
E 47 73 0.030121 0.005875 442.24 1.66
E 47 75 0.029609 0.005389 420.88 2.42
E 47 76 0.026547 0.003347 374.43 2.48
E 47 77 0.026819 0.001973 408.85 1.71
E 47 80 0.023940 0.003089 356.77 4.47
E 48 50 0.029737 0.006542 482.57 0.18
E 48 54 0.025719 0.003697 386.39 3.91
E 48 57 0.025520 0.003834 420.49 39.07
E 48 59 0.026950 0.004728 433.66 15.50
E 48 61 0.025821 0.004201 393.57 0.17
E 48 65 0.026253 0.006299 403.70 0.19
E 48 77 0.025592 0.003479 403.27 0.39
E 49 51 0.023582 0.002035 370.16 13.83
E 49 55 0.018563 0.001237 291.09 7.09
E 49 56 0.018669 0.001448 285.50 14.07
E 49 62 0.021651 0.003315 353.26 2.73
E 49 63 0.019672 0.006056 317.82 16.19
E 49 67 0.022089 0.004628 334.96 1.88
E 49 69 0.022835 0.004206 344.94 2.56
E 49 71 0.022145 0.004070 330.58 11.60
E 49 72 0.017185 0.000471 270.70 16.22
E 49 74 0.022907 0.005116 361.78 6.78
E 49 78 0.019387 0.003531 303.08 0.62
E 49 79 0.018446 0.001152 321.15 5.56
E 50 51 0.026876 0.005280 378.89 0.10
E 50 52 0.026938 0.004381 384.65 0.07
E 50 53 0.025396 0.005812 405.01 0.17
E 50 57 0.027728 0.006015 436.37 12.99
E 50 58 0.022199 0.004063 363.00 0.09
E 50 59 0.026875 0.005766 411.81 4.35
E 50 60 0.031760 0.005859 429.29 0.08
E 50 61 0.031755 0.005936 439.39 0.36
E 50 62 0.026974 0.001357 457.20 15.13
E 50 64 0.023199 0.004078 352.59 0.09
E 50 66 0.030753 0.005986 438.33 0.09
E 50 69 0.022040 0.004078 354.57 0.27
E 50 70 0.022275 0.004125 340.97 4.21
E 50 73 0.027166 0.005023 404.30 0.09
E 50 75 0.025711 0.005463 416.06 0.08
E 50 76 0.024595 0.004487 370.61 0.08
E 51 54 0.026604 0.005142 385.45 6.78
E 51 57 0.026397 0.005127 401.49 153.05
E 51 59 0.027938 0.006879 423.04 15.98
E 51 61 0.026932 0.005828 392.09 0.21
E 51 65 0.026785 0.006126 428.17 0.25
E 51 69 0.026661 0.005244 386.68 0.73
E 51 70 0.006019 0.000320 520.00 133.83
E 51 74 0.024080 0.005427 358.22 2.70
E 51 77 0.026840 0.005798 388.20 0.50
E 51 79 0.030706 0.000000 368.11 51.72
E 52 54 0.025806 0.004088 374.76 2.42
E 52 57 0.026335 0.004220 402.97 97.93
E 52 59 0.027067 0.004918 381.52 14.91
E 52 61 0.027059 0.005508 407.15 0.11
E 52 65 0.026790 0.006979 410.07 1.26
E 52 69 0.034493 0.006954 567.63 0.77
E 52 77 0.026128 0.003966 391.53 0.80
E 53 59 0.025987 0.002968 376.84 14.12
E 53 70 0.021219 0.004475 348.49 42.37
E 54 57 0.023933 0.003791 372.64 0.05
E 54 59 0.026950 0.004749 398.33 0.04
E 54 62 0.022225 0.000905 365.58 0.70
E 54 65 0.026616 0.007438 401.45 3.78
E 54 66 0.027458 0.005895 407.99 2.20
E 54 68 0.022606 0.001194 380.57 3.31
E 54 73 0.028036 0.006054 390.13 5.96
E 54 77 0.023529 0.002909 396.84 7.64
E 54 79 0.022131 0.001525 487.59 74.73
E 54 80 0.023516 0.003080 379.44 3.14
E 55 56 0.017200 0.000676 269.06 0.41
E 55 63 0.018915 0.004964 299.30 0.63
E 55 67 0.022345 0.004672 343.04 12.90
E 55 72 0.016096 0.000416 248.85 0.63
E 55 74 0.024147 0.006542 423.31 0.35
E 55 78 0.019383 0.003172 319.20 19.85
E 55 79 0.015979 0.000463 262.70 27.39
E 56 67 0.022533 0.004792 365.84 9.85
E 56 74 0.024777 0.007142 395.29 0.00
E 56 78 0.019472 0.003539 298.04 170.62
E 56 79 0.016907 0.000480 283.35 171.87
E 57 58 0.026562 0.003091 396.06 63.70
E 57 59 0.026983 0.004864 389.57 4.51
E 57 60 0.026940 0.004564 407.71 95.66
E 57 61 0.026368 0.004718 400.78 83.25
E 57 62 0.009748 0.000512 928.00 1.70
E 57 64 0.026735 0.002306 483.10 69.23
E 57 65 0.026850 0.007549 369.67 49.48
E 57 66 0.027676 0.005258 407.58 86.24
E 57 68 0.024444 0.003846 383.31 33.21
E 57 69 0.028555 0.002205 506.42 41.78
E 57 73 0.028035 0.006054 443.99 90.71
E 57 75 0.030313 0.007777 434.42 118.81
E 57 76 0.027044 0.003680 412.62 120.48
E 57 77 0.024390 0.003719 369.16 44.00
E 57 80 0.024506 0.003877 399.89 34.19
E 58 59 0.027749 0.003752 380.60 13.01
E 58 61 0.029905 0.005834 468.25 0.16
E 58 69 0.018866 0.003661 296.71 3.81
E 58 70 0.019045 0.003567 307.60 23.35
E 59 60 0.027413 0.005048 415.45 14.26
E 59 61 0.026735 0.004609 420.21 7.11
E 59 64 0.026585 0.004297 400.98 13.18
E 59 65 0.026956 0.005293 382.14 15.99
E 59 66 0.027924 0.006040 412.87 14.59
E 59 68 0.026882 0.004704 415.33 15.59
E 59 73 0.028011 0.005707 441.76 14.40
E 59 75 0.027223 0.005631 420.22 14.50
E 59 76 0.026905 0.004897 404.18 14.45
E 59 77 0.026927 0.004772 411.04 1.12
E 59 80 0.026861 0.004749 394.61 15.55
E 60 61 0.026709 0.004680 410.96 0.17
E 60 65 0.025930 0.005790 408.06 0.26
E 60 69 0.031231 0.004749 443.02 0.92
E 60 70 0.032402 0.005185 500.70 27.70
E 60 77 0.025596 0.004453 391.12 0.51
E 61 64 0.030055 0.006105 430.62 0.16
E 61 65 0.026304 0.006492 381.26 0.08
E 61 66 0.027995 0.006382 424.55 0.16
E 61 68 0.025916 0.004593 392.33 0.17
E 61 73 0.027942 0.005808 420.92 0.16
E 61 75 0.031189 0.006178 472.44 0.17
E 61 76 0.031092 0.006057 499.10 0.17
E 61 77 0.025842 0.004595 389.71 0.06
E 61 80 0.025700 0.004632 402.23 0.17
E 62 69 0.021385 0.001085 290.38 595.61
E 62 74 0.023264 0.005291 366.66 0.46
E 62 78 0.020865 0.004868 363.20 3.18
E 62 79 0.020602 0.001726 353.37 10.59
E 63 67 0.022425 0.006358 362.90 11.30
E 63 74 0.024316 0.006643 398.50 0.00
E 63 78 0.019298 0.004713 327.65 205.80
E 63 79 0.019003 0.005138 300.14 206.02
E 64 69 0.022683 0.004015 376.37 2.73
E 64 70 0.022417 0.003452 346.23 23.59
E 65 66 0.027970 0.006318 397.92 0.05
E 65 68 0.026358 0.006411 397.13 0.09
E 65 73 0.028036 0.006497 426.49 0.05
E 65 77 0.026417 0.006741 379.66 0.20
E 65 80 0.026319 0.006391 393.02 0.09
E 66 69 0.030705 0.004342 470.62 1.34
E 66 77 0.027932 0.006258 408.54 0.46
E 67 69 0.021322 0.000396 410.46 8.77
E 67 71 0.021035 0.003797 328.90 6.93
E 67 74 0.022603 0.004980 359.04 4.52
E 67 78 0.022159 0.004396 355.38 1.40
E 67 79 0.022377 0.004799 334.26 0.29
E 68 77 0.023199 0.002436 360.22 0.18
E 69 70 0.018605 0.002267 284.68 53.29
E 69 71 0.022155 0.004423 340.02 0.76
E 69 73 0.029179 0.002204 572.33 1.31
E 69 75 0.025579 0.005125 395.60 0.81
E 69 76 0.024438 0.004499 370.00 0.82
E 70 75 0.029561 0.007696 419.97 115.09
E 70 76 0.026861 0.004447 400.85 113.93
E 71 74 0.022168 0.003695 341.56 3.56
E 71 78 0.006883 0.001664 628.00 20.59
E 72 74 0.024316 0.006643 379.68 0.00
E 72 78 0.019798 0.003340 311.79 206.55
E 72 79 0.015819 0.000377 253.90 207.26
E 73 77 0.027954 0.005912 414.72 0.47
E 74 78 0.022839 0.004990 367.80 0.09
E 74 79 0.025276 0.006812 361.05 1.18
E 77 80 0.024826 0.004288 388.91 0.18
E 78 79 0.019716 0.003552 299.57 91.67
END

SECTION Terminals
Root 8
Terminals 19
T 16
T 29
T 40
T 55
T 1
T 30
T 44
T 9
T 45
T 59
T 39
T 20
T 67
T 56
T 71
T 36
T 69
T 42
T 26
END

EOF