SECTION Comment
CREATOR "Carlos Araujo"
REMARK "Instance for QoS Multicast Routing Problem"
QoS METRICS "delay, jitter, bandwidth and estimate of link duration"
END

SECTION Graph
Nodes 80
Edges 1252

E 1 2 0.026621 0.005358 399.41 1.10
E 1 5 0.027943 0.004758 422.47 5.47
E 1 6 0.027941 0.005856 414.41 2.90
E 1 7 0.026047 0.005691 406.11 197.32
E 1 8 0.028400 0.005964 434.88 0.85
E 1 9 0.028695 0.006424 425.48 2.52
E 1 10 0.027531 0.005865 422.84 2.58
E 1 13 0.029009 0.005604 429.44 0.14
E 1 17 0.026149 0.006644 410.67 5.99
E 1 18 0.027901 0.005604 420.97 16.39
E 1 19 0.028178 0.005228 415.98 2.92
E 1 20 0.026442 0.005357 382.05 0.00
E 1 22 0.026768 0.005340 402.43 6.36
E 1 23 0.027816 0.005025 420.84 2.95
E 1 24 0.026428 0.005552 401.33 1.02
E 1 26 0.009091 0.000064 904.00 1.22
E 1 29 0.027399 0.004176 448.64 0.33
E 1 30 0.026442 0.005357 412.08 1.38
E 1 33 0.027399 0.005119 409.78 12.02
E 1 34 0.025844 0.005156 411.56 10.68
E 1 35 0.024261 0.000000 483.97 57.30
E 1 36 0.027623 0.008084 412.25 4.66
E 1 37 0.026151 0.005232 414.61 0.67
E 1 39 0.026148 0.005464 411.44 1.01
E 1 41 0.026582 0.005519 393.01 0.22
E 1 42 0.025748 0.004097 458.31 2.98
E 1 44 0.026503 0.004827 397.45 1.37
E 1 45 0.027490 0.005868 440.18 3.47
E 1 46 0.025747 0.004096 394.03 2.96
E 1 47 0.024613 0.004198 363.39 86.02
E 1 48 0.026579 0.005183 408.44 283.39
E 1 49 0.002289 0.000000 228.00 0.75
E 1 50 0.026418 0.005345 403.15 18.35
E 1 51 0.027833 0.005984 388.44 3.50
E 1 52 0.026944 0.005392 419.62 5.30
E 1 54 0.026763 0.005678 404.27 2.68
E 1 57 0.026815 0.005545 382.30 0.28
E 1 58 0.025481 0.003867 430.47 8.29
E 1 59 0.026385 0.005270 416.78 0.90
E 1 60 0.026440 0.005357 403.65 1.45
E 1 61 0.026826 0.005450 393.61 1.33
E 1 64 0.025863 0.004529 386.98 7.14
E 1 65 0.026841 0.006296 450.73 17.65
E 1 66 0.026808 0.005357 415.44 12.34
E 1 67 0.023752 0.000283 424.13 2.20
E 1 68 0.026709 0.005408 409.22 2.97
E 1 71 0.023752 0.000509 350.01 29.51
E 1 73 0.027128 0.005312 445.55 0.24
E 1 74 0.027432 0.007123 417.56 22.87
E 1 75 0.026716 0.004931 406.69 117.32
E 1 76 0.026214 0.004860 396.77 2.83
E 1 77 0.026596 0.005344 408.92 97.28
E 1 80 0.027380 0.008390 418.07 170.96
E 2 5 0.024286 0.004123 423.58 0.50
E 2 6 0.022829 0.002240 364.71 3.47
E 2 7 0.024103 0.002883 377.46 33.25
E 2 9 0.026901 0.005984 419.42 8.39
E 2 18 0.024761 0.004160 412.91 0.53
E 2 19 0.022864 0.002299 362.02 3.47
E 2 20 0.022862 0.002174 346.16 138.95
E 2 22 0.025410 0.003313 369.00 89.57
E 2 23 0.022877 0.002203 365.09 3.48
E 2 24 0.022359 0.002216 351.00 29.73
E 2 30 0.022862 0.002174 340.88 0.04
E 2 34 0.026465 0.004296 556.45 14.21
E 2 35 0.024487 0.004579 364.80 85.64
E 2 39 0.022828 0.002118 335.46 3.61
E 2 41 0.024509 0.003342 360.18 13.61
E 2 42 0.022887 0.002232 368.81 3.52
E 2 45 0.023532 0.004240 350.49 0.12
E 2 46 0.022887 0.002232 357.86 3.52
E 2 48 0.024729 0.003178 372.49 99.18
E 2 51 0.026481 0.005865 421.18 224.99
E 2 52 0.025176 0.003538 380.62 29.21
E 2 54 0.023179 0.002738 359.80 1.24
E 2 57 0.023863 0.004311 367.79 0.03
E 2 59 0.026154 0.005132 371.36 0.33
E 2 60 0.025036 0.004448 358.27 0.41
E 2 61 0.024934 0.004232 374.69 0.33
E 2 65 0.025863 0.006578 408.87 77.67
E 2 66 0.026899 0.005739 416.39 84.44
E 2 68 0.022884 0.002194 351.54 3.55
E 2 73 0.026815 0.005254 398.71 0.61
E 2 77 0.023040 0.002567 363.80 1.91
E 2 80 0.025576 0.006327 427.93 20.73
E 3 4 0.016057 0.001592 256.34 2.23
E 3 5 0.016686 0.001187 210.47 2.78
E 3 11 0.016554 0.003324 264.76 1.74
E 3 13 0.019524 0.004970 299.05 0.99
E 3 15 0.023520 0.006857 330.39 0.07
E 3 16 0.019310 0.001802 314.68 0.02
E 3 25 0.021980 0.004516 324.42 29.04
E 3 26 0.020961 0.002603 338.95 0.62
E 3 31 0.017415 0.004370 274.19 0.05
E 3 45 0.021170 0.004992 317.09 35.74
E 3 62 0.015381 0.001575 239.73 18.09
E 3 71 0.018904 0.003261 282.80 154.15
E 4 5 0.021780 0.004600 336.97 0.02
E 4 11 0.018246 0.004428 302.98 174.76
E 4 15 0.024077 0.007279 367.41 5.06
E 4 16 0.019896 0.002329 326.54 0.31
E 4 25 0.021846 0.004371 362.78 8.25
E 4 26 0.021197 0.002970 305.61 0.45
E 4 27 0.020545 0.001292 306.01 0.59
E 4 28 0.021483 0.003418 358.34 1.62
E 4 29 0.019945 0.001543 353.96 0.48
E 4 31 0.019044 0.004441 279.44 5.79
E 4 33 0.022951 0.005792 375.71 0.11
E 4 35 0.021148 0.004450 338.72 0.50
E 4 43 0.020528 0.002086 320.21 0.21
E 4 49 0.019811 0.001754 343.08 35.06
E 4 55 0.020744 0.001634 308.94 2.77
E 4 56 0.020138 0.001332 309.73 5.01
E 4 62 0.015069 0.001561 228.37 7.62
E 4 63 0.020452 0.005710 298.90 0.46
E 4 67 0.023240 0.004643 357.30 2.59
E 4 71 0.020832 0.004598 320.17 1.39
E 4 72 0.020870 0.002374 222.03 1.24
E 4 74 0.024818 0.006784 335.03 2.92
E 4 78 0.021204 0.005161 376.14 0.67
E 4 79 0.020450 0.001631 339.88 1.55
E 5 6 0.023130 0.000791 381.06 0.99
E 5 8 0.021036 0.002804 317.84 0.01
E 5 10 0.021775 0.004943 395.63 4.73
E 5 13 0.021494 0.003714 336.49 0.02
E 5 15 0.022694 0.005831 335.04 1.35
E 5 16 0.007186 0.002560 724.00 1.05
E 5 18 0.024081 0.005267 404.96 0.01
E 5 19 0.023752 0.000170 630.74 1.04
E 5 20 0.024487 0.001244 421.74 0.41
E 5 22 0.026002 0.003879 397.90 4.12
E 5 23 0.004482 0.000032 444.00 1.12
E 5 25 0.022126 0.003661 340.86 9.33
E 5 26 0.022340 0.003964 348.59 0.35
E 5 28 0.022858 0.003053 394.68 2.01
E 5 29 0.022245 0.003415 337.17 0.91
E 5 30 0.022904 0.000763 440.43 0.60
E 5 31 0.018878 0.002601 273.37 2.93
E 5 33 0.022975 0.006637 354.79 0.06
E 5 35 0.022070 0.003932 330.60 1.25
E 5 36 0.024466 0.006550 367.56 7.00
E 5 44 0.023355 0.004774 350.84 0.16
E 5 45 0.022135 0.004305 339.94 0.08
E 5 48 0.025515 0.002374 471.67 0.30
E 5 49 0.022183 0.003908 347.90 281.13
E 5 50 0.021416 0.003924 354.85 0.15
E 5 51 0.028182 0.006196 394.96 3.06
E 5 52 0.025727 0.003871 394.72 3.34
E 5 54 0.022606 0.001187 356.02 0.72
E 5 57 0.026091 0.006490 422.56 0.99
E 5 58 0.016864 0.001018 266.23 17.48
E 5 59 0.027058 0.005088 402.03 1.87
E 5 60 0.029235 0.007236 529.47 0.16
E 5 61 0.004482 0.000032 444.00 0.08
E 5 65 0.025243 0.005733 357.21 0.78
E 5 66 0.017062 0.000896 1668.00 0.48
E 5 67 0.022184 0.003770 350.43 1.44
E 5 68 0.023752 0.000170 479.90 1.70
E 5 69 0.020967 0.003040 326.27 0.37
E 5 70 0.016865 0.001018 264.97 0.00
E 5 71 0.021759 0.004097 362.24 0.27
E 5 73 0.028782 0.006422 399.72 0.41
E 5 74 0.024233 0.005603 349.86 83.40
E 5 75 0.024170 0.005100 369.79 23.06
E 5 76 0.022854 0.003863 353.45 0.40
E 5 77 0.027766 0.001809 397.58 0.27
E 6 7 0.025796 0.004377 367.62 1.18
E 6 9 0.028340 0.006463 418.17 1.36
E 6 10 0.003025 0.000000 320.00 2.41
E 6 18 0.023964 0.004217 372.69 1.56
E 6 20 0.022837 0.001724 350.04 2.14
E 6 22 0.026817 0.003844 382.55 1.33
E 6 24 0.022267 0.002078 371.58 2.49
E 6 30 0.021899 0.000723 344.42 1.04
E 6 34 0.023521 0.005058 344.37 1.37
E 6 37 0.026118 0.004088 401.08 2.27
E 6 39 0.021418 0.000713 355.05 0.90
E 6 41 0.028861 0.005029 414.65 0.55
E 6 45 0.023582 0.003731 317.65 0.57
E 6 48 0.024723 0.003061 374.21 3.61
E 6 51 0.029043 0.007038 422.67 2.17
E 6 52 0.025878 0.003392 397.50 9.44
E 6 54 0.022018 0.000811 347.04 2.96
E 6 57 0.023627 0.004008 347.42 0.67
E 6 59 0.026928 0.003588 391.76 3.10
E 6 60 0.025513 0.004843 398.89 0.76
E 6 61 0.025164 0.004295 379.92 0.38
E 6 65 0.026059 0.006689 420.76 4.35
E 6 66 0.027155 0.006365 397.43 6.96
E 6 73 0.029142 0.006393 419.74 0.37
E 6 80 0.024544 0.004636 386.82 2.71
E 7 8 0.026872 0.005176 435.74 3.69
E 7 9 0.027845 0.005791 420.72 0.20
E 7 10 0.025618 0.004842 373.59 1.97
E 7 13 0.028289 0.006699 434.07 3.42
E 7 18 0.024901 0.003430 400.17 0.18
E 7 19 0.025974 0.004534 393.61 3.45
E 7 20 0.025012 0.003975 384.80 86.50
E 7 22 0.025083 0.003366 373.24 0.31
E 7 23 0.026052 0.004600 409.74 3.45
E 7 24 0.025603 0.004729 405.21 1.20
E 7 30 0.025073 0.003840 373.54 1.96
E 7 32 0.027129 0.005131 398.40 1.51
E 7 34 0.026652 0.005671 397.09 0.06
E 7 37 0.025264 0.004701 404.10 2.67
E 7 38 0.029162 0.006969 395.45 0.32
E 7 39 0.025136 0.003690 387.50 0.59
E 7 40 0.030027 0.007850 432.57 3.64
E 7 41 0.026686 0.004797 382.03 14.97
E 7 42 0.026006 0.004486 399.61 3.41
E 7 44 0.021887 0.004494 342.44 4.89
E 7 46 0.025861 0.004144 395.70 3.41
E 7 47 0.027078 0.005271 420.15 0.07
E 7 48 0.024821 0.003380 375.09 15.43
E 7 50 0.022016 0.002035 367.39 0.60
E 7 51 0.026748 0.006254 372.27 1.37
E 7 52 0.025312 0.003949 396.15 1.12
E 7 54 0.025050 0.003873 396.51 0.17
E 7 57 0.024962 0.003993 388.68 4.86
E 7 59 0.026240 0.004451 403.35 18.34
E 7 60 0.025710 0.005088 398.84 0.52
E 7 61 0.025404 0.004749 394.10 0.31
E 7 64 0.021938 0.002035 379.58 6.93
E 7 65 0.025401 0.005395 410.35 0.22
E 7 66 0.027528 0.006982 415.84 0.55
E 7 68 0.025246 0.004147 372.14 3.36
E 7 73 0.026752 0.005002 414.46 1.57
E 7 75 0.022710 0.004095 361.19 738.59
E 7 76 0.023102 0.003271 397.67 4.94
E 7 77 0.025246 0.004183 391.36 5.46
E 7 80 0.025344 0.004303 380.79 80.01
E 8 9 0.027930 0.005660 434.75 2.34
E 8 10 0.023251 0.004149 383.03 2.15
E 8 12 0.025257 0.003742 385.87 0.89
E 8 13 0.024336 0.003731 368.18 1.06
E 8 14 0.021328 0.005065 347.70 1.50
E 8 17 0.025404 0.005998 393.06 62.13
E 8 20 0.023583 0.003004 401.15 0.52
E 8 21 0.026074 0.003938 393.23 0.10
E 8 22 0.026762 0.004474 487.93 1.27
E 8 24 0.029632 0.008241 424.79 1.63
E 8 30 0.002705 0.000000 280.00 0.60
E 8 32 0.025983 0.003957 394.25 0.78
E 8 36 0.023510 0.005252 367.60 0.55
E 8 37 0.025917 0.004700 411.70 1.42
E 8 38 0.026217 0.005335 401.12 0.12
E 8 41 0.028051 0.005593 462.25 0.95
E 8 44 0.022862 0.004305 331.73 0.83
E 8 47 0.025616 0.004396 377.76 2.31
E 8 48 0.026634 0.004048 415.02 1.90
E 8 50 0.021363 0.003574 344.18 4.13
E 8 51 0.027997 0.006784 426.41 2.08
E 8 52 0.025744 0.002120 410.08 7.24
E 8 53 0.027023 0.006614 382.94 1.30
E 8 58 0.020093 0.002735 340.63 81.32
E 8 59 0.026594 0.003460 403.05 3.22
E 8 60 0.029598 0.007338 446.51 0.56
E 8 61 0.029604 0.007759 517.73 0.42
E 8 64 0.022521 0.003641 358.58 2.36
E 8 66 0.029219 0.005459 453.41 4.48
E 8 69 0.021062 0.002566 314.51 3.80
E 8 70 0.017419 0.001630 271.15 9.73
E 8 73 0.029385 0.005976 407.29 0.35
E 8 75 0.024197 0.005178 349.59 2.38
E 9 10 0.027995 0.005700 388.17 6.82
E 9 13 0.026067 0.005475 411.64 4.70
E 9 17 0.028063 0.005336 390.99 2.63
E 9 18 0.021377 0.004965 311.37 11.23
E 9 19 0.028605 0.005569 430.66 6.06
E 9 20 0.028052 0.006184 432.53 60.50
E 9 22 0.027742 0.005688 378.05 0.76
E 9 23 0.028983 0.005726 394.64 6.09
E 9 24 0.029584 0.008217 424.36 0.13
E 9 25 0.019594 0.003074 323.53 0.08
E 9 30 0.028134 0.006007 409.35 18.00
E 9 32 0.027945 0.005471 421.31 10.15
E 9 34 0.028318 0.005597 415.64 10.92
E 9 36 0.025574 0.006801 381.27 0.01
E 9 37 0.028068 0.005730 409.31 0.24
E 9 38 0.027964 0.005832 429.72 0.01
E 9 39 0.028127 0.004839 377.29 0.71
E 9 40 0.028280 0.005451 426.25 4.80
E 9 41 0.028856 0.005904 451.89 1.99
E 9 42 0.029801 0.006106 476.72 6.06
E 9 44 0.026837 0.006072 378.58 5.61
E 9 45 0.020703 0.005013 334.17 127.21
E 9 46 0.028651 0.006285 420.42 6.02
E 9 47 0.028209 0.005785 422.39 1.96
E 9 48 0.027915 0.005915 423.14 0.06
E 9 50 0.027716 0.007493 425.56 1.11
E 9 51 0.030049 0.008078 434.72 0.05
E 9 52 0.025276 0.005179 393.99 0.42
E 9 54 0.027866 0.006683 428.39 0.27
E 9 57 0.027180 0.006069 400.15 11.43
E 9 58 0.028706 0.005729 449.28 0.04
E 9 59 0.028097 0.005833 409.08 41.24
E 9 60 0.028771 0.006106 464.00 4.67
E 9 61 0.028169 0.005952 450.16 2.43
E 9 64 0.028465 0.006038 431.71 4.72
E 9 65 0.028254 0.007833 441.73 0.52
E 9 66 0.029697 0.007010 438.62 0.62
E 9 67 0.020865 0.003894 332.23 0.00
E 9 68 0.028157 0.006166 390.90 5.96
E 9 71 0.020378 0.004221 333.95 0.15
E 9 73 0.029118 0.006030 423.58 1.51
E 9 74 0.020370 0.003969 320.51 0.00
E 9 75 0.024398 0.005119 423.15 0.02
E 9 76 0.028078 0.006243 402.19 5.47
E 9 77 0.028143 0.006329 436.57 7.07
E 9 80 0.028182 0.005436 439.56 0.38
E 10 12 0.023271 0.004031 376.17 1.91
E 10 13 0.025500 0.004646 403.89 1.53
E 10 14 0.023289 0.005853 346.61 1.54
E 10 17 0.025334 0.005936 394.10 16.55
E 10 20 0.024883 0.004862 379.63 0.00
E 10 21 0.024973 0.003788 389.41 2.28
E 10 22 0.027296 0.005973 411.57 6.22
E 10 24 0.028542 0.006982 421.53 125.41
E 10 30 0.024262 0.002756 358.55 1.06
E 10 32 0.022302 0.003115 355.95 2.01
E 10 36 0.023655 0.005526 377.60 49.97
E 10 37 0.025345 0.004759 388.19 95.22
E 10 38 0.024717 0.006003 382.20 4.87
E 10 40 0.022547 0.003084 328.21 2.20
E 10 41 0.028531 0.006004 420.58 2.09
E 10 44 0.023732 0.005148 418.58 1.02
E 10 45 0.028160 0.003900 410.98 0.45
E 10 47 0.024730 0.005184 385.14 1.05
E 10 48 0.027258 0.004931 406.64 1.42
E 10 50 0.023392 0.004626 340.83 12.69
E 10 51 0.027312 0.006352 417.07 51.67
E 10 52 0.026537 0.004259 426.34 4.71
E 10 54 0.003025 0.000000 320.00 2.90
E 10 57 0.032063 0.000226 765.37 0.80
E 10 58 0.022180 0.003582 345.65 0.76
E 10 59 0.026725 0.005058 405.39 1.64
E 10 60 0.029598 0.007337 431.82 0.45
E 10 61 0.026830 0.004070 407.35 0.37
E 10 64 0.023381 0.004235 359.97 0.47
E 10 65 0.032063 0.004410 508.46 0.20
E 10 66 0.028627 0.005682 400.19 0.19
E 10 68 0.032063 0.000170 696.63 3.51
E 10 69 0.023176 0.004573 360.25 0.17
E 10 70 0.019672 0.003677 333.19 0.45
E 10 73 0.028998 0.005605 428.83 1.99
E 10 75 0.024231 0.004947 386.82 2.74
E 10 76 0.024184 0.004846 374.82 1.21
E 10 80 0.002161 0.000000 212.00 4.76
E 11 13 0.019405 0.005491 289.48 1.07
E 11 15 0.023477 0.006791 351.01 0.79
E 11 16 0.019254 0.004572 331.58 1.64
E 11 25 0.021980 0.004516 353.10 229.94
E 11 26 0.021112 0.005807 323.49 10.64
E 11 31 0.017451 0.004422 272.41 5.93
E 11 45 0.020954 0.004808 321.79 67.35
E 11 62 0.016725 0.003385 261.26 13.25
E 11 71 0.018926 0.005088 292.18 4.78
E 11 78 0.001297 0.000000 104.00 6.00
E 12 13 0.024165 0.003419 383.20 0.26
E 12 14 0.021466 0.005296 345.47 0.78
E 12 17 0.026220 0.005766 390.34 133.04
E 12 21 0.017928 0.002635 286.79 0.67
E 12 24 0.029827 0.008125 477.39 0.79
E 12 36 0.023021 0.003772 378.19 0.50
E 12 38 0.017165 0.003928 280.89 0.00
E 12 40 0.018615 0.004957 292.36 0.91
E 12 44 0.023946 0.005025 351.70 3.12
E 12 47 0.017946 0.005558 301.30 2.25
E 12 50 0.021890 0.004268 345.13 1.00
E 12 51 0.028111 0.006377 366.92 0.55
E 12 53 0.017794 0.002379 284.36 0.46
E 12 58 0.020258 0.004370 320.50 16.02
E 12 64 0.024501 0.005218 384.92 1.28
E 12 69 0.020209 0.003400 331.01 7.97
E 12 70 0.020292 0.003294 300.19 9.54
E 12 75 0.024893 0.005359 381.08 1.21
E 12 76 0.025945 0.004330 358.62 0.37
E 13 14 0.023963 0.005129 391.80 0.34
E 13 17 0.025260 0.005400 378.43 59.84
E 13 20 0.002865 0.000000 300.00 0.54
E 13 21 0.024165 0.003419 362.71 0.13
E 13 22 0.027053 0.004491 383.57 1.22
E 13 24 0.028634 0.008303 404.81 0.82
E 13 32 0.024141 0.003762 351.62 0.67
E 13 36 0.023895 0.005956 381.78 0.54
E 13 37 0.027123 0.004901 403.22 0.74
E 13 38 0.024547 0.004444 377.74 0.12
E 13 40 0.024677 0.004029 398.39 1.11
E 13 41 0.029494 0.007598 440.76 0.16
E 13 44 0.022821 0.004142 356.35 0.56
E 13 45 0.021372 0.004685 364.72 0.53
E 13 47 0.024142 0.004910 372.71 2.10
E 13 48 0.027101 0.003630 410.05 1.82
E 13 50 0.022879 0.004597 359.74 4.00
E 13 51 0.030039 0.007024 457.35 2.04
E 13 52 0.025793 0.002775 360.36 8.74
E 13 53 0.024685 0.007312 373.17 1.34
E 13 58 0.023305 0.003776 376.34 83.92
E 13 59 0.027173 0.003424 407.60 3.30
E 13 60 0.031750 0.010317 439.84 0.53
E 13 61 0.028798 0.007208 448.89 0.40
E 13 64 0.024787 0.005183 410.52 2.90
E 13 66 0.030177 0.007085 434.69 4.36
E 13 69 0.023052 0.002987 358.81 3.53
E 13 71 0.020471 0.003651 322.64 1.45
E 13 73 0.028464 0.004919 411.62 0.22
E 13 74 0.020551 0.003509 340.59 0.05
E 13 75 0.024193 0.004902 368.49 2.28
E 13 76 0.024957 0.004475 390.37 1.24
E 14 17 0.026220 0.005766 392.42 180.45
E 14 21 0.021469 0.005296 354.22 0.59
E 14 24 0.029827 0.008125 497.71 1.10
E 14 36 0.023021 0.005403 395.43 0.94
E 14 40 0.020920 0.004956 318.75 1.53
E 14 44 0.023698 0.005427 370.65 5.13
E 14 47 0.020951 0.005633 347.35 2.09
E 14 50 0.022113 0.005458 370.13 1.51
E 14 51 0.028110 0.007335 406.47 0.53
E 14 53 0.020708 0.004600 317.15 1.13
E 14 58 0.021514 0.005907 346.04 17.53
E 14 64 0.022691 0.005286 362.91 7.87
E 14 69 0.021733 0.006038 368.59 3.83
E 14 70 0.021759 0.005186 345.03 20.11
E 14 75 0.024663 0.005427 359.00 1.18
E 14 76 0.024954 0.005152 383.63 0.25
E 15 16 0.023391 0.006439 353.59 0.10
E 15 22 0.023414 0.005292 347.64 9.13
E 15 25 0.022975 0.006076 361.53 52.97
E 15 26 0.023213 0.006169 378.23 0.80
E 15 28 0.023370 0.005993 330.68 7.24
E 15 29 0.023646 0.006452 368.25 0.04
E 15 31 0.023520 0.006857 355.47 0.28
E 15 33 0.023398 0.006166 379.00 38.32
E 15 36 0.024648 0.007293 371.46 31.99
E 15 43 0.022735 0.002374 444.17 0.11
E 15 44 0.025036 0.007075 376.46 0.40
E 15 45 0.023529 0.005745 357.61 0.37
E 15 49 0.022416 0.005264 376.02 0.77
E 15 51 0.024160 0.004545 342.79 3.37
E 15 57 0.021731 0.003300 343.71 0.16
E 15 59 0.023414 0.005292 312.89 0.01
E 15 62 0.023633 0.006961 356.12 8.11
E 15 67 0.023275 0.006125 374.54 1.80
E 15 71 0.023059 0.005825 369.63 52.43
E 15 74 0.023423 0.006262 352.77 15.56
E 15 75 0.024156 0.004757 394.75 7.41
E 15 78 0.023181 0.002991 402.33 0.09
E 16 18 0.020327 0.002205 278.71 1.12
E 16 25 0.020133 0.002858 330.61 13.66
E 16 26 0.021628 0.003312 320.15 0.67
E 16 28 0.020887 0.002815 341.60 1.33
E 16 29 0.018460 0.001370 296.06 0.73
E 16 31 0.019286 0.004801 313.43 0.04
E 16 33 0.021065 0.003326 352.49 3.84
E 16 44 0.023375 0.004519 340.09 0.30
E 16 45 0.021997 0.005628 325.90 0.42
E 16 49 0.017628 0.000881 274.27 0.64
E 16 56 0.016635 0.000452 257.09 0.17
E 16 62 0.019351 0.002760 313.08 19.41
E 16 63 0.020396 0.005643 347.91 0.53
E 16 67 0.022074 0.004707 346.17 1.81
E 16 71 0.020108 0.004018 306.12 372.15
E 16 74 0.023581 0.004800 360.35 1.09
E 16 78 0.019614 0.003814 301.26 20.53
E 16 79 0.016388 0.000301 253.79 506.89
E 17 21 0.025879 0.005362 395.14 10.54
E 17 22 0.025582 0.007608 384.20 217.58
E 17 24 0.028221 0.006849 415.80 1.87
E 17 32 0.025286 0.005662 382.37 13.73
E 17 36 0.025417 0.006246 366.57 1.91
E 17 37 0.025284 0.004906 366.58 4.06
E 17 38 0.024243 0.005472 369.32 33.38
E 17 40 0.025353 0.005366 395.40 28.30
E 17 41 0.026696 0.005720 425.66 4.91
E 17 44 0.025425 0.007060 399.19 66.38
E 17 47 0.025096 0.006049 374.97 5.62
E 17 48 0.024614 0.005450 391.64 2.72
E 17 50 0.025834 0.006564 388.86 1.64
E 17 51 0.027682 0.007029 399.55 1.53
E 17 52 0.024938 0.008050 518.49 2.25
E 17 53 0.026362 0.006013 418.92 1.03
E 17 58 0.025433 0.006658 372.73 194.35
E 17 59 0.026039 0.006021 375.42 1.48
E 17 60 0.025983 0.006436 390.25 19.42
E 17 64 0.025715 0.006290 365.88 0.12
E 17 66 0.025205 0.007423 408.43 15.04
E 17 69 0.025562 0.006832 376.76 0.01
E 17 70 0.028066 0.005503 421.72 15.74
E 17 73 0.026860 0.005990 420.87 28.91
E 17 75 0.024707 0.005644 395.64 0.98
E 17 76 0.025952 0.006346 406.98 38.59
E 18 19 0.023853 0.004125 368.60 3.68
E 18 20 0.024915 0.004217 401.22 0.20
E 18 22 0.027442 0.004579 405.85 2.72
E 18 23 0.023682 0.004204 355.75 3.69
E 18 25 0.019091 0.002873 303.23 33.85
E 18 26 0.022350 0.004124 339.84 1.69
E 18 28 0.020224 0.002940 322.24 1.96
E 18 29 0.019073 0.002660 293.29 0.36
E 18 30 0.023853 0.004125 392.96 0.31
E 18 33 0.019322 0.002960 302.48 0.12
E 18 34 0.022226 0.000000 700.44 2.26
E 18 35 0.021445 0.003504 338.56 0.84
E 18 39 0.023965 0.004217 417.78 2.44
E 18 41 0.027483 0.002544 589.53 31.53
E 18 42 0.024347 0.004344 351.22 3.74
E 18 43 0.018945 0.004730 325.68 0.00
E 18 45 0.022801 0.005088 385.30 0.11
E 18 46 0.024346 0.004344 384.04 3.73
E 18 48 0.027103 0.004280 433.27 1.32
E 18 49 0.018881 0.002471 297.82 5.66
E 18 51 0.029971 0.006671 463.50 30.15
E 18 52 0.025748 0.004307 400.77 600.40
E 18 54 0.023396 0.003864 359.48 2.01
E 18 55 0.019069 0.002549 331.29 7.65
E 18 56 0.018880 0.002471 283.38 5.46
E 18 57 0.024798 0.004885 378.00 0.43
E 18 59 0.027293 0.005242 385.59 4.01
E 18 60 0.028237 0.005967 419.00 0.08
E 18 61 0.027991 0.004709 426.03 0.04
E 18 63 0.019141 0.004896 320.60 0.55
E 18 65 0.027326 0.007254 374.76 0.60
E 18 66 0.031647 0.007934 497.47 0.52
E 18 67 0.021297 0.004308 333.25 1.12
E 18 68 0.024083 0.003731 410.31 3.77
E 18 73 0.028331 0.005114 398.50 0.95
E 18 74 0.021685 0.003966 314.89 1.77
E 18 77 0.027235 0.006972 384.96 0.55
E 18 79 0.018880 0.002471 331.08 1.85
E 18 80 0.021208 0.000339 675.81 1.57
E 19 20 0.022853 0.001766 366.59 4.45
E 19 22 0.027625 0.004627 395.47 1.32
E 19 24 0.022169 0.001997 334.42 2.51
E 19 30 0.021889 0.000621 335.81 1.04
E 19 34 0.023521 0.005058 378.58 1.38
E 19 37 0.025934 0.004319 407.57 2.29
E 19 39 0.021186 0.000713 346.51 0.89
E 19 41 0.029109 0.005208 418.72 2.62
E 19 45 0.023582 0.003731 298.57 1.62
E 19 48 0.024735 0.003111 376.64 3.65
E 19 51 0.029595 0.007617 366.43 2.19
E 19 52 0.025859 0.003392 404.39 16.17
E 19 54 0.022025 0.000801 359.70 3.01
E 19 57 0.023840 0.004354 394.31 0.68
E 19 59 0.027686 0.004127 398.60 6.31
E 19 60 0.025667 0.004794 395.81 0.77
E 19 61 0.025164 0.004295 378.55 0.38
E 19 65 0.026212 0.007016 396.59 7.09
E 19 66 0.027189 0.006460 397.54 7.03
E 19 73 0.029361 0.006510 453.45 0.08
E 19 80 0.024781 0.004911 390.18 2.71
E 20 22 0.025488 0.003386 381.93 0.15
E 20 23 0.022854 0.001766 347.01 4.49
E 20 24 0.022410 0.002292 338.38 0.10
E 20 30 0.022969 0.001973 364.72 0.60
E 20 34 0.024753 0.005058 384.53 28.76
E 20 37 0.026117 0.004088 449.87 201.34
E 20 39 0.022817 0.001785 359.51 4.55
E 20 41 0.025918 0.004151 375.97 0.00
E 20 42 0.022857 0.001831 367.91 4.51
E 20 45 0.026974 0.006294 472.34 0.63
E 20 46 0.022858 0.001794 351.54 4.48
E 20 48 0.024737 0.003061 383.45 16.37
E 20 51 0.026932 0.005828 401.35 278.69
E 20 52 0.025209 0.003628 401.65 0.80
E 20 54 0.022886 0.001837 342.74 0.00
E 20 57 0.023615 0.004065 358.81 204.41
E 20 59 0.026287 0.004579 399.20 24.25
E 20 60 0.025677 0.004898 397.06 1.77
E 20 61 0.025201 0.004359 395.42 0.71
E 20 64 0.029915 0.007010 369.17 8.47
E 20 65 0.026000 0.005933 389.04 1.75
E 20 66 0.027307 0.006538 406.29 10.84
E 20 68 0.022816 0.001724 362.96 4.51
E 20 73 0.026828 0.005095 393.10 2.12
E 20 77 0.023149 0.002674 360.67 4.44
E 20 80 0.024444 0.004215 390.97 4.69
E 21 24 0.030108 0.007721 428.56 0.56
E 21 36 0.022867 0.003531 360.58 0.48
E 21 40 0.018513 0.005055 298.28 0.09
E 21 44 0.024117 0.005114 388.98 1.12
E 21 47 0.020153 0.004711 323.19 0.42
E 21 50 0.021518 0.003852 363.16 0.57
E 21 51 0.027841 0.006087 420.14 0.47
E 21 53 0.015622 0.001843 258.21 1.50
E 21 58 0.020605 0.004705 326.61 66.65
E 21 64 0.023969 0.004246 365.07 88.13
E 21 69 0.020143 0.003244 316.92 1.12
E 21 70 0.019363 0.002746 340.00 1.60
E 21 75 0.025181 0.005742 388.91 0.48
E 21 76 0.025332 0.004152 367.63 0.35
E 22 23 0.026855 0.003392 415.84 1.30
E 22 24 0.023794 0.002162 381.21 0.12
E 22 28 0.035342 0.008706 428.42 8.18
E 22 29 0.025754 0.002148 347.25 448.97
E 22 30 0.025488 0.003386 376.95 23.16
E 22 33 0.025754 0.004636 430.04 0.40
E 22 35 0.001713 0.000000 156.00 0.06
E 22 36 0.025311 0.007123 406.19 0.01
E 22 39 0.025342 0.003497 417.25 0.24
E 22 41 0.025146 0.003660 392.09 0.66
E 22 42 0.027144 0.004636 413.76 1.28
E 22 44 0.025229 0.004681 388.23 1.35
E 22 45 0.026665 0.005224 411.33 31.81
E 22 46 0.027168 0.004507 370.81 1.29
E 22 48 0.025487 0.003386 373.15 0.06
E 22 49 0.003842 0.000160 364.00 0.79
E 22 50 0.024963 0.003599 389.09 0.16
E 22 51 0.027621 0.005274 434.82 0.02
E 22 52 0.025683 0.003655 384.71 0.94
E 22 54 0.025623 0.003518 371.79 0.25
E 22 57 0.025545 0.003593 397.43 40.94
E 22 58 0.013139 0.002144 1352.00 0.00
E 22 59 0.025991 0.004795 389.52 5.64
E 22 60 0.025639 0.004939 398.88 5.13
E 22 61 0.025242 0.004166 391.85 6.57
E 22 64 0.025011 0.004195 381.35 3.94
E 22 65 0.025545 0.005678 411.52 0.56
E 22 66 0.026946 0.005747 414.58 0.55
E 22 67 0.023922 0.000170 508.11 0.32
E 22 68 0.025488 0.003386 373.11 1.28
E 22 71 0.024855 0.001696 419.19 0.08
E 22 73 0.026782 0.005067 375.73 0.57
E 22 74 0.027588 0.005020 426.91 0.02
E 22 75 0.025520 0.005060 383.76 0.01
E 22 76 0.025307 0.004262 376.60 1.50
E 22 77 0.025488 0.003386 414.53 1.20
E 22 80 0.024515 0.007717 356.36 0.92
E 23 24 0.022190 0.001928 392.47 2.53
E 23 30 0.021850 0.001757 347.68 1.03
E 23 34 0.023907 0.005498 382.79 1.38
E 23 37 0.025935 0.004319 340.39 2.31
E 23 39 0.021623 0.001702 342.71 0.88
E 23 41 0.029433 0.005512 406.78 2.63
E 23 45 0.023583 0.003731 483.94 1.63
E 23 48 0.024729 0.003142 393.44 3.69
E 23 51 0.029397 0.005815 421.90 2.21
E 23 52 0.025361 0.003356 362.11 16.29
E 23 54 0.022171 0.001853 361.81 3.07
E 23 57 0.023783 0.004198 380.55 0.68
E 23 59 0.027394 0.003419 401.98 6.34
E 23 60 0.025667 0.004794 377.53 0.77
E 23 61 0.025127 0.004439 396.00 0.38
E 23 65 0.026213 0.007016 403.34 7.14
E 23 66 0.027189 0.006460 421.73 7.09
E 23 73 0.029025 0.005476 429.69 0.07
E 23 80 0.024698 0.004902 373.19 2.71
E 24 30 0.022410 0.002292 354.87 6.66
E 24 32 0.028811 0.006901 436.80 21.67
E 24 34 0.024169 0.004518 411.66 0.43
E 24 36 0.030108 0.007721 427.24 0.11
E 24 37 0.025211 0.004673 377.01 3.00
E 24 38 0.027550 0.006744 498.91 0.66
E 24 39 0.022358 0.002216 367.26 0.61
E 24 40 0.030009 0.007958 420.13 1.48
E 24 41 0.026931 0.005135 406.14 0.26
E 24 42 0.021340 0.001178 300.56 2.51
E 24 46 0.021334 0.001211 362.47 2.50
E 24 47 0.027620 0.006221 395.55 4.68
E 24 48 0.024560 0.004550 375.83 1.19
E 24 50 0.030189 0.008392 431.47 0.18
E 24 51 0.027726 0.006205 425.01 0.07
E 24 53 0.022565 0.008238 426.77 0.18
E 24 54 0.021575 0.002742 323.55 0.30
E 24 58 0.028940 0.005292 522.97 28.93
E 24 59 0.026124 0.004562 404.88 69.88
E 24 60 0.025773 0.005118 405.77 8.57
E 24 61 0.024862 0.004172 373.15 11.41
E 24 64 0.029618 0.007747 484.03 2.56
E 24 65 0.024321 0.003790 409.53 4.77
E 24 66 0.026215 0.005548 399.56 2.09
E 24 68 0.022551 0.002320 331.95 2.47
E 24 69 0.031347 0.010704 450.12 2.48
E 24 73 0.026984 0.005434 401.71 1.73
E 24 75 0.025957 0.008989 378.17 0.30
E 24 76 0.030675 0.007858 418.48 4.98
E 24 77 0.022359 0.002216 354.84 6.41
E 24 80 0.025506 0.005921 399.29 0.05
E 25 26 0.021386 0.003371 341.74 0.00
E 25 28 0.020875 0.002870 341.51 77.30
E 25 29 0.019929 0.002698 307.27 31.00
E 25 31 0.021980 0.005239 348.52 16.72
E 25 33 0.020970 0.003184 327.94 7.21
E 25 35 0.019434 0.002569 329.58 13.61
E 25 43 0.019913 0.005263 349.19 32.53
E 25 45 0.022581 0.005279 367.11 14.72
E 25 49 0.020023 0.003017 323.49 3.16
E 25 55 0.019219 0.002148 313.07 23.30
E 25 56 0.019444 0.002353 304.03 91.55
E 25 62 0.021980 0.004516 350.63 9.62
E 25 63 0.019627 0.005999 346.58 27.76
E 25 67 0.022037 0.004744 347.55 3.09
E 25 71 0.020756 0.003931 331.00 18.29
E 25 72 0.019983 0.002318 329.55 3.38
E 25 74 0.022382 0.004327 346.07 3.85
E 25 78 0.020161 0.003218 328.62 17.09
E 25 79 0.019194 0.002123 283.89 228.17
E 26 27 0.022375 0.004250 347.42 2.65
E 26 28 0.021547 0.003381 335.92 0.07
E 26 29 0.021610 0.003514 340.49 0.41
E 26 31 0.020504 0.003188 321.95 23.41
E 26 33 0.021502 0.003519 355.20 0.94
E 26 35 0.021726 0.003954 337.71 15.94
E 26 43 0.022523 0.004070 335.78 0.43
E 26 44 0.022442 0.002189 334.92 1.32
E 26 45 0.021158 0.005028 327.80 0.22
E 26 49 0.021791 0.003549 333.17 53.38
E 26 51 0.002289 0.000000 228.00 154.47
E 26 55 0.022006 0.003572 345.26 2.42
E 26 56 0.022059 0.003806 334.63 0.89
E 26 62 0.021332 0.003104 339.91 0.59
E 26 63 0.022006 0.005161 352.25 1.25
E 26 67 0.022069 0.004610 354.62 0.99
E 26 71 0.020988 0.003588 334.46 7.90
E 26 74 0.022512 0.004570 361.44 22.93
E 26 78 0.021575 0.003731 345.88 19.71
E 26 79 0.022536 0.004127 368.51 247.70
E 27 28 0.020588 0.002932 328.95 38.83
E 27 29 0.018611 0.000988 290.27 0.08
E 27 33 0.021189 0.003547 330.30 0.89
E 27 35 0.019027 0.002186 296.46 1.98
E 27 43 0.018549 0.003198 335.45 0.45
E 27 49 0.017983 0.001041 287.77 1.38
E 27 55 0.016999 0.000701 269.96 0.09
E 27 56 0.016995 0.000707 291.19 0.07
E 27 62 0.019512 0.000169 323.87 31.90
E 27 63 0.018997 0.005665 302.80 0.12
E 27 67 0.022424 0.004859 352.07 4.36
E 27 72 0.016996 0.000707 268.99 7.73
E 27 74 0.021415 0.003722 321.01 3.54
E 27 78 0.018961 0.002899 291.43 19.76
E 27 79 0.016995 0.000707 265.13 83.22
E 28 29 0.020988 0.002883 327.00 2.44
E 28 31 0.021254 0.004353 334.08 9.11
E 28 33 0.021111 0.003414 354.69 1.35
E 28 35 0.020534 0.002680 335.72 2.50
E 28 36 0.021839 0.002762 390.88 36.89
E 28 43 0.020593 0.004148 324.61 1.97
E 28 45 0.021757 0.005851 339.52 0.25
E 28 49 0.020838 0.002873 327.16 13.15
E 28 52 0.024736 0.003477 373.76 5.75
E 28 55 0.020864 0.002832 327.17 87.71
E 28 56 0.020769 0.002714 323.20 3.97
E 28 62 0.020962 0.003193 330.09 0.30
E 28 63 0.021374 0.004793 323.63 3.47
E 28 67 0.022273 0.004504 338.47 0.29
E 28 71 0.020516 0.003877 342.27 0.64
E 28 72 0.021158 0.004022 318.40 0.51
E 28 74 0.022405 0.004521 335.86 1.74
E 28 75 0.023001 0.005233 382.32 2.56
E 28 78 0.020969 0.003311 318.97 11.88
E 28 79 0.021373 0.003888 346.32 0.30
E 29 33 0.021029 0.003319 330.02 2.53
E 29 35 0.018666 0.001323 288.60 278.39
E 29 43 0.018874 0.003820 299.45 18.88
E 29 44 0.030367 0.002035 428.97 0.35
E 29 45 0.022751 0.005314 325.69 0.49
E 29 49 0.018422 0.000747 300.04 0.67
E 29 51 0.022310 0.003307 500.23 107.13
E 29 52 0.025053 0.002120 407.13 43.02
E 29 55 0.018455 0.000915 297.54 0.97
E 29 56 0.018533 0.000788 299.20 0.12
E 29 62 0.019647 0.000407 302.60 5.80
E 29 63 0.019221 0.005266 305.86 0.45
E 29 67 0.022107 0.004518 355.70 1.34
E 29 71 0.019984 0.003015 311.17 383.44
E 29 72 0.017240 0.000317 280.44 14.80
E 29 74 0.022466 0.004515 347.77 6.68
E 29 78 0.018984 0.002957 304.35 62.65
E 29 79 0.017912 0.000965 294.43 356.45
E 30 34 0.023142 0.004862 366.30 2.69
E 30 37 0.026117 0.004088 377.00 50.72
E 30 39 0.021749 0.000751 347.27 1.34
E 30 41 0.026027 0.004106 380.94 1.30
E 30 42 0.021749 0.000632 325.10 1.01
E 30 45 0.023582 0.003731 339.80 0.09
E 30 46 0.021797 0.000922 357.63 1.01
E 30 48 0.024700 0.003025 378.30 7.83
E 30 51 0.026932 0.005828 392.32 106.13
E 30 52 0.025233 0.003694 358.27 48.65
E 30 54 0.022011 0.000812 340.31 6.10
E 30 57 0.023615 0.004065 355.35 0.07
E 30 59 0.026374 0.004669 418.49 1.15
E 30 60 0.025677 0.004898 396.47 0.03
E 30 61 0.025201 0.004359 393.02 0.08
E 30 65 0.025706 0.005779 381.93 3.52
E 30 66 0.027307 0.006538 411.51 1.64
E 30 68 0.022021 0.000895 353.85 0.99
E 30 73 0.026828 0.005095 417.89 0.17
E 30 77 0.023137 0.002641 367.80 0.24
E 30 80 0.024381 0.004112 379.63 13.37
E 31 36 0.024777 0.007418 370.12 74.28
E 31 44 0.022914 0.004505 378.31 0.00
E 31 62 0.017631 0.004639 275.21 12.76
E 31 71 0.018989 0.003968 297.74 2.07
E 32 34 0.023355 0.003877 363.90 2.83
E 32 37 0.025715 0.004712 408.69 23.68
E 32 38 0.016696 0.003398 260.56 6.98
E 32 40 0.018569 0.004452 297.37 0.84
E 32 41 0.030364 0.007252 443.53 3.76
E 32 47 0.018715 0.005291 291.54 0.22
E 32 48 0.012564 0.000640 1280.00 14.81
E 32 53 0.015480 0.003277 239.34 3.35
E 32 59 0.028386 0.003986 395.92 1.60
E 32 61 0.026503 0.004617 410.19 0.02
E 32 64 0.022856 0.002423 313.53 21.12
E 32 73 0.028065 0.003174 362.70 0.23
E 32 80 0.022333 0.004070 362.69 1.78
E 33 35 0.021125 0.003387 346.91 0.11
E 33 43 0.021076 0.003945 322.61 4.19
E 33 44 0.005730 0.000384 600.00 0.59
E 33 45 0.021731 0.005206 340.69 0.35
E 33 49 0.020968 0.003183 342.55 2.36
E 33 51 0.022310 0.003307 616.83 0.81
E 33 52 0.025678 0.005578 424.14 3.09
E 33 55 0.020897 0.002942 319.28 8.53
E 33 56 0.021021 0.003261 324.67 24.28
E 33 62 0.022037 0.003128 301.97 18.63
E 33 63 0.019910 0.006077 339.50 0.62
E 33 67 0.021909 0.004331 342.72 0.58
E 33 71 0.021224 0.003870 342.86 0.08
E 33 74 0.022463 0.004515 350.79 129.28
E 33 78 0.020934 0.003117 329.71 57.41
E 33 79 0.019894 0.001660 310.74 126.78
E 34 37 0.021012 0.006075 343.75 2.22
E 34 38 0.024187 0.003392 350.82 0.07
E 34 39 0.022803 0.005667 361.22 0.20
E 34 40 0.024375 0.004523 391.71 0.61
E 34 41 0.030653 0.007615 468.04 0.94
E 34 42 0.024501 0.006122 389.13 1.35
E 34 46 0.024501 0.006122 366.86 1.35
E 34 47 0.019485 0.005130 319.37 0.55
E 34 48 0.027233 0.004942 414.92 0.03
E 34 52 0.026041 0.004155 361.20 0.76
E 34 54 0.024574 0.004216 352.15 0.28
E 34 57 0.026149 0.005040 384.87 8.75
E 34 59 0.027483 0.005365 439.79 3.89
E 34 60 0.029619 0.007666 428.43 1.71
E 34 61 0.025012 0.005773 380.56 0.76
E 34 65 0.027070 0.004991 424.30 0.26
E 34 66 0.031077 0.009413 525.57 0.76
E 34 68 0.024625 0.005802 379.48 1.32
E 34 73 0.028034 0.005863 424.36 0.72
E 34 77 0.027877 0.006703 459.92 2.86
E 34 80 0.024715 0.005859 377.54 293.34
E 35 43 0.019055 0.003972 302.86 83.74
E 35 45 0.023752 0.004579 371.10 13.82
E 35 49 0.018760 0.001952 309.62 12.52
E 35 52 0.023752 0.004579 424.86 0.60
E 35 54 0.022188 0.001727 351.79 0.50
E 35 55 0.019029 0.002186 304.26 2.50
E 35 56 0.019049 0.002208 311.17 1132.81
E 35 57 0.023886 0.003910 409.27 57.25
E 35 63 0.019145 0.006075 309.76 6.08
E 35 65 0.026099 0.007349 380.47 0.25
E 35 67 0.022208 0.004563 347.47 0.21
E 35 72 0.019050 0.002208 313.39 0.04
E 35 74 0.022418 0.004414 352.84 0.02
E 35 78 0.018860 0.002893 313.10 19.16
E 35 79 0.019049 0.002208 300.20 288.89
E 36 37 0.025786 0.004240 423.73 0.22
E 36 41 0.025228 0.006477 390.86 0.44
E 36 44 0.023865 0.006060 378.29 4.93
E 36 45 0.024322 0.006683 374.19 180.64
E 36 48 0.025788 0.003788 491.66 0.39
E 36 50 0.023728 0.005298 364.74 0.01
E 36 51 0.027195 0.006685 402.08 2.87
E 36 52 0.025157 0.006888 409.95 0.87
E 36 58 0.023754 0.005686 387.37 115.34
E 36 59 0.026251 0.006602 404.22 3.47
E 36 60 0.030536 0.005936 395.22 19.79
E 36 64 0.023650 0.005510 337.84 3.90
E 36 66 0.030706 0.005427 422.46 0.96
E 36 69 0.023842 0.005614 378.37 0.45
E 36 70 0.022870 0.003531 390.09 0.18
E 36 71 0.024369 0.006884 340.24 0.10
E 36 73 0.025573 0.006476 384.47 0.34
E 36 74 0.024224 0.006671 361.62 0.06
E 36 75 0.024225 0.005686 362.75 0.04
E 36 76 0.023955 0.005795 374.81 0.59
E 37 38 0.027084 0.004862 393.91 0.59
E 37 39 0.024346 0.002035 447.45 0.60
E 37 40 0.026916 0.004979 385.52 1.43
E 37 41 0.030282 0.007436 457.22 0.23
E 37 42 0.025720 0.003765 380.59 2.29
E 37 46 0.027241 0.004288 441.54 2.27
E 37 47 0.021435 0.005150 344.78 15.20
E 37 48 0.027269 0.003962 419.37 1.76
E 37 50 0.028264 0.010922 445.63 0.37
E 37 51 0.030559 0.007777 467.42 0.13
E 37 52 0.024713 0.002374 437.36 0.62
E 37 54 0.025245 0.003019 338.06 0.28
E 37 57 0.023922 0.001413 425.14 8.12
E 37 58 0.024344 0.004663 336.51 23.44
E 37 59 0.027722 0.004749 445.13 77.81
E 37 60 0.029877 0.007526 414.67 10.36
E 37 61 0.025420 0.004766 371.02 59.89
E 37 64 0.026137 0.004636 388.79 1.88
E 37 65 0.029348 0.004138 537.23 6.73
E 37 66 0.031111 0.009345 418.53 3.54
E 37 68 0.026117 0.004088 406.93 2.24
E 37 73 0.026922 0.004774 427.70 1.91
E 37 75 0.002065 0.000000 200.00 0.54
E 37 76 0.026634 0.004517 395.50 5.57
E 37 77 0.029632 0.004202 418.15 6.11
E 37 80 0.024748 0.004938 375.94 0.00
E 38 40 0.018519 0.004497 286.70 0.13
E 38 41 0.029870 0.007894 399.03 0.54
E 38 47 0.019640 0.004918 302.13 1.10
E 38 48 0.012564 0.000640 1280.00 0.10
E 38 53 0.014632 0.003231 216.54 0.41
E 38 58 0.020385 0.003004 328.95 43.33
E 38 59 0.028385 0.003986 413.36 19.67
E 38 61 0.027835 0.005505 383.37 2.21
E 38 64 0.022509 0.003392 349.30 5.58
E 38 73 0.021350 0.001920 2204.00 0.07
E 38 80 0.022112 0.000339 363.14 0.13
E 39 41 0.024674 0.003251 371.43 1.33
E 39 42 0.021240 0.000944 327.83 0.86
E 39 45 0.024375 0.005993 402.68 1.56
E 39 46 0.021262 0.000990 309.68 0.88
E 39 48 0.024586 0.002760 381.36 0.60
E 39 51 0.025943 0.005616 384.59 0.92
E 39 52 0.025254 0.003970 386.64 5.51
E 39 54 0.022004 0.000836 339.18 0.21
E 39 57 0.023680 0.004129 384.54 2.13
E 39 59 0.025853 0.004725 390.82 2.79
E 39 60 0.025214 0.004569 366.91 1.45
E 39 61 0.025016 0.004176 396.16 0.57
E 39 65 0.025488 0.005459 396.55 3.15
E 39 66 0.026894 0.006106 392.73 2.82
E 39 68 0.022185 0.001187 346.28 0.89
E 39 73 0.026591 0.005010 402.76 0.29
E 39 77 0.023092 0.002540 351.35 0.00
E 39 80 0.024950 0.004926 349.86 2.66
E 40 41 0.030003 0.007443 435.10 2.13
E 40 47 0.018735 0.005190 315.94 2.22
E 40 48 0.027105 0.001884 414.91 1.85
E 40 50 0.022260 0.001526 353.33 4.29
E 40 53 0.018544 0.004777 307.73 1.30
E 40 58 0.022257 0.003561 373.23 221.17
E 40 59 0.026918 0.001922 382.19 5.50
E 40 60 0.034232 0.009701 488.53 0.56
E 40 61 0.028181 0.006445 380.76 0.34
E 40 64 0.023350 0.002914 402.22 7.85
E 40 66 0.031044 0.005879 488.69 4.41
E 40 73 0.029323 0.005330 420.41 0.09
E 40 75 0.024940 0.000000 341.24 2.47
E 40 80 0.022444 0.001914 369.98 0.91
E 41 42 0.028501 0.006954 428.48 2.61
E 41 44 0.024079 0.004228 398.33 11.98
E 41 46 0.028501 0.006954 391.18 2.60
E 41 47 0.030364 0.007252 447.90 26.65
E 41 48 0.026734 0.004885 394.74 3.41
E 41 50 0.025419 0.004598 389.08 1.62
E 41 51 0.027632 0.006459 435.55 1.11
E 41 52 0.025241 0.004100 425.91 2.70
E 41 54 0.024948 0.003988 360.36 0.15
E 41 57 0.025212 0.004004 390.23 0.40
E 41 58 0.030648 0.007632 434.91 8.54
E 41 59 0.026670 0.005175 394.21 0.61
E 41 60 0.026660 0.004834 431.54 1.15
E 41 61 0.026749 0.004693 422.32 1.25
E 41 64 0.026335 0.004966 415.93 11.04
E 41 65 0.025600 0.005801 409.04 3.11
E 41 66 0.027001 0.006118 412.23 10.40
E 41 68 0.026217 0.004049 404.08 2.57
E 41 73 0.027163 0.005151 422.54 1.05
E 41 75 0.024831 0.004729 375.10 8.34
E 41 76 0.026252 0.004905 407.04 82.55
E 41 77 0.026118 0.004196 410.20 90.27
E 41 80 0.026873 0.004962 403.87 11.32
E 42 45 0.023583 0.003731 349.98 1.64
E 42 48 0.024925 0.003142 368.60 3.69
E 42 52 0.024718 0.002835 373.83 16.27
E 42 54 0.022118 0.000967 361.96 3.08
E 42 57 0.023784 0.004198 377.69 0.63
E 42 59 0.027410 0.001987 448.50 6.31
E 42 60 0.025668 0.004794 415.86 0.56
E 42 61 0.025151 0.004504 367.69 0.38
E 42 65 0.026278 0.006757 375.30 7.19
E 42 66 0.027101 0.006363 408.13 4.39
E 42 73 0.028577 0.004009 379.61 0.07
E 42 80 0.025183 0.005644 384.82 2.65
E 43 49 0.018804 0.003618 307.02 0.58
E 43 55 0.018635 0.003486 300.78 1.22
E 43 56 0.018801 0.003533 306.65 0.08
E 43 62 0.018946 0.000339 251.99 5.67
E 43 63 0.019379 0.005630 323.40 0.30
E 43 67 0.022319 0.004658 356.46 1.76
E 43 72 0.018755 0.003200 297.45 60.31
E 43 74 0.021828 0.004022 336.25 0.52
E 43 78 0.019737 0.003996 312.89 236.50
E 43 79 0.018801 0.003533 293.11 472.71
E 44 45 0.023186 0.004528 396.83 0.08
E 44 48 0.027339 0.005088 466.38 1.00
E 44 50 0.023304 0.004596 369.82 3.20
E 44 51 0.027461 0.005857 424.08 2.04
E 44 52 0.025060 0.004417 402.15 8.30
E 44 58 0.023329 0.004612 371.95 18.52
E 44 59 0.026126 0.005749 406.42 3.24
E 44 60 0.025617 0.004364 344.07 0.11
E 44 64 0.023327 0.004625 378.07 52.37
E 44 66 0.025956 0.003935 491.25 2.23
E 44 67 0.003057 0.000000 324.00 74.04
E 44 69 0.023299 0.004531 363.65 1.81
E 44 70 0.023244 0.004696 371.26 5.78
E 44 71 0.023236 0.004604 368.71 3.24
E 44 73 0.026048 0.004577 411.56 0.45
E 44 74 0.027653 0.005088 347.38 1.71
E 44 75 0.024161 0.004687 378.18 1.91
E 44 76 0.024061 0.004672 381.64 1.17
E 45 46 0.023583 0.003731 386.10 1.63
E 45 48 0.028080 0.003460 407.38 2.72
E 45 49 0.009236 0.000800 864.00 1.14
E 45 50 0.020235 0.003650 341.49 87.04
E 45 51 0.028787 0.005567 388.60 170.66
E 45 52 0.024988 0.005304 384.61 20.58
E 45 54 0.023582 0.003731 352.16 1.68
E 45 57 0.024854 0.005343 409.78 0.11
E 45 58 0.010963 0.001728 1080.00 5.06
E 45 59 0.027257 0.003430 429.08 1.07
E 45 60 0.033010 0.014721 530.54 0.10
E 45 64 0.023129 0.003109 385.31 21.81
E 45 65 0.026493 0.005879 433.89 679.60
E 45 66 0.030994 0.005718 460.72 10.67
E 45 67 0.021346 0.005295 359.64 1.29
E 45 68 0.023583 0.003731 396.15 1.63
E 45 71 0.021669 0.004899 336.17 8.36
E 45 73 0.029728 0.003901 477.84 0.59
E 45 74 0.022217 0.005129 383.20 15.65
E 45 75 0.024331 0.004810 375.58 17.77
E 45 76 0.024528 0.005479 357.17 0.49
E 45 77 0.011124 0.001760 1100.00 0.40
E 46 48 0.024924 0.003142 399.11 3.65
E 46 52 0.025127 0.003604 417.94 16.15
E 46 54 0.022115 0.000981 360.66 3.03
E 46 57 0.023581 0.003816 348.82 0.64
E 46 59 0.027016 0.002099 396.53 6.28
E 46 60 0.025668 0.004794 400.43 0.56
E 46 61 0.025118 0.004449 376.30 0.38
E 46 65 0.026278 0.006757 404.48 7.15
E 46 66 0.027157 0.006365 397.31 4.42
E 46 73 0.028576 0.004009 427.63 0.08
E 46 80 0.025022 0.005676 375.18 2.65
E 47 48 0.012564 0.000640 1280.00 0.55
E 47 59 0.028386 0.004621 435.66 5.40
E 47 61 0.026160 0.004494 381.28 0.11
E 47 64 0.003201 0.000096 284.00 28.00
E 47 66 0.002449 0.000000 248.00 0.81
E 47 73 0.028035 0.003456 400.52 1.77
E 47 80 0.022333 0.003330 342.25 10.67
E 48 51 0.027491 0.006804 418.26 0.51
E 48 52 0.025205 0.003738 401.47 0.50
E 48 54 0.024874 0.003180 382.01 0.55
E 48 57 0.024840 0.004178 382.45 12.67
E 48 58 0.027345 0.005088 431.36 41.52
E 48 59 0.026365 0.004609 414.90 11.30
E 48 60 0.025913 0.005445 396.96 1.44
E 48 61 0.025126 0.004015 389.34 0.88
E 48 64 0.027819 0.003392 437.64 4.17
E 48 65 0.025332 0.005293 393.57 0.13
E 48 66 0.027150 0.006047 406.05 0.25
E 48 68 0.024694 0.003061 378.23 3.62
E 48 73 0.027194 0.004979 421.75 0.97
E 48 75 0.027154 0.006106 409.45 3074.96
E 48 76 0.024567 0.004299 389.48 1.87
E 48 77 0.024854 0.003025 376.57 3.55
E 48 80 0.024808 0.004305 376.22 378.42
E 49 55 0.017872 0.000872 261.46 0.81
E 49 56 0.017829 0.000834 289.91 1.40
E 49 62 0.020169 0.002436 340.97 121.85
E 49 63 0.019672 0.006056 297.41 7.54
E 49 67 0.022235 0.004478 360.07 3.38
E 49 71 0.019716 0.002326 397.05 67.21
E 49 72 0.017185 0.000471 289.24 2.57
E 49 74 0.022515 0.004570 357.78 2.94
E 49 78 0.019447 0.003676 346.73 3.20
E 49 79 0.017816 0.000816 281.86 12.86
E 50 51 0.027459 0.005965 406.60 0.02
E 50 52 0.025036 0.003707 361.87 0.38
E 50 53 0.024375 0.009611 280.41 0.63
E 50 58 0.021114 0.003493 332.28 0.22
E 50 59 0.025982 0.006016 392.49 36.14
E 50 60 0.002385 0.000000 240.00 3.55
E 50 64 0.022775 0.004164 347.44 6.56
E 50 69 0.021066 0.003505 337.12 0.30
E 50 70 0.021120 0.003493 334.20 0.12
E 50 73 0.025348 0.004244 369.64 1.25
E 50 75 0.024231 0.004945 390.24 0.01
E 50 76 0.024007 0.004821 351.90 3.85
E 51 52 0.028064 0.005993 400.42 0.38
E 51 54 0.027006 0.005332 393.21 0.73
E 51 57 0.026809 0.005449 413.58 22.17
E 51 58 0.027432 0.006345 404.91 111.73
E 51 59 0.027938 0.006879 418.67 46.93
E 51 60 0.027533 0.006265 401.63 20.70
E 51 61 0.026932 0.005828 406.49 21.05
E 51 64 0.027345 0.006112 389.90 4.04
E 51 65 0.026810 0.005449 433.70 1.35
E 51 66 0.027583 0.006385 397.79 1.23
E 51 67 0.008419 0.001248 820.00 0.75
E 51 68 0.026740 0.005957 427.71 2.20
E 51 69 0.028110 0.006377 391.14 0.69
E 51 71 0.027103 0.005949 428.82 0.07
E 51 73 0.027566 0.006401 411.13 0.74
E 51 74 0.024642 0.004198 375.40 0.07
E 51 75 0.027599 0.005505 379.58 0.08
E 51 76 0.027743 0.006207 418.94 1.10
E 51 77 0.026740 0.005957 383.40 2.19
E 51 80 0.026822 0.005755 400.22 1205.68
E 52 54 0.025264 0.003567 394.33 3.05
E 52 57 0.025263 0.004677 381.77 5.66
E 52 59 0.026449 0.004918 423.37 44.65
E 52 60 0.025599 0.004886 388.91 7.28
E 52 61 0.025896 0.005299 400.12 10.32
E 52 65 0.026112 0.006219 415.98 25.95
E 52 66 0.026827 0.005384 411.47 1.71
E 52 68 0.025234 0.003694 371.74 16.13
E 52 73 0.026770 0.004943 425.34 9.28
E 52 74 0.025154 0.003485 375.60 2.41
E 52 75 0.025059 0.004588 375.27 0.15
E 52 76 0.025080 0.003374 363.37 18.04
E 52 77 0.025233 0.003694 374.64 12.39
E 52 80 0.024449 0.002035 439.70 0.13
E 53 58 0.017732 0.001272 237.55 40.44
E 53 70 0.017251 0.006219 337.00 0.94
E 54 57 0.023675 0.003950 389.98 0.65
E 54 59 0.026288 0.004579 373.30 1.83
E 54 60 0.025580 0.004569 387.83 2.13
E 54 61 0.025281 0.004438 367.80 1.08
E 54 65 0.026016 0.006717 377.15 1.70
E 54 66 0.027116 0.006468 390.84 6.01
E 54 68 0.022132 0.001004 359.39 3.07
E 54 73 0.026850 0.005211 409.92 3.21
E 54 77 0.023476 0.003093 366.76 18.74
E 54 80 0.021939 0.001750 357.16 19.88
E 55 56 0.016261 0.000384 257.70 15.44
E 55 62 0.019240 0.000551 294.14 48.94
E 55 63 0.019302 0.005583 287.63 1.01
E 55 67 0.022361 0.004725 356.64 14.79
E 55 72 0.015779 0.000374 236.73 4.34
E 55 74 0.023922 0.005729 398.90 1.84
E 55 78 0.019294 0.003242 322.52 14.06
E 55 79 0.015777 0.000374 267.04 56.23
E 56 62 0.019239 0.000203 286.10 7.46
E 56 63 0.019276 0.005618 299.43 0.79
E 56 67 0.022276 0.004603 356.25 1.49
E 56 72 0.016227 0.000181 230.93 33.61
E 56 74 0.025411 0.007538 388.34 2.54
E 56 78 0.019389 0.003646 335.43 2.18
E 56 79 0.016231 0.000178 270.22 0.64
E 57 58 0.006610 0.000064 652.00 5.43
E 57 59 0.026347 0.004755 385.42 0.17
E 57 60 0.025344 0.004237 398.65 0.11
E 57 61 0.025281 0.004438 407.05 0.22
E 57 64 0.023357 0.000226 397.25 2.79
E 57 65 0.026157 0.007143 391.62 8.96
E 57 66 0.026860 0.005514 407.13 24.00
E 57 68 0.023658 0.004171 373.71 0.64
E 57 73 0.026850 0.005211 412.09 0.57
E 57 76 0.023809 0.001809 363.47 0.54
E 57 77 0.023614 0.004004 363.54 0.54
E 57 80 0.023625 0.004258 355.22 49.44
E 58 59 0.027009 0.004663 408.26 1.76
E 58 60 0.030704 0.005088 551.90 3.41
E 58 64 0.022395 0.003725 359.29 1.59
E 58 66 0.015587 0.002688 1600.00 1.37
E 58 69 0.018866 0.003661 292.07 2.68
E 58 70 0.018856 0.003609 290.31 2.17
E 58 73 0.027933 0.005088 387.43 229.09
E 58 75 0.024191 0.004901 403.45 1.09
E 58 76 0.024254 0.004697 371.23 168.79
E 59 60 0.026372 0.004834 423.62 0.63
E 59 61 0.026240 0.004386 398.72 1.38
E 59 64 0.026075 0.004315 393.65 0.97
E 59 65 0.026282 0.004996 383.55 35.48
E 59 66 0.027022 0.006094 412.58 6.93
E 59 68 0.026226 0.004533 412.63 6.22
E 59 73 0.027123 0.005048 410.82 5.98
E 59 75 0.026541 0.005728 397.43 190.45
E 59 76 0.026337 0.004811 398.94 31.97
E 59 77 0.026263 0.004604 422.30 168.22
E 59 80 0.026242 0.004760 378.25 0.01
E 60 61 0.025442 0.004553 406.23 0.03
E 60 64 0.034491 0.009781 462.66 4.37
E 60 65 0.025333 0.005293 413.99 6.27
E 60 66 0.027425 0.006775 403.83 10.99
E 60 68 0.025439 0.004755 388.42 0.56
E 60 73 0.026964 0.005450 394.51 0.28
E 60 75 0.037998 0.012382 547.40 5.34
E 60 76 0.026092 0.005317 369.79 0.34
E 60 77 0.025376 0.004682 392.63 0.34
E 60 80 0.025445 0.004600 384.51 1.93
E 61 64 0.003313 0.000000 356.00 14.38
E 61 65 0.025400 0.005395 405.91 5.27
E 61 66 0.027233 0.006525 398.65 1.59
E 61 68 0.025092 0.004376 383.53 0.37
E 61 73 0.026838 0.004989 394.25 0.41
E 61 77 0.025162 0.004504 374.58 0.14
E 61 80 0.024997 0.004376 381.76 1.33
E 62 63 0.019427 0.003138 390.55 6.20
E 62 67 0.021824 0.002683 345.69 2.61
E 62 71 0.019322 0.003074 413.10 0.00
E 62 72 0.002626 0.000032 212.00 5.69
E 62 74 0.023718 0.005427 295.09 67.75
E 63 67 0.022425 0.006358 348.40 3.56
E 63 72 0.019399 0.005610 299.77 1.77
E 63 78 0.019321 0.005423 316.82 1.53
E 63 79 0.019355 0.005630 316.58 1.44
E 64 66 0.030237 0.005597 466.97 0.27
E 64 69 0.022704 0.004116 348.96 0.49
E 64 70 0.022159 0.003652 349.39 0.78
E 64 73 0.026653 0.004344 393.36 171.74
E 64 75 0.024291 0.005041 368.97 5.11
E 64 76 0.024256 0.004934 387.31 23.87
E 65 66 0.027020 0.006081 407.52 0.12
E 65 68 0.025488 0.005459 405.83 7.21
E 65 73 0.026850 0.005211 398.06 4.86
E 65 77 0.025783 0.006228 418.25 2.15
E 65 80 0.025402 0.005395 368.72 0.55
E 66 68 0.027228 0.006525 388.62 4.44
E 66 73 0.027132 0.005950 406.85 4.26
E 66 75 0.025956 0.008989 462.13 0.16
E 66 76 0.026572 0.005330 399.32 2.82
E 66 77 0.027153 0.006365 400.34 2.46
E 66 80 0.027206 0.006554 420.73 1.17
E 67 71 0.020990 0.003303 321.32 0.26
E 67 74 0.022464 0.004638 362.47 0.09
E 67 78 0.022180 0.004497 347.74 0.13
E 67 79 0.022377 0.004799 345.53 0.30
E 68 73 0.026839 0.004989 399.34 0.37
E 68 80 0.024875 0.004832 386.04 2.59
E 69 70 0.017676 0.001927 288.32 0.02
E 69 71 0.017815 0.000339 461.90 0.14
E 69 75 0.024405 0.004709 380.16 0.08
E 69 76 0.023891 0.004421 364.15 1.72
E 70 75 0.025957 0.008989 350.61 0.04
E 70 76 0.027042 0.004952 431.51 5.67
E 71 74 0.021956 0.003421 350.97 0.02
E 71 75 0.024477 0.005248 366.15 0.08
E 72 78 0.020153 0.004485 275.18 3.84
E 72 79 0.015485 0.000208 245.54 1.74
E 73 75 0.026112 0.005139 380.55 0.81
E 73 76 0.027151 0.005258 411.67 0.33
E 73 77 0.026829 0.005095 410.68 0.37
E 73 80 0.026777 0.004952 416.52 0.44
E 74 75 0.024455 0.005548 359.99 0.64
E 74 78 0.022516 0.004570 330.73 4.18
E 75 76 0.024211 0.004958 370.59 2.01
E 77 80 0.024273 0.003952 397.19 2.69
E 78 79 0.019668 0.003605 306.53 4.83
END

SECTION Terminals
Root 23
Terminals 18
T 47
T 61
T 31
T 63
T 6
T 1
T 37
T 14
T 50
T 53
T 33
T 28
T 9
T 16
T 30
T 41
T 64
T 24
END

EOF