SECTION Comment
CREATOR "Carlos Araujo"
REMARK "Instance for QoS Multicast Routing Problem"
QoS METRICS "delay, jitter, bandwidth and estimate of link duration"
END

SECTION Graph
Nodes 30
Edges 159

E 1 2 0.025868 0.005185 382.16 0.12
E 1 5 0.026374 0.005857 459.33 0.61
E 1 6 0.027864 0.006084 396.43 0.40
E 1 7 0.025894 0.005437 384.60 0.43
E 1 8 0.028328 0.006143 409.76 0.79
E 1 9 0.028211 0.005257 384.45 4.82
E 1 10 0.028025 0.005856 385.61 4.28
E 1 13 0.026374 0.005858 396.43 0.13
E 1 17 0.026008 0.007010 381.24 0.05
E 1 18 0.002289 0.000000 228.00 18.61
E 1 19 0.028453 0.004533 401.47 0.44
E 1 20 0.025696 0.005337 407.54 0.00
E 1 22 0.025427 0.005044 368.99 2.18
E 1 23 0.027427 0.003769 469.35 14.62
E 1 24 0.026058 0.005286 387.29 25.68
E 1 30 0.025696 0.005337 380.69 0.20
E 2 6 0.022312 0.001846 346.89 5.26
E 2 7 0.023490 0.002136 364.54 2.82
E 2 9 0.025617 0.005291 437.40 8.56
E 2 18 0.026668 0.006139 336.49 15.74
E 2 19 0.022348 0.001944 346.17 0.54
E 2 20 0.022331 0.001744 385.22 7.94
E 2 22 0.024920 0.003205 363.28 4.14
E 2 23 0.022358 0.001807 353.31 5.27
E 2 24 0.022343 0.002320 353.82 18.15
E 2 30 0.022331 0.001744 323.86 3.18
E 3 4 0.016509 0.002496 279.45 21.45
E 3 5 0.016860 0.001187 299.73 2.90
E 3 11 0.017745 0.005492 296.70 3.89
E 3 13 0.019279 0.004817 309.50 1.10
E 3 15 0.025214 0.004964 343.63 8.68
E 3 16 0.021241 0.001662 344.74 0.00
E 3 26 0.022185 0.003352 345.26 10.35
E 3 28 0.021838 0.002932 341.99 6.95
E 4 11 0.019349 0.006594 307.74 4.04
E 4 15 0.026296 0.005039 357.22 24.89
E 4 16 0.022129 0.002229 335.47 1.97
E 4 26 0.022419 0.003246 330.01 8.39
E 4 28 0.021209 0.000339 350.79 3.33
E 5 8 0.019628 0.002001 291.94 2.98
E 5 9 0.026232 0.005581 393.30 5.36
E 5 10 0.021490 0.004530 361.44 2.64
E 5 13 0.019338 0.004046 328.58 0.32
E 5 15 0.023469 0.002827 372.67 10.68
E 5 17 0.025052 0.008616 406.97 0.18
E 5 22 0.027778 0.005512 401.03 0.96
E 5 28 0.022323 0.003025 358.87 1.92
E 6 7 0.024256 0.001803 364.16 6.67
E 6 9 0.026145 0.005729 399.84 10.40
E 6 18 0.025108 0.002120 500.57 190.08
E 6 19 0.019784 0.000363 329.01 0.56
E 6 20 0.021397 0.000856 359.27 2.35
E 6 22 0.026959 0.004011 435.23 1.12
E 6 23 0.019765 0.000370 324.84 3.51
E 6 24 0.022255 0.002179 374.11 14.97
E 6 30 0.021033 0.000581 359.97 2.09
E 7 8 0.026161 0.003053 450.76 1.93
E 7 9 0.026159 0.005291 462.22 8.87
E 7 10 0.027314 0.006445 347.96 4.04
E 7 17 0.024829 0.007659 394.10 0.28
E 7 18 0.004833 0.000448 488.00 153.32
E 7 19 0.024512 0.001802 341.87 0.81
E 7 20 0.023486 0.002218 375.66 2.00
E 7 22 0.025002 0.003282 363.00 1.46
E 7 23 0.024665 0.001832 366.98 2.26
E 7 24 0.023313 0.002417 382.40 8.34
E 7 30 0.023489 0.002136 352.36 1.67
E 8 9 0.026835 0.006071 486.33 5.24
E 8 10 0.021557 0.004036 313.58 4.09
E 8 12 0.022509 0.002770 354.95 1.13
E 8 13 0.021320 0.002883 382.09 0.29
E 8 14 0.019330 0.005505 292.03 1.38
E 8 17 0.024924 0.007123 369.60 0.21
E 8 20 0.023159 0.001781 362.88 5.86
E 8 22 0.026762 0.004474 421.19 1.99
E 8 24 0.030975 0.008073 403.40 8.23
E 9 10 0.026836 0.006630 390.32 6.56
E 9 13 0.022549 0.004671 348.37 3.17
E 9 15 0.022807 0.004762 337.55 0.01
E 9 17 0.027311 0.004274 404.94 3.29
E 9 18 0.020376 0.003969 328.94 4.39
E 9 19 0.027030 0.002940 369.35 3.29
E 9 20 0.025616 0.005291 363.53 0.89
E 9 22 0.028758 0.005948 364.61 12.48
E 9 23 0.003873 0.000064 368.00 3.32
E 9 24 0.034094 0.010176 479.46 11.51
E 9 25 0.019594 0.003074 327.26 1.28
E 9 26 0.022015 0.005126 367.02 0.61
E 9 28 0.020371 0.003969 324.36 76.04
E 9 29 0.019596 0.003074 348.29 0.04
E 9 30 0.025616 0.005291 362.31 5.86
E 10 12 0.021431 0.003838 354.57 13.86
E 10 13 0.026672 0.006143 420.63 10.78
E 10 14 0.021584 0.008121 337.40 7.36
E 10 17 0.024819 0.006932 365.52 2.58
E 10 21 0.023244 0.001018 353.90 0.11
E 10 22 0.027132 0.006373 387.60 0.15
E 10 24 0.028082 0.007590 449.77 0.04
E 10 30 0.022905 0.002487 435.52 8.92
E 11 15 0.025352 0.010459 395.50 42.39
E 11 16 0.021942 0.009215 390.43 103.56
E 11 26 0.022812 0.006046 367.41 12.53
E 11 28 0.022657 0.003546 341.23 1.55
E 12 14 0.021015 0.005653 352.38 0.10
E 12 17 0.026069 0.005469 401.13 0.25
E 12 21 0.015918 0.001812 257.48 23.85
E 13 15 0.022838 0.004146 388.37 12.65
E 13 22 0.028669 0.006935 403.03 14.77
E 13 26 0.022430 0.006954 380.37 14.29
E 13 28 0.020791 0.004458 324.66 3.54
E 14 17 0.025744 0.006219 406.32 0.10
E 14 21 0.021019 0.005653 342.10 1.45
E 15 16 0.024717 0.004216 399.36 0.10
E 15 18 0.022867 0.004785 324.66 0.09
E 15 22 0.023414 0.005292 346.18 12.47
E 15 25 0.023062 0.004431 349.05 10.27
E 15 26 0.023608 0.005843 389.12 11.82
E 15 28 0.023577 0.004639 377.32 161.99
E 15 29 0.024035 0.004274 402.31 189.83
E 16 18 0.020327 0.002205 338.84 0.57
E 16 25 0.018823 0.001625 308.98 34.35
E 16 26 0.022853 0.005267 381.79 3.42
E 16 27 0.018195 0.001272 317.66 4.32
E 16 28 0.020799 0.002856 346.81 69.97
E 16 29 0.017531 0.000736 276.56 5.26
E 17 21 0.022480 0.001272 368.14 27.50
E 17 22 0.025157 0.007979 365.24 2.12
E 17 24 0.026948 0.005573 420.21 6.67
E 18 19 0.025108 0.002120 395.13 1.83
E 18 22 0.032174 0.008763 539.21 2.33
E 18 23 0.023752 0.003222 309.64 0.38
E 18 25 0.019336 0.002888 314.85 13.14
E 18 26 0.022916 0.006132 341.15 1.57
E 18 29 0.019293 0.002679 320.44 2.47
E 18 30 0.025108 0.002120 458.39 161.02
E 19 20 0.021395 0.000877 323.70 9.12
E 19 22 0.029424 0.006445 424.73 0.12
E 19 23 0.018754 0.000289 281.27 0.56
E 19 24 0.022161 0.001943 369.50 1.23
E 19 30 0.021035 0.000504 350.74 0.82
E 20 22 0.024919 0.003205 372.96 10.63
E 20 30 0.021366 0.000779 347.08 4.38
E 22 23 0.027822 0.002544 369.25 0.09
E 22 24 0.023736 0.002097 382.16 0.17
E 22 28 0.035342 0.008706 555.14 0.06
E 22 30 0.024919 0.003205 358.25 5.76
E 23 24 0.022182 0.001879 377.22 0.06
E 23 30 0.021015 0.000575 310.54 6.60
E 24 30 0.022392 0.002397 352.55 63.94
E 25 26 0.022749 0.005397 352.88 0.56
E 25 27 0.018991 0.001902 311.53 0.17
E 25 28 0.020689 0.002746 322.64 0.22
E 25 29 0.018878 0.001753 292.93 0.40
E 26 27 0.022790 0.005942 357.26 1.84
E 26 28 0.022804 0.005660 394.62 0.04
E 26 29 0.022853 0.005267 377.68 0.07
E 27 28 0.020224 0.002561 331.38 0.17
E 27 29 0.017622 0.001018 293.46 0.01
E 28 29 0.020799 0.002856 321.03 0.01
END

SECTION Terminals
Root 18
Terminals 6
T 16
T 17
T 6
T 15
T 10
T 22
END

EOF