SECTION Comment
CREATOR "Carlos Araujo"
REMARK "Instance for QoS Multicast Routing Problem"
QoS METRICS "delay, jitter, bandwidth and estimate of link duration"
END

SECTION Graph
Nodes 100
Edges 2528

E 1 3 0.030852 0.002959 451.40 1.29
E 1 5 0.035234 0.004627 457.35 4.02
E 1 6 0.033375 0.004134 454.05 1.09
E 1 7 0.029439 0.003698 463.52 1.45
E 1 8 0.034602 0.004041 462.50 4.93
E 1 9 0.029531 0.003477 453.55 1.21
E 1 11 0.028526 0.004162 410.68 3.75
E 1 12 0.035305 0.005586 473.67 0.98
E 1 13 0.031721 0.004053 426.09 1.56
E 1 14 0.037286 0.004342 526.20 4.43
E 1 16 0.036132 0.007001 458.98 1.81
E 1 17 0.032723 0.003235 447.38 1.30
E 1 18 0.032804 0.003543 430.55 1.22
E 1 19 0.028251 0.003616 414.01 1.85
E 1 20 0.028515 0.003406 424.73 1.89
E 1 21 0.028626 0.003369 413.70 4.03
E 1 22 0.034185 0.003980 490.73 0.45
E 1 23 0.033001 0.003901 486.36 0.87
E 1 24 0.034937 0.004627 452.44 1.42
E 1 25 0.028626 0.003369 410.72 1.69
E 1 26 0.034704 0.003877 467.63 0.94
E 1 27 0.037285 0.004342 497.73 3.20
E 1 29 0.036895 0.006972 453.83 0.87
E 1 30 0.035745 0.005042 480.68 2.67
E 1 31 0.036131 0.004900 476.03 1.13
E 1 33 0.034528 0.004667 481.34 1.93
E 1 34 0.028514 0.003406 442.87 2.00
E 1 35 0.035467 0.004690 504.71 115.28
E 1 36 0.028972 0.003220 410.55 1.80
E 1 37 0.036895 0.005020 511.35 1.49
E 1 38 0.036106 0.004264 522.26 2.33
E 1 39 0.035212 0.004777 515.74 0.20
E 1 40 0.033654 0.003210 454.33 0.99
E 1 41 0.030632 0.003253 455.89 3.32
E 1 42 0.028808 0.003452 408.52 1.51
E 1 43 0.034146 0.005176 461.04 1.59
E 1 44 0.039057 0.007377 522.02 26.50
E 1 46 0.028586 0.003323 434.89 3.25
E 1 47 0.030328 0.004397 418.42 2.85
E 1 48 0.040201 0.002714 539.60 2.68
E 1 49 0.028627 0.003731 429.28 3.17
E 1 50 0.036895 0.004324 500.32 0.82
E 1 51 0.031108 0.003025 439.11 1.10
E 1 52 0.028640 0.003304 431.04 1.07
E 1 53 0.034071 0.004276 475.91 0.09
E 1 54 0.034033 0.003611 483.33 0.98
E 1 55 0.027270 0.003166 407.51 2.01
E 1 56 0.034072 0.004276 515.75 1.88
E 1 57 0.036878 0.003595 445.45 1.28
E 1 59 0.032658 0.005708 467.11 1.34
E 1 61 0.029686 0.003079 442.05 1.36
E 1 63 0.033636 0.003142 478.93 1.32
E 1 64 0.036895 0.004817 511.91 1.48
E 1 65 0.043061 0.010660 562.62 0.60
E 1 66 0.031488 0.003199 462.21 1.32
E 1 67 0.032726 0.005307 444.62 0.25
E 1 68 0.034159 0.003841 473.33 1.05
E 1 69 0.036878 0.003595 530.41 0.73
E 1 70 0.041221 0.006173 581.25 3.61
E 1 71 0.032542 0.006204 482.62 1.82
E 1 72 0.028514 0.003406 415.31 6.49
E 1 73 0.026477 0.003990 395.43 0.75
E 1 74 0.032746 0.003167 457.11 1.23
E 1 77 0.036118 0.004838 469.37 2.09
E 1 79 0.034761 0.004449 485.28 7.21
E 1 81 0.037609 0.005145 479.09 0.64
E 1 84 0.033971 0.005766 446.68 1.42
E 1 85 0.028186 0.003282 409.99 60.97
E 1 86 0.028808 0.003986 417.83 1.86
E 1 87 0.036877 0.004240 541.09 3.29
E 1 88 0.037205 0.003900 523.41 2.13
E 1 89 0.028507 0.003120 443.64 1.72
E 1 90 0.030425 0.006692 449.41 0.48
E 1 91 0.035877 0.005201 507.24 0.46
E 1 92 0.034669 0.003611 492.80 0.89
E 1 94 0.028400 0.004017 435.52 15.17
E 1 95 0.028526 0.003340 438.40 0.00
E 2 6 0.034377 0.005507 476.98 1527.62
E 2 10 0.027799 0.002539 406.52 85.90
E 2 11 0.032854 0.006633 438.02 2.12
E 2 12 0.031321 0.005857 476.16 3.40
E 2 13 0.031078 0.005022 427.97 0.97
E 2 14 0.026375 0.003333 393.63 1.67
E 2 15 0.024868 0.004377 368.69 9.23
E 2 16 0.020328 0.002123 327.00 1593.76
E 2 17 0.028131 0.002940 385.41 1727.93
E 2 23 0.032857 0.004417 490.26 22.78
E 2 25 0.038337 0.001272 455.38 0.31
E 2 27 0.025075 0.002584 379.18 0.02
E 2 29 0.031092 0.003088 454.59 911.17
E 2 30 0.022294 0.002578 333.13 1.66
E 2 31 0.022681 0.002012 346.52 1553.34
E 2 32 0.027071 0.003842 407.99 1128.59
E 2 37 0.031172 0.004681 453.38 977.94
E 2 40 0.033890 0.003210 470.09 1491.17
E 2 41 0.029307 0.003914 431.60 1134.04
E 2 44 0.027969 0.003926 448.58 7.02
E 2 48 0.022631 0.003585 372.20 0.08
E 2 50 0.022626 0.002097 358.35 460.49
E 2 52 0.027597 0.001413 407.10 1523.89
E 2 57 0.022597 0.002078 388.60 0.29
E 2 58 0.022531 0.004556 360.66 1139.95
E 2 60 0.022495 0.001942 338.37 1150.72
E 2 62 0.022354 0.001664 372.53 6.40
E 2 63 0.033257 0.003046 462.80 1317.53
E 2 64 0.025795 0.004098 409.23 1279.05
E 2 65 0.030468 0.006589 415.97 555.53
E 2 68 0.031169 0.003606 435.34 1520.82
E 2 69 0.023094 0.002555 348.82 1036.00
E 2 70 0.026650 0.002408 417.78 0.30
E 2 71 0.037761 0.004274 563.98 1588.06
E 2 72 0.005906 0.000192 564.00 72.04
E 2 76 0.022517 0.001692 353.10 0.67
E 2 77 0.031705 0.003068 428.61 0.42
E 2 78 0.021361 0.004163 359.85 40.55
E 2 80 0.025730 0.017525 600.69 0.34
E 2 81 0.035218 0.005211 478.73 1055.87
E 2 82 0.022511 0.003829 353.93 0.04
E 2 83 0.022566 0.001905 331.27 0.56
E 2 87 0.025692 0.003366 384.92 2.68
E 2 88 0.031623 0.006639 427.33 21.96
E 2 90 0.029349 0.002600 432.70 102.10
E 2 91 0.030186 0.005799 443.13 0.13
E 3 4 0.032991 0.002186 469.20 14.36
E 3 5 0.034423 0.003198 474.49 63.14
E 3 7 0.032067 0.003955 423.83 0.98
E 3 8 0.033963 0.003154 500.20 1.42
E 3 9 0.033755 0.003053 456.06 0.37
E 3 11 0.029655 0.002946 426.94 179.47
E 3 12 0.036078 0.005400 517.23 3.14
E 3 13 0.033081 0.000000 501.05 7.78
E 3 18 0.033755 0.003053 452.80 0.18
E 3 21 0.029236 0.002927 475.94 6.58
E 3 22 0.033766 0.002798 485.92 0.03
E 3 23 0.039015 0.006506 642.15 0.18
E 3 24 0.033757 0.003053 464.74 1.16
E 3 25 0.029655 0.002929 449.44 62.70
E 3 26 0.035009 0.002949 501.73 2.02
E 3 29 0.037693 0.006590 476.72 0.00
E 3 30 0.035083 0.003133 488.65 1.57
E 3 33 0.033767 0.004247 466.42 0.25
E 3 35 0.034024 0.002960 490.95 2.67
E 3 36 0.031640 0.002580 455.54 19.93
E 3 38 0.035227 0.004248 465.08 9.21
E 3 39 0.033757 0.003116 495.85 1.54
E 3 42 0.030042 0.003867 467.99 0.18
E 3 43 0.033756 0.005088 465.97 4.28
E 3 53 0.033756 0.003336 485.43 0.11
E 3 56 0.034024 0.002960 463.90 8.20
E 3 67 0.033754 0.006753 464.40 2.06
E 3 72 0.029656 0.002999 417.34 66.64
E 3 73 0.024472 0.006841 362.04 3.55
E 3 74 0.034782 0.003515 464.57 0.61
E 3 77 0.039038 0.006433 537.51 1.90
E 3 79 0.034464 0.004718 510.79 91.42
E 3 84 0.034024 0.005506 505.47 5.63
E 3 85 0.028330 0.003783 408.55 20.51
E 3 86 0.029853 0.004462 449.76 2.54
E 3 88 0.037965 0.005851 520.19 2.62
E 3 90 0.031792 0.007638 461.22 0.08
E 3 92 0.034668 0.002932 525.21 3.22
E 3 94 0.029621 0.005537 423.79 2.23
E 4 5 0.031528 0.003804 445.77 2.83
E 4 6 0.033215 0.003894 465.15 0.67
E 4 7 0.034066 0.004687 477.83 66.55
E 4 8 0.031593 0.003792 476.73 8.05
E 4 9 0.028898 0.003181 405.56 7.80
E 4 11 0.028964 0.005382 403.24 46.59
E 4 13 0.032262 0.004216 468.01 246.90
E 4 17 0.031125 0.002509 444.82 24.17
E 4 22 0.027402 0.001399 402.20 25.52
E 4 23 0.030343 0.002162 463.10 0.84
E 4 24 0.026415 0.001223 396.44 6.89
E 4 26 0.029492 0.002021 450.55 0.22
E 4 30 0.027669 0.001274 394.42 1.25
E 4 31 0.029145 0.001018 458.84 2.46
E 4 33 0.028156 0.002300 417.72 34.11
E 4 35 0.026371 0.001246 420.31 0.13
E 4 36 0.026456 0.001042 385.44 0.20
E 4 38 0.026390 0.001216 391.25 11.89
E 4 39 0.026405 0.003361 400.70 2.36
E 4 42 0.027672 0.001675 459.29 178.31
E 4 43 0.030873 0.006181 453.79 46.19
E 4 46 0.026217 0.001560 419.54 37.57
E 4 49 0.026158 0.003521 396.59 37.40
E 4 51 0.030192 0.003194 425.71 2.45
E 4 52 0.027005 0.002282 391.90 0.56
E 4 56 0.026436 0.001922 394.15 4.72
E 4 59 0.032793 0.005851 457.87 24.61
E 4 61 0.029087 0.001965 425.35 24.76
E 4 66 0.031887 0.002904 475.24 24.42
E 4 67 0.032141 0.004805 452.47 8.56
E 4 68 0.031931 0.003103 454.40 0.43
E 4 74 0.031081 0.001674 454.16 16.86
E 4 75 0.025384 0.001083 383.37 0.34
E 4 77 0.033278 0.003474 450.87 0.57
E 4 79 0.030847 0.004114 432.13 0.71
E 4 84 0.026431 0.002957 404.69 42.22
E 4 88 0.030197 0.006004 421.64 0.00
E 4 89 0.026403 0.002537 406.32 33.50
E 5 6 0.032618 0.003192 456.53 31.02
E 5 7 0.035155 0.003950 490.24 1.92
E 5 8 0.029723 0.002925 431.58 3.18
E 5 9 0.032844 0.003932 451.66 46.65
E 5 10 0.028629 0.002555 432.29 0.95
E 5 11 0.034606 0.003024 512.22 0.40
E 5 12 0.032475 0.005238 450.15 1.12
E 5 13 0.034570 0.005414 491.38 1.49
E 5 14 0.028453 0.002849 424.42 2.56
E 5 16 0.034606 0.007873 455.92 20.68
E 5 17 0.030821 0.002843 449.90 72.19
E 5 18 0.032096 0.003789 449.85 2.89
E 5 19 0.034606 0.004664 505.75 22.16
E 5 20 0.035182 0.002476 447.46 21.23
E 5 21 0.035181 0.002476 471.10 0.78
E 5 22 0.032097 0.003812 476.78 35.54
E 5 23 0.032881 0.003840 457.20 19.19
E 5 24 0.033292 0.003467 459.73 1.91
E 5 25 0.034605 0.003765 483.83 0.30
E 5 26 0.032289 0.003216 441.38 1.32
E 5 27 0.032876 0.003763 429.50 0.10
E 5 29 0.032009 0.003818 438.35 18.34
E 5 30 0.029132 0.002825 428.23 8.01
E 5 31 0.029102 0.002908 417.59 30.67
E 5 33 0.031769 0.003648 478.00 12.16
E 5 34 0.035183 0.004232 478.60 19.94
E 5 35 0.032948 0.002922 472.78 0.76
E 5 36 0.033143 0.003353 477.73 0.11
E 5 37 0.029739 0.003919 435.47 11.03
E 5 38 0.034750 0.003126 448.98 21.46
E 5 39 0.034570 0.003098 440.44 1.90
E 5 40 0.032911 0.002648 463.52 34.21
E 5 42 0.034330 0.004928 465.99 19.30
E 5 43 0.032079 0.006282 494.37 3.36
E 5 44 0.027954 0.003632 424.94 6.89
E 5 46 0.033433 0.003068 490.82 88.27
E 5 47 0.034896 0.003271 458.90 91.25
E 5 49 0.034133 0.003222 469.64 87.49
E 5 50 0.023011 0.000812 361.33 10.55
E 5 51 0.032016 0.003738 460.57 31.93
E 5 52 0.034654 0.002730 471.00 31.95
E 5 53 0.032096 0.003789 462.24 3.22
E 5 54 0.031481 0.003344 448.82 35.48
E 5 55 0.035183 0.002476 570.30 18.75
E 5 56 0.032918 0.003935 489.93 0.10
E 5 57 0.027797 0.002544 407.33 0.23
E 5 59 0.032262 0.004070 477.84 74.87
E 5 61 0.031942 0.003641 458.59 76.22
E 5 63 0.032847 0.003346 465.46 15.65
E 5 64 0.026509 0.003142 371.21 11.18
E 5 65 0.027918 0.005766 434.37 0.00
E 5 66 0.032354 0.003633 466.42 73.53
E 5 67 0.033274 0.005900 466.15 7.78
E 5 68 0.034304 0.004595 473.88 32.74
E 5 69 0.027389 0.002522 436.76 8.67
E 5 70 0.028279 0.002682 418.01 1.85
E 5 71 0.034606 0.003418 482.71 20.23
E 5 72 0.035182 0.005215 474.23 7.02
E 5 73 0.033700 0.003935 381.94 0.22
E 5 74 0.033887 0.003576 478.73 4.92
E 5 77 0.035536 0.004223 486.40 0.27
E 5 79 0.032138 0.003941 455.70 2.76
E 5 81 0.035283 0.005436 478.77 31.17
E 5 82 0.023011 0.000994 383.27 1.28
E 5 84 0.032581 0.005529 472.39 0.35
E 5 86 0.034499 0.003583 469.53 0.73
E 5 87 0.027867 0.003198 423.91 1.83
E 5 88 0.031402 0.005846 429.03 2.34
E 5 89 0.034350 0.004669 506.75 69.35
E 5 90 0.034605 0.008044 498.18 22.56
E 5 91 0.031109 0.005512 459.46 0.00
E 6 7 0.034049 0.004070 514.58 0.84
E 6 8 0.032660 0.003201 463.49 1.89
E 6 9 0.033039 0.003923 443.41 0.34
E 6 10 0.032590 0.003073 445.10 8.10
E 6 11 0.034216 0.005718 460.44 31.39
E 6 12 0.032759 0.005232 475.05 2.43
E 6 13 0.032732 0.005056 436.55 7.22
E 6 14 0.031839 0.003079 448.71 392.98
E 6 15 0.033102 0.003053 466.86 5.04
E 6 18 0.032534 0.003347 467.12 0.17
E 6 21 0.034011 0.004327 471.04 9.06
E 6 22 0.032914 0.003919 456.50 0.05
E 6 23 0.032885 0.003703 461.27 0.25
E 6 24 0.031494 0.001590 454.28 0.83
E 6 25 0.033794 0.004042 458.90 56.02
E 6 26 0.032595 0.003529 456.67 2.12
E 6 27 0.032464 0.004216 433.56 122.69
E 6 29 0.033035 0.003491 447.83 0.00
E 6 30 0.032344 0.002544 498.75 1.52
E 6 33 0.032478 0.003380 453.89 0.19
E 6 35 0.031424 0.003957 418.44 2.35
E 6 36 0.032522 0.003495 461.62 17.63
E 6 38 0.031494 0.002098 419.25 7.19
E 6 39 0.031495 0.002405 484.95 1.14
E 6 42 0.034036 0.004667 465.62 0.28
E 6 43 0.032399 0.005869 481.79 4.16
E 6 44 0.032606 0.004131 458.97 50.54
E 6 48 0.031298 0.004383 462.77 107.25
E 6 50 0.031413 0.001573 506.57 0.02
E 6 53 0.032534 0.003347 459.09 0.10
E 6 56 0.032341 0.002394 474.24 7.86
E 6 57 0.031687 0.002296 435.46 35.39
E 6 65 0.032703 0.006537 459.48 0.23
E 6 67 0.033281 0.004583 488.11 9.21
E 6 69 0.031807 0.002469 445.55 45.12
E 6 70 0.032723 0.003241 447.98 418.34
E 6 72 0.034094 0.004061 483.69 133.28
E 6 73 0.038169 0.005088 698.31 28.34
E 6 74 0.033019 0.003468 467.32 0.50
E 6 77 0.035906 0.004379 478.11 1.50
E 6 79 0.032641 0.004326 483.75 49.25
E 6 84 0.032320 0.005197 456.46 5.75
E 6 85 0.034535 0.005063 525.66 22.92
E 6 86 0.034183 0.004912 490.16 3.05
E 6 87 0.032703 0.003569 456.89 2.04
E 6 88 0.032545 0.006256 472.56 2.00
E 6 90 0.033229 0.006608 482.24 0.05
E 6 92 0.033849 0.003479 476.90 2.01
E 6 94 0.034534 0.005063 507.34 2.48
E 7 8 0.035081 0.004487 522.11 0.91
E 7 9 0.033397 0.004836 448.76 0.20
E 7 11 0.028108 0.004229 415.07 22.90
E 7 12 0.035366 0.005734 484.73 2.60
E 7 13 0.033796 0.004887 467.98 2.67
E 7 14 0.037925 0.005815 531.84 3.36
E 7 16 0.036420 0.007001 480.70 1.44
E 7 17 0.032724 0.004155 446.16 0.99
E 7 18 0.034649 0.004794 472.30 0.52
E 7 19 0.026886 0.004359 375.22 1.47
E 7 20 0.027295 0.004162 412.64 1.50
E 7 21 0.028257 0.003952 406.70 2.04
E 7 22 0.034984 0.004877 484.45 0.63
E 7 23 0.037447 0.006013 512.81 0.69
E 7 24 0.034910 0.004737 500.11 0.11
E 7 25 0.027863 0.004025 406.17 2.79
E 7 26 0.035700 0.004710 508.01 0.83
E 7 27 0.037925 0.005814 511.02 1.89
E 7 29 0.037446 0.006972 496.39 1.47
E 7 30 0.035753 0.004535 499.39 1.33
E 7 31 0.036734 0.004240 463.47 0.87
E 7 33 0.034984 0.004877 484.56 0.08
E 7 34 0.027476 0.004229 425.04 1.59
E 7 35 0.034985 0.004877 483.18 0.51
E 7 36 0.031170 0.004205 445.50 16.35
E 7 37 0.039660 0.005223 550.75 0.85
E 7 38 0.035113 0.003521 514.86 0.83
E 7 39 0.034985 0.004877 477.91 0.88
E 7 40 0.037758 0.003720 487.23 0.75
E 7 41 0.032362 0.003706 446.07 3.06
E 7 42 0.028318 0.003805 425.39 0.88
E 7 43 0.035173 0.004997 477.75 11.44
E 7 44 0.039659 0.007377 571.72 5.39
E 7 46 0.031108 0.004309 461.63 2.62
E 7 47 0.025976 0.003400 389.22 2.21
E 7 48 0.037829 0.004070 590.82 1.86
E 7 49 0.030094 0.004058 435.13 2.55
E 7 50 0.039660 0.005223 589.19 1.09
E 7 51 0.031796 0.004159 470.48 0.85
E 7 52 0.027940 0.003934 407.83 0.82
E 7 53 0.034984 0.004877 498.51 0.66
E 7 54 0.034882 0.004288 487.96 0.73
E 7 55 0.025809 0.003796 362.24 1.60
E 7 56 0.034985 0.004877 485.73 1.13
E 7 57 0.039660 0.005223 560.57 6.41
E 7 59 0.032301 0.004281 482.47 1.03
E 7 61 0.031511 0.004236 470.93 1.05
E 7 63 0.036308 0.005221 504.33 1.06
E 7 64 0.039660 0.005223 588.32 1.22
E 7 65 0.043061 0.010660 535.87 0.13
E 7 66 0.032507 0.003976 461.03 1.01
E 7 67 0.034849 0.006725 446.84 7.29
E 7 68 0.035569 0.004095 476.79 0.80
E 7 69 0.039660 0.005223 522.66 1.33
E 7 70 0.041221 0.006173 555.42 2.72
E 7 71 0.032543 0.006204 474.42 1.44
E 7 72 0.027629 0.004162 414.92 8.00
E 7 73 0.024543 0.003679 363.94 22.49
E 7 74 0.033951 0.004234 461.35 0.68
E 7 77 0.037851 0.005593 527.36 0.28
E 7 79 0.035489 0.004410 497.33 2.21
E 7 81 0.037609 0.005145 526.53 0.75
E 7 84 0.035041 0.006238 500.04 19.85
E 7 85 0.026889 0.004143 402.45 5.62
E 7 86 0.027848 0.004091 428.90 3.54
E 7 87 0.039660 0.005223 595.41 1.60
E 7 88 0.037924 0.005814 491.54 1.38
E 7 89 0.030323 0.003801 453.14 3.54
E 7 90 0.030426 0.006691 435.22 1.04
E 7 91 0.036228 0.005201 519.04 0.00
E 7 92 0.034729 0.004553 449.61 0.13
E 7 94 0.027329 0.004260 406.55 2.20
E 8 9 0.032461 0.002455 481.51 0.63
E 8 10 0.028480 0.003782 427.54 4.99
E 8 11 0.032377 0.003041 476.66 0.21
E 8 12 0.032552 0.005392 452.71 0.13
E 8 13 0.037965 0.006684 471.17 1.71
E 8 14 0.028811 0.003690 428.85 2.67
E 8 15 0.011459 0.001024 1200.00 0.04
E 8 16 0.033183 0.007259 465.45 1.18
E 8 17 0.030950 0.003215 459.99 1.64
E 8 18 0.031617 0.003553 464.07 0.59
E 8 19 0.033183 0.003598 438.63 1.17
E 8 20 0.033203 0.002421 477.90 1.17
E 8 21 0.033203 0.002421 460.98 0.36
E 8 22 0.031619 0.003594 449.73 1.54
E 8 23 0.032427 0.003857 457.61 1.15
E 8 24 0.032399 0.002276 431.51 0.94
E 8 25 0.032740 0.004111 468.52 1.92
E 8 26 0.031072 0.003210 434.90 1.72
E 8 27 0.034129 0.004286 470.88 41.00
E 8 29 0.031416 0.003688 436.55 0.80
E 8 30 0.029635 0.003099 447.28 0.61
E 8 31 0.029394 0.003201 438.00 1.88
E 8 32 0.028145 0.005062 447.22 3.14
E 8 33 0.030886 0.003330 448.27 0.47
E 8 34 0.034653 0.003022 526.23 1.19
E 8 35 0.032712 0.002487 475.37 1.77
E 8 36 0.032750 0.002231 467.09 0.68
E 8 37 0.029463 0.003868 424.80 2.27
E 8 38 0.032162 0.001431 496.57 12.37
E 8 39 0.032954 0.003927 416.50 3.67
E 8 40 0.032656 0.003304 459.41 1.88
E 8 41 0.032728 0.005766 477.50 5.70
E 8 42 0.032854 0.004565 486.90 0.81
E 8 43 0.030956 0.005893 460.40 1.92
E 8 44 0.028255 0.003757 438.61 2.18
E 8 46 0.032523 0.001933 467.60 1.85
E 8 47 0.032481 0.001066 451.66 1.16
E 8 49 0.032871 0.003256 452.22 1.84
E 8 50 0.024573 0.001018 389.17 1.14
E 8 51 0.031461 0.003618 451.03 1.87
E 8 52 0.033343 0.002518 455.89 1.88
E 8 53 0.031619 0.003475 425.91 1.02
E 8 54 0.029808 0.003185 447.48 1.24
E 8 55 0.033165 0.000751 434.94 1.20
E 8 56 0.032160 0.003931 506.45 505.00
E 8 57 0.027686 0.003468 399.80 0.63
E 8 59 0.032575 0.004834 485.27 1.67
E 8 61 0.031392 0.003392 452.05 1.69
E 8 63 0.032512 0.003811 459.09 1.20
E 8 64 0.027667 0.003613 395.60 1.33
E 8 65 0.028423 0.005495 418.10 0.07
E 8 66 0.032535 0.003721 444.08 1.65
E 8 67 0.033501 0.006190 468.53 4.86
E 8 68 0.034313 0.004323 494.45 1.87
E 8 69 0.027686 0.003468 403.71 2.17
E 8 70 0.028423 0.003872 381.35 26.60
E 8 71 0.033659 0.006299 519.04 1.18
E 8 72 0.033161 0.004505 463.56 1.78
E 8 73 0.030762 0.003935 445.01 0.99
E 8 74 0.033683 0.003808 480.75 1.64
E 8 75 0.002498 0.000032 196.00 0.14
E 8 77 0.035575 0.004287 500.28 2.41
E 8 79 0.031850 0.004015 474.05 138.80
E 8 81 0.035159 0.005330 472.44 1.88
E 8 82 0.024572 0.001070 364.26 6.69
E 8 84 0.032428 0.004611 440.23 0.29
E 8 86 0.032703 0.003986 463.19 0.10
E 8 87 0.028313 0.003829 408.52 0.14
E 8 88 0.031069 0.005701 445.78 44.76
E 8 89 0.033104 0.004823 468.84 1.13
E 8 90 0.032806 0.006580 512.63 0.51
E 8 91 0.031236 0.005941 425.51 1.56
E 8 92 0.034103 0.004414 469.60 216.16
E 8 93 0.023297 0.003901 357.64 167.29
E 8 95 0.032805 0.003531 435.61 22.27
E 9 10 0.027664 0.002447 429.01 5.17
E 9 11 0.030026 0.006373 443.61 1.44
E 9 12 0.034861 0.005359 470.45 1.50
E 9 13 0.031879 0.005267 481.13 3.09
E 9 17 0.031092 0.002602 472.84 0.35
E 9 18 0.028994 0.003002 421.75 0.51
E 9 20 0.027129 0.007395 459.48 0.60
E 9 21 0.028954 0.001838 403.85 1.58
E 9 22 0.028960 0.003042 425.35 0.33
E 9 23 0.029912 0.002219 431.81 0.09
E 9 24 0.028494 0.002583 421.09 0.10
E 9 25 0.035527 0.002186 492.17 10.53
E 9 26 0.030895 0.003211 432.42 0.24
E 9 27 0.033193 0.002137 606.79 39.63
E 9 29 0.030607 0.002100 482.97 0.46
E 9 30 0.034069 0.002861 460.58 0.32
E 9 31 0.030943 0.002801 441.41 0.34
E 9 33 0.029561 0.003681 437.52 0.20
E 9 34 0.028509 0.002312 436.07 0.68
E 9 35 0.028449 0.002640 427.88 0.31
E 9 36 0.029050 0.002966 411.92 32.21
E 9 37 0.037353 0.007802 591.38 0.39
E 9 38 0.028873 0.003048 405.81 0.95
E 9 39 0.028505 0.003091 438.05 0.53
E 9 40 0.032269 0.002081 454.48 0.35
E 9 41 0.030827 0.003477 451.03 0.84
E 9 42 0.029573 0.002600 446.54 0.57
E 9 43 0.031151 0.006036 459.64 2.54
E 9 44 0.032968 0.006784 394.03 2.86
E 9 46 0.029056 0.003183 418.23 0.38
E 9 48 0.030704 0.003460 441.21 6.78
E 9 49 0.029075 0.003866 427.37 0.38
E 9 50 0.034301 0.002374 449.88 0.35
E 9 51 0.030688 0.003160 444.80 0.34
E 9 52 0.028945 0.002171 453.09 0.34
E 9 53 0.029011 0.003019 436.99 0.30
E 9 54 0.029737 0.003100 424.21 0.35
E 9 56 0.028909 0.003056 423.77 6.98
E 9 57 0.029244 0.001800 463.00 16.00
E 9 59 0.032421 0.005711 452.16 0.35
E 9 61 0.029155 0.003116 453.07 0.35
E 9 63 0.033098 0.004044 490.99 0.38
E 9 64 0.036246 0.002374 484.95 0.38
E 9 65 0.044866 0.010261 633.52 1.10
E 9 66 0.031399 0.003196 439.69 0.35
E 9 67 0.032230 0.004855 464.18 1.59
E 9 68 0.034262 0.004220 477.33 0.34
E 9 69 0.029625 0.002186 441.23 0.38
E 9 71 0.033185 0.008506 477.56 0.57
E 9 72 0.028546 0.002397 398.06 1.71
E 9 74 0.031958 0.003174 458.29 0.24
E 9 75 0.028455 0.002782 411.07 3.41
E 9 77 0.035418 0.003844 473.54 0.43
E 9 79 0.032399 0.004600 455.07 1.82
E 9 81 0.034720 0.004320 486.91 0.36
E 9 84 0.028802 0.003413 420.72 15.13
E 9 86 0.029594 0.003156 447.26 3.93
E 9 87 0.030366 0.003765 439.02 2.53
E 9 88 0.030945 0.005856 483.36 2.87
E 9 89 0.028892 0.003091 421.09 0.86
E 9 90 0.028508 0.004981 430.95 1.21
E 9 91 0.031742 0.006119 474.86 1.81
E 9 92 0.033888 0.003612 524.08 0.38
E 9 95 0.028508 0.002079 489.63 0.71
E 10 12 0.032605 0.006032 433.30 239.28
E 10 13 0.032004 0.004921 457.10 0.84
E 10 14 0.028365 0.002992 409.66 4.22
E 10 15 0.028270 0.003450 417.22 1.39
E 10 17 0.029529 0.001550 465.26 2.07
E 10 18 0.028083 0.001168 419.18 1.96
E 10 22 0.028083 0.001168 427.03 7.51
E 10 23 0.032906 0.003646 466.06 20.68
E 10 25 0.038338 0.001357 457.02 0.90
E 10 26 0.030487 0.002457 442.96 1.04
E 10 27 0.031067 0.003688 435.47 9.44
E 10 29 0.031340 0.002933 434.02 12.58
E 10 30 0.028427 0.002160 409.18 1.07
E 10 31 0.028610 0.003065 436.86 8.06
E 10 32 0.028050 0.004320 424.16 10.06
E 10 33 0.028083 0.002205 443.39 5.27
E 10 37 0.031233 0.004691 428.38 9.84
E 10 40 0.033075 0.002245 478.02 8.07
E 10 41 0.029999 0.002566 452.76 10.07
E 10 43 0.030207 0.006036 454.55 11.30
E 10 44 0.028501 0.003368 434.70 11.88
E 10 48 0.027839 0.004021 391.49 4.34
E 10 50 0.028271 0.003450 421.01 6.96
E 10 51 0.030853 0.003662 427.74 8.06
E 10 52 0.034418 0.004070 492.35 8.09
E 10 53 0.027996 0.001329 392.81 5.65
E 10 54 0.028492 0.002189 437.26 8.06
E 10 56 0.027847 0.001344 397.56 5.84
E 10 57 0.027967 0.002315 418.79 0.65
E 10 58 0.026972 0.004579 425.84 9.66
E 10 59 0.033358 0.007615 453.64 1.46
E 10 60 0.026972 0.003568 405.57 9.52
E 10 61 0.028752 0.001711 473.81 1.26
E 10 62 0.025554 0.005286 409.82 4.17
E 10 63 0.033504 0.003638 476.53 9.13
E 10 64 0.032143 0.006551 460.27 9.58
E 10 65 0.030385 0.006019 451.19 1.25
E 10 66 0.030722 0.002437 440.98 1.72
E 10 67 0.031470 0.003545 442.72 0.09
E 10 68 0.033980 0.003689 493.33 8.08
E 10 69 0.027975 0.002313 405.13 10.28
E 10 70 0.028530 0.002419 415.69 7.60
E 10 74 0.029693 0.001494 427.37 7.99
E 10 76 0.026602 0.006630 428.77 8.29
E 10 77 0.033847 0.003481 500.18 5.65
E 10 81 0.035010 0.005321 493.28 8.10
E 10 82 0.027830 0.005314 400.99 77.85
E 10 83 0.023526 0.001640 369.46 2.31
E 10 84 0.027849 0.001289 392.52 0.14
E 10 87 0.028341 0.003373 413.81 0.65
E 10 88 0.031818 0.006535 472.47 0.50
E 10 91 0.031160 0.005548 467.21 2.92
E 10 92 0.033630 0.004027 485.48 0.71
E 10 93 0.027952 0.006401 409.61 0.36
E 11 12 0.031635 0.006910 477.05 0.04
E 11 13 0.032312 0.005249 455.50 0.54
E 11 14 0.035204 0.005337 475.16 14.27
E 11 16 0.029762 0.005993 438.73 110.69
E 11 17 0.030985 0.004436 488.90 203.99
E 11 19 0.027937 0.004133 413.46 117.96
E 11 20 0.028069 0.004093 404.90 115.81
E 11 21 0.028006 0.003778 420.16 0.53
E 11 23 0.032641 0.004799 470.45 3.55
E 11 25 0.027905 0.003708 421.20 0.18
E 11 26 0.033031 0.004484 459.10 0.41
E 11 27 0.032784 0.004600 433.46 1.19
E 11 29 0.031773 0.004303 468.45 105.01
E 11 30 0.036267 0.003415 470.97 0.22
E 11 32 0.029888 0.006476 451.75 17.64
E 11 34 0.027974 0.003968 426.05 113.48
E 11 37 0.029958 0.004802 433.03 34.99
E 11 40 0.032657 0.004297 475.96 49.92
E 11 41 0.030192 0.005229 440.14 18.78
E 11 42 0.028129 0.004170 449.94 23.55
E 11 44 0.039057 0.007377 495.98 1.45
E 11 47 0.027167 0.002508 426.97 157.24
E 11 51 0.029514 0.005805 421.78 202.63
E 11 52 0.028289 0.004158 423.70 33.96
E 11 54 0.035793 0.002623 457.78 52.23
E 11 55 0.028085 0.004078 417.73 110.56
E 11 59 0.033050 0.007288 489.36 208.25
E 11 61 0.028991 0.005611 428.32 210.40
E 11 63 0.033073 0.004297 460.06 43.68
E 11 65 0.029726 0.006765 428.89 1.31
E 11 66 0.032023 0.004560 458.82 206.12
E 11 67 0.032401 0.004583 440.95 23.05
E 11 68 0.034031 0.004007 469.53 36.31
E 11 70 0.028791 0.005355 414.68 15.76
E 11 71 0.033027 0.006419 467.94 109.38
E 11 72 0.027936 0.003781 423.49 0.51
E 11 73 0.028034 0.004539 429.20 0.14
E 11 74 0.032125 0.004217 456.11 73.56
E 11 77 0.036477 0.005115 486.74 2.29
E 11 79 0.031784 0.004975 471.52 4.12
E 11 81 0.035370 0.005054 470.51 50.45
E 11 85 0.028055 0.003994 420.86 11.04
E 11 86 0.028049 0.004051 411.96 0.09
E 11 88 0.029983 0.006801 437.20 0.28
E 11 90 0.030633 0.006614 450.62 24.77
E 11 91 0.030403 0.006409 471.38 6.97
E 11 92 0.033695 0.004297 480.44 0.86
E 11 94 0.028043 0.003994 429.00 3.07
E 11 95 0.027970 0.003893 422.81 34.09
E 12 13 0.034939 0.005705 497.60 0.50
E 12 14 0.032726 0.005664 490.10 66.24
E 12 15 0.033221 0.006173 449.22 0.40
E 12 16 0.029689 0.002374 446.16 3.99
E 12 17 0.032826 0.005794 477.31 2.48
E 12 18 0.035178 0.005569 491.75 0.35
E 12 19 0.039609 0.005936 569.61 8.43
E 12 20 0.037377 0.003618 513.68 9.58
E 12 21 0.034911 0.003307 426.31 1.00
E 12 22 0.035178 0.005569 451.43 2.22
E 12 24 0.032286 0.004975 495.53 8.21
E 12 25 0.034161 0.007187 463.41 0.51
E 12 26 0.036018 0.004979 526.42 2.17
E 12 27 0.033131 0.005912 470.09 8.57
E 12 29 0.032091 0.005907 475.38 0.18
E 12 30 0.034789 0.005276 480.03 0.76
E 12 31 0.032389 0.005594 447.67 2.45
E 12 32 0.032782 0.006032 478.90 4.09
E 12 33 0.035178 0.005569 455.57 2.03
E 12 34 0.039610 0.005936 472.54 13.00
E 12 35 0.032287 0.004975 452.86 2.87
E 12 36 0.034289 0.005209 472.47 0.23
E 12 37 0.032707 0.005929 465.10 2.57
E 12 38 0.032286 0.004975 464.27 3.83
E 12 39 0.032874 0.005801 455.38 1.72
E 12 40 0.033344 0.005504 476.33 2.42
E 12 41 0.036439 0.005767 493.37 3.87
E 12 42 0.037377 0.003618 464.81 1.97
E 12 43 0.035369 0.005976 479.01 0.36
E 12 44 0.032623 0.005137 452.07 1.07
E 12 48 0.031614 0.006272 431.18 0.58
E 12 50 0.031542 0.005933 442.54 2.21
E 12 51 0.034763 0.005581 453.91 2.44
E 12 52 0.032613 0.005898 472.43 2.43
E 12 53 0.034861 0.005359 461.23 3.78
E 12 54 0.034984 0.005131 506.53 2.43
E 12 56 0.035398 0.006140 455.74 35.42
E 12 57 0.032221 0.005658 457.26 0.16
E 12 58 0.029594 0.005287 407.79 3.82
E 12 59 0.035179 0.005569 478.10 2.45
E 12 60 0.029595 0.005287 414.27 2.97
E 12 61 0.035369 0.005418 499.73 2.45
E 12 62 0.031261 0.006198 441.34 28.68
E 12 63 0.033256 0.005607 466.94 2.54
E 12 64 0.032777 0.005888 474.44 2.57
E 12 65 0.032812 0.006313 452.49 0.66
E 12 66 0.035492 0.005697 500.49 2.47
E 12 67 0.037553 0.006267 532.09 4.17
E 12 68 0.034570 0.005794 505.55 2.42
E 12 69 0.032221 0.005658 452.09 2.42
E 12 70 0.032752 0.005662 456.71 123.11
E 12 71 0.033012 0.006590 457.22 3.80
E 12 72 0.034055 0.006826 497.02 0.34
E 12 74 0.035298 0.006018 479.13 4.66
E 12 76 0.029595 0.005287 417.99 23.44
E 12 77 0.035416 0.005639 478.92 28.31
E 12 79 0.032650 0.005241 482.08 60.13
E 12 81 0.035398 0.005384 493.56 2.43
E 12 82 0.031323 0.005857 435.66 2.14
E 12 83 0.031298 0.005565 494.98 0.13
E 12 84 0.034511 0.007802 500.21 0.07
E 12 86 0.037377 0.003618 543.24 7.73
E 12 87 0.032384 0.005601 460.58 0.10
E 12 88 0.032480 0.006306 467.16 0.05
E 12 91 0.032462 0.005481 446.65 0.44
E 12 92 0.033696 0.005316 469.10 0.08
E 12 93 0.031207 0.005863 442.11 0.08
E 13 14 0.032728 0.005402 437.97 9.73
E 13 15 0.031186 0.004886 455.81 1.43
E 13 16 0.029199 0.005352 466.02 7.50
E 13 17 0.032426 0.004633 481.89 7.77
E 13 18 0.032264 0.004216 477.17 3.13
E 13 19 0.038236 0.005020 544.13 7.58
E 13 20 0.031327 0.004127 425.75 7.56
E 13 21 0.031436 0.004195 434.28 0.81
E 13 22 0.031840 0.003918 459.41 7.65
E 13 23 0.032571 0.005165 431.55 11.19
E 13 24 0.002769 0.000000 288.00 0.81
E 13 25 0.032141 0.004859 467.95 7.02
E 13 26 0.031837 0.004905 461.34 2.13
E 13 27 0.031809 0.004950 441.85 0.96
E 13 29 0.031913 0.005219 456.23 7.55
E 13 30 0.033313 0.005565 474.93 3.55
E 13 31 0.031722 0.005257 472.29 7.29
E 13 32 0.031979 0.005230 459.89 6.70
E 13 33 0.031956 0.003957 443.70 2.90
E 13 34 0.032102 0.004327 492.08 7.58
E 13 36 0.031341 0.005457 431.21 0.48
E 13 37 0.033303 0.005523 461.45 6.72
E 13 38 0.033418 0.002510 478.06 0.43
E 13 39 0.005794 0.000128 608.00 0.74
E 13 40 0.033575 0.004958 459.42 7.13
E 13 41 0.031640 0.005243 470.35 6.69
E 13 42 0.032100 0.004327 466.36 3.96
E 13 43 0.032264 0.006917 449.83 0.92
E 13 44 0.032813 0.005317 497.83 4.77
E 13 46 0.031497 0.005332 453.23 8.36
E 13 48 0.031238 0.005373 459.78 0.51
E 13 49 0.031115 0.005289 430.08 8.36
E 13 50 0.031058 0.004969 459.36 7.23
E 13 51 0.031869 0.005844 480.60 7.28
E 13 52 0.031744 0.005258 447.76 7.21
E 13 53 0.032079 0.004171 457.47 4.98
E 13 54 0.031644 0.005011 459.09 7.15
E 13 56 0.032241 0.004310 446.42 8.44
E 13 57 0.031514 0.005900 412.34 16.36
E 13 58 0.031030 0.005459 423.48 6.72
E 13 59 0.032773 0.006671 460.26 7.78
E 13 60 0.031041 0.005438 411.49 6.73
E 13 61 0.032360 0.005436 483.61 7.79
E 13 62 0.031179 0.005597 418.16 4.01
E 13 63 0.033703 0.004954 466.24 6.78
E 13 64 0.031668 0.006493 466.29 6.73
E 13 65 0.032743 0.007392 478.41 3.40
E 13 66 0.032271 0.005293 444.10 7.78
E 13 67 0.032112 0.005161 476.28 1.50
E 13 68 0.033887 0.005136 474.79 7.20
E 13 69 0.032111 0.007547 474.18 6.99
E 13 70 0.033133 0.005940 457.17 22.21
E 13 71 0.033166 0.006856 462.11 7.48
E 13 72 0.031722 0.004053 463.58 0.39
E 13 74 0.032072 0.005081 465.14 4.93
E 13 76 0.031179 0.005597 449.69 1.31
E 13 77 0.035852 0.005165 493.46 6.00
E 13 78 0.030318 0.004545 473.39 8.08
E 13 79 0.031833 0.005149 443.64 5.66
E 13 80 0.033419 0.017525 544.93 4.45
E 13 81 0.035167 0.005170 507.21 7.16
E 13 82 0.031078 0.005297 462.87 0.71
E 13 83 0.031043 0.005438 465.29 0.34
E 13 84 0.032241 0.004310 458.42 0.21
E 13 85 0.031372 0.004373 410.92 0.73
E 13 86 0.032100 0.004327 438.94 0.44
E 13 87 0.032876 0.005453 458.11 0.86
E 13 88 0.033812 0.006412 486.59 1.90
E 13 89 0.031115 0.005289 464.98 5.64
E 13 90 0.032312 0.006051 437.42 6.19
E 13 91 0.031930 0.006550 460.64 34.20
E 14 15 0.029584 0.004179 451.94 5.75
E 14 16 0.032626 0.006998 432.05 249.32
E 14 17 0.029000 0.001803 434.49 413.84
E 14 19 0.035210 0.005306 521.83 262.61
E 14 20 0.035661 0.005662 487.38 258.75
E 14 21 0.035758 0.005597 513.62 7.45
E 14 22 0.041900 0.005003 474.05 250.21
E 14 23 0.034592 0.006362 475.14 4.83
E 14 25 0.034639 0.004715 480.43 12.70
E 14 26 0.034197 0.003358 488.73 1.44
E 14 27 0.031217 0.004644 450.62 1.65
E 14 29 0.032506 0.004793 436.09 226.91
E 14 30 0.026632 0.001634 392.98 1.44
E 14 31 0.023118 0.003402 369.43 403.79
E 14 32 0.028469 0.003888 435.01 61.67
E 14 34 0.036716 0.005887 504.30 258.06
E 14 37 0.031033 0.004442 434.66 95.23
E 14 40 0.036608 0.003678 512.84 355.08
E 14 41 0.031996 0.004908 477.51 63.87
E 14 44 0.028373 0.004332 422.92 0.33
E 14 47 0.040543 0.000452 533.78 339.98
E 14 48 0.031898 0.004898 457.34 13.40
E 14 50 0.028854 0.003891 430.44 41.28
E 14 51 0.032924 0.004255 506.67 397.93
E 14 52 0.031738 0.003137 460.48 387.90
E 14 54 0.033864 0.003919 472.73 351.42
E 14 55 0.035339 0.006897 495.57 250.42
E 14 57 0.022974 0.001899 368.09 368.58
E 14 58 0.031932 0.005619 441.20 64.99
E 14 60 0.032037 0.004761 432.61 67.46
E 14 62 0.033419 0.004046 468.94 13.38
E 14 63 0.035710 0.004163 493.79 104.42
E 14 64 0.028309 0.004954 423.18 93.11
E 14 65 0.030011 0.006601 456.66 8.04
E 14 68 0.036704 0.004791 525.38 383.28
E 14 69 0.022832 0.001946 351.43 76.43
E 14 70 0.027050 0.003595 411.84 0.10
E 14 71 0.033676 0.006350 455.66 246.61
E 14 72 0.035545 0.010447 505.21 2.42
E 14 73 0.003825 0.000000 420.00 5.34
E 14 74 0.036903 0.005163 529.05 9.01
E 14 76 0.031465 0.003974 414.25 9.43
E 14 77 0.039265 0.006825 551.95 0.35
E 14 78 0.035565 0.004862 508.75 59.77
E 14 79 0.031659 0.004265 430.53 0.21
E 14 80 0.034944 0.011058 511.51 1.03
E 14 81 0.037141 0.005734 507.85 349.45
E 14 82 0.027793 0.004706 396.30 1.09
E 14 83 0.031822 0.003807 464.53 6.41
E 14 85 0.036658 0.007953 485.35 30.42
E 14 86 0.021911 0.001120 2216.00 220.51
E 14 87 0.025610 0.003191 393.52 26.20
E 14 88 0.032024 0.007076 452.71 18.41
E 14 90 0.032061 0.006840 483.51 469.76
E 14 91 0.031376 0.005947 445.67 48.25
E 14 92 0.033735 0.002428 438.68 6.37
E 14 93 0.030106 0.005461 445.73 6.96
E 14 94 0.037854 0.008767 465.57 13.83
E 14 95 0.031944 0.003953 421.65 15.62
E 15 16 0.021633 0.005209 335.12 5.26
E 15 21 0.009970 0.000096 1072.00 1.16
E 15 23 0.035426 0.006065 476.71 58.83
E 15 25 0.037151 0.010515 506.26 1.25
E 15 26 0.035294 0.003713 467.37 2.01
E 15 27 0.023787 0.004348 372.24 1.91
E 15 29 0.031827 0.003888 448.30 5.32
E 15 30 0.035667 0.003703 457.34 4.07
E 15 31 0.024439 0.003307 386.59 5.12
E 15 32 0.027085 0.004169 396.51 3.91
E 15 37 0.031427 0.004894 430.53 4.30
E 15 40 0.037805 0.005224 500.39 4.94
E 15 41 0.029152 0.004047 448.29 3.90
E 15 44 0.030017 0.004814 465.80 6.75
E 15 48 0.023317 0.004208 351.62 0.70
E 15 50 0.023793 0.004486 346.84 6.49
E 15 52 0.031998 0.002394 476.42 5.03
E 15 54 0.035370 0.002120 445.03 4.97
E 15 57 0.025650 0.002171 376.70 0.66
E 15 58 0.023472 0.004288 375.46 3.98
E 15 60 0.023332 0.004080 358.09 4.01
E 15 62 0.023274 0.004250 361.81 1.33
E 15 63 0.036609 0.005070 505.28 4.44
E 15 64 0.026098 0.004170 384.88 4.32
E 15 65 0.032258 0.008296 446.87 2.85
E 15 68 0.037066 0.004212 484.30 5.02
E 15 69 0.026739 0.002592 438.57 4.44
E 15 70 0.028825 0.003499 449.64 6.02
E 15 71 0.032489 0.007035 456.83 5.25
E 15 72 0.007330 0.000768 800.00 3.63
E 15 76 0.023274 0.004250 364.63 4.05
E 15 77 0.009314 0.000960 1048.00 2.36
E 15 78 0.022406 0.006436 346.65 3.54
E 15 80 0.020455 0.006106 333.61 3.38
E 15 81 0.037382 0.005642 477.81 4.85
E 15 82 0.023495 0.004014 350.65 2.10
E 15 83 0.023298 0.004188 363.63 0.61
E 15 87 0.028891 0.005899 430.70 0.61
E 15 88 0.033146 0.006513 450.05 0.27
E 15 90 0.028897 0.005088 473.46 2.55
E 15 91 0.032725 0.005653 480.34 0.98
E 15 92 0.033898 0.001437 468.72 1.75
E 15 93 0.023977 0.006214 376.55 4.04
E 16 21 0.029976 0.006008 429.56 6.26
E 16 23 0.034313 0.006525 475.77 0.25
E 16 25 0.028145 0.005358 430.06 17.36
E 16 26 0.036607 0.006564 484.14 1.71
E 16 27 0.022647 0.003566 359.54 142.88
E 16 29 0.032104 0.006132 497.41 0.00
E 16 30 0.036267 0.006825 479.66 1.03
E 16 42 0.031103 0.006602 453.76 0.31
E 16 44 0.037978 0.007564 475.72 39.23
E 16 48 0.019655 0.003569 311.83 140.85
E 16 50 0.022860 0.003915 367.63 0.07
E 16 62 0.019772 0.001858 298.45 3.38
E 16 65 0.036736 0.010534 474.27 0.71
E 16 67 0.036666 0.004846 540.72 0.82
E 16 70 0.031954 0.007663 440.77 282.78
E 16 72 0.028098 0.005273 408.95 57.31
E 16 73 0.030577 0.006742 470.03 3.53
E 16 74 0.036663 0.007001 511.25 0.86
E 16 76 0.022096 0.002872 333.42 13.03
E 16 77 0.039715 0.006656 539.64 2.30
E 16 78 0.018007 0.001772 281.93 0.08
E 16 79 0.035491 0.008751 516.11 38.14
E 16 80 0.017907 0.001727 297.96 26.90
E 16 82 0.020812 0.002120 361.70 244.99
E 16 83 0.020474 0.002173 306.86 6.34
E 16 85 0.029527 0.005773 415.27 14.82
E 16 86 0.030593 0.006764 426.48 1.91
E 16 87 0.005122 0.000224 524.00 2.35
E 16 90 0.031475 0.006688 444.06 0.34
E 16 92 0.034111 0.007259 467.15 0.98
E 16 93 0.023313 0.005817 347.61 4.30
E 16 94 0.028165 0.005486 402.32 1.52
E 17 18 0.030928 0.002574 443.48 0.18
E 17 21 0.033283 0.004193 440.18 9.88
E 17 22 0.030922 0.002594 469.46 0.04
E 17 23 0.030507 0.002239 448.17 0.31
E 17 24 0.032272 0.003254 473.25 0.89
E 17 25 0.032946 0.003464 471.28 62.59
E 17 26 0.031132 0.002438 451.54 2.15
E 17 29 0.030985 0.002626 468.76 0.00
E 17 30 0.030817 0.002650 446.48 1.62
E 17 33 0.030928 0.002989 454.67 0.21
E 17 35 0.032053 0.003072 453.95 2.33
E 17 36 0.032642 0.003412 447.79 18.78
E 17 38 0.031738 0.003156 450.83 8.78
E 17 39 0.032191 0.003877 468.88 1.18
E 17 42 0.032849 0.003363 488.80 0.21
E 17 43 0.030915 0.005893 440.86 3.89
E 17 44 0.029541 0.002154 435.90 54.03
E 17 53 0.030928 0.002574 437.59 0.10
E 17 56 0.030785 0.002482 432.37 7.72
E 17 57 0.028480 0.001632 449.15 43.38
E 17 65 0.029089 0.003844 419.84 0.20
E 17 67 0.032387 0.004973 439.27 1.69
E 17 69 0.028480 0.001632 400.41 17.93
E 17 70 0.029089 0.001953 384.26 448.64
E 17 72 0.033200 0.003556 461.83 156.94
E 17 74 0.032336 0.002486 463.75 0.62
E 17 75 0.002498 0.000032 196.00 34.90
E 17 77 0.036342 0.005363 491.75 1.50
E 17 79 0.031968 0.003929 444.61 69.57
E 17 84 0.030829 0.003307 453.46 5.20
E 17 86 0.032940 0.004633 492.60 2.84
E 17 87 0.029016 0.001884 439.69 2.42
E 17 88 0.030694 0.004948 447.27 2.48
E 17 90 0.030976 0.006226 440.53 0.05
E 17 92 0.034218 0.004777 455.78 3.12
E 18 21 0.032286 0.001997 452.13 0.37
E 18 22 0.027937 0.001598 421.50 0.18
E 18 23 0.030663 0.002580 466.67 1.20
E 18 24 0.027346 0.000978 405.71 0.96
E 18 25 0.035527 0.002186 532.52 2.78
E 18 26 0.030786 0.002289 429.02 3.14
E 18 27 0.034098 0.003101 420.06 8.80
E 18 29 0.031033 0.002433 493.53 0.20
E 18 30 0.027192 0.001718 430.28 0.61
E 18 31 0.030861 0.002714 460.41 0.17
E 18 33 0.029317 0.003256 440.22 0.72
E 18 35 0.027311 0.001696 434.70 1.05
E 18 36 0.027364 0.001824 412.22 1.66
E 18 37 0.035242 0.005554 451.39 0.16
E 18 38 0.027130 0.001464 421.48 3.35
E 18 39 0.027337 0.003038 422.48 9.10
E 18 40 0.032146 0.001346 425.09 0.18
E 18 41 0.030733 0.001149 430.93 0.20
E 18 42 0.030959 0.001441 441.88 0.32
E 18 43 0.031152 0.006216 439.09 0.19
E 18 44 0.031703 0.008098 433.08 2.77
E 18 46 0.027202 0.001595 403.57 0.19
E 18 48 0.029390 0.003460 507.09 2.23
E 18 49 0.027202 0.003866 436.44 0.19
E 18 50 0.033855 0.001454 462.16 0.24
E 18 51 0.030683 0.003158 428.64 0.17
E 18 52 0.035171 0.002714 532.65 0.17
E 18 53 0.028860 0.003652 393.42 0.81
E 18 54 0.029535 0.002002 424.33 0.18
E 18 56 0.027350 0.001726 412.20 13.95
E 18 57 0.028543 0.001639 512.38 1.74
E 18 59 0.032871 0.006146 450.77 0.18
E 18 61 0.029172 0.002065 423.17 0.18
E 18 63 0.032755 0.003453 460.60 0.19
E 18 64 0.035284 0.004240 515.00 0.19
E 18 65 0.044866 0.010261 588.28 0.39
E 18 66 0.031482 0.002692 448.70 0.18
E 18 67 0.032382 0.005083 471.39 1.46
E 18 68 0.034210 0.004127 462.97 0.17
E 18 69 0.029246 0.001781 458.88 0.18
E 18 72 0.037940 0.004974 591.85 1.62
E 18 74 0.032172 0.002090 463.92 0.82
E 18 75 0.026924 0.001109 401.58 8.46
E 18 77 0.035585 0.004271 487.52 1.40
E 18 79 0.032491 0.004415 481.10 3.29
E 18 81 0.035387 0.005102 459.39 0.18
E 18 84 0.027234 0.003381 417.99 0.87
E 18 86 0.029688 0.001018 429.75 0.54
E 18 87 0.029872 0.003485 449.53 0.87
E 18 88 0.030907 0.005203 429.74 4.29
E 18 89 0.027072 0.002266 409.89 0.30
E 18 91 0.031494 0.005696 460.51 0.03
E 18 92 0.033733 0.003564 464.57 0.54
E 19 21 0.024237 0.003637 370.23 6.24
E 19 23 0.034201 0.006420 507.12 0.25
E 19 25 0.024538 0.003464 383.26 16.87
E 19 26 0.036887 0.003211 509.00 1.71
E 19 27 0.032784 0.004600 475.95 146.52
E 19 29 0.032613 0.005509 445.84 0.00
E 19 30 0.036267 0.004652 489.58 1.02
E 19 42 0.025811 0.003649 393.19 0.29
E 19 44 0.039057 0.007377 500.42 40.50
E 19 65 0.005698 0.000544 596.00 0.72
E 19 67 0.035206 0.005970 497.66 4.80
E 19 70 0.036659 0.006262 510.93 296.75
E 19 72 0.024982 0.003908 399.85 55.53
E 19 73 0.023629 0.004593 356.94 3.53
E 19 74 0.034410 0.003510 502.73 0.89
E 19 77 0.036672 0.005371 495.85 2.36
E 19 78 0.018156 0.000000 209.35 0.08
E 19 79 0.035491 0.007734 433.88 40.36
E 19 85 0.024298 0.003740 385.79 14.68
E 19 86 0.027144 0.004313 421.20 1.94
E 19 90 0.030565 0.006493 431.95 0.34
E 19 92 0.034061 0.003601 513.37 3.64
E 19 94 0.024315 0.003788 364.60 1.52
E 20 21 0.023711 0.002887 381.41 6.23
E 20 23 0.034495 0.006677 516.04 0.25
E 20 25 0.024593 0.003029 401.22 16.86
E 20 26 0.036888 0.003211 523.98 1.71
E 20 27 0.034098 0.003101 529.99 146.06
E 20 29 0.032596 0.005860 481.76 0.00
E 20 30 0.036267 0.003415 480.49 1.02
E 20 42 0.025800 0.003213 382.70 0.30
E 20 44 0.039057 0.007377 489.67 40.12
E 20 65 0.005698 0.000544 596.00 0.72
E 20 67 0.031362 0.004206 440.09 0.82
E 20 70 0.036658 0.005276 505.75 292.61
E 20 72 0.025018 0.002862 396.80 55.16
E 20 73 0.023005 0.004504 341.84 3.53
E 20 74 0.032419 0.002992 481.50 0.90
E 20 77 0.036608 0.005283 511.44 2.39
E 20 79 0.035491 0.003467 452.09 39.10
E 20 85 0.023263 0.002763 361.92 14.60
E 20 86 0.027176 0.004341 421.65 1.93
E 20 90 0.030731 0.006387 443.58 0.34
E 20 92 0.033922 0.002277 468.82 3.65
E 20 94 0.023448 0.003735 369.67 1.50
E 21 22 0.032286 0.002849 414.44 12.53
E 21 23 0.032658 0.004438 471.73 4.30
E 21 24 0.033756 0.001726 512.77 3.18
E 21 25 0.024878 0.001388 378.68 0.67
E 21 26 0.036639 0.003053 480.52 1.65
E 21 27 0.034096 0.003101 449.84 5.25
E 21 29 0.031674 0.004064 463.22 6.23
E 21 30 0.036266 0.003415 491.13 0.40
E 21 31 0.032286 0.001997 449.06 9.26
E 21 32 0.009970 0.000096 1072.00 11.15
E 21 33 0.035565 0.004636 425.24 2.08
E 21 34 0.024683 0.002566 373.20 6.20
E 21 35 0.034908 0.002460 456.02 1.71
E 21 36 0.032286 0.004652 505.78 0.73
E 21 37 0.035001 0.005540 488.89 10.08
E 21 38 0.033755 0.002313 503.42 5.89
E 21 39 0.033756 0.002459 512.08 1.42
E 21 40 0.033043 0.002483 457.63 8.36
E 21 41 0.029631 0.002100 421.20 11.07
E 21 42 0.025799 0.001325 407.11 3.02
E 21 43 0.034491 0.006444 498.64 1.51
E 21 44 0.037759 0.006377 478.75 0.40
E 21 47 0.024516 0.000889 378.18 6.24
E 21 48 0.033757 0.002676 566.79 0.98
E 21 50 0.032136 0.001847 481.25 9.55
E 21 51 0.032358 0.002862 493.43 9.14
E 21 52 0.028167 0.002233 416.23 8.95
E 21 53 0.032286 0.003307 485.08 50.01
E 21 54 0.036519 0.001410 461.07 8.25
E 21 55 0.023652 0.002198 359.18 6.20
E 21 56 0.034909 0.002645 456.78 2.81
E 21 57 0.033757 0.001647 407.69 0.43
E 21 58 0.034946 0.001357 416.36 6.41
E 21 59 0.032496 0.007057 460.15 9.97
E 21 60 0.009970 0.000096 1072.00 6.42
E 21 61 0.033474 0.001809 701.75 10.01
E 21 63 0.033192 0.003452 492.39 9.56
E 21 64 0.036713 0.004652 536.27 9.88
E 21 65 0.037488 0.009356 478.69 1.10
E 21 66 0.030808 0.001860 466.18 9.92
E 21 67 0.032272 0.004350 456.09 22.94
E 21 68 0.034036 0.003970 470.86 8.86
E 21 69 0.033757 0.002162 596.93 10.11
E 21 70 0.037064 0.005936 462.97 2.68
E 21 71 0.032390 0.005821 429.70 6.26
E 21 72 0.025030 0.002212 369.96 0.13
E 21 73 0.023567 0.004558 364.89 0.81
E 21 74 0.032666 0.002651 469.14 5.35
E 21 76 0.031422 0.002502 554.65 6.61
E 21 77 0.036676 0.005036 490.01 2.09
E 21 79 0.035488 0.003467 505.68 2.74
E 21 81 0.035351 0.004952 492.85 8.41
E 21 83 0.029519 0.001696 465.57 1.94
E 21 84 0.035228 0.010600 673.67 0.78
E 21 85 0.023265 0.002530 363.21 3.99
E 21 86 0.027251 0.004441 402.98 17.79
E 21 87 0.032287 0.003780 505.52 1.18
E 21 88 0.032807 0.004478 510.46 1.76
E 21 90 0.030424 0.006425 425.50 2.28
E 21 91 0.032286 0.001997 533.24 1.97
E 21 92 0.033315 0.003479 446.72 0.59
E 21 94 0.023668 0.003836 363.82 0.48
E 21 95 0.027188 0.002183 428.85 0.77
E 22 23 0.030535 0.002449 452.72 0.33
E 22 24 0.028002 0.001717 413.23 0.77
E 22 25 0.035526 0.002621 524.47 24.31
E 22 26 0.030786 0.002289 434.87 2.22
E 22 27 0.036019 0.005427 630.19 120.67
E 22 29 0.031007 0.002613 431.10 0.15
E 22 30 0.027674 0.001744 436.38 1.45
E 22 31 0.031150 0.003053 528.72 0.11
E 22 33 0.029612 0.003440 448.40 0.16
E 22 35 0.027934 0.001666 398.41 2.22
E 22 36 0.028368 0.002407 411.50 11.24
E 22 37 0.034808 0.005020 529.15 0.13
E 22 38 0.028060 0.001905 413.56 7.08
E 22 39 0.027989 0.003038 423.56 1.06
E 22 40 0.032327 0.001779 445.89 0.12
E 22 41 0.030750 0.001176 451.03 0.14
E 22 42 0.032005 0.002621 455.84 0.05
E 22 43 0.031160 0.006381 435.57 1.16
E 22 44 0.031961 0.007937 477.05 53.14
E 22 46 0.028117 0.001964 441.76 0.14
E 22 48 0.031307 0.002676 452.06 127.52
E 22 49 0.028053 0.003826 408.65 0.14
E 22 50 0.031414 0.001572 444.37 0.15
E 22 51 0.030708 0.003073 450.64 0.11
E 22 52 0.035171 0.003002 522.22 0.11
E 22 53 0.028838 0.003528 432.82 0.11
E 22 54 0.029751 0.001986 425.31 0.12
E 22 56 0.027888 0.001769 424.59 4.88
E 22 57 0.031043 0.002621 422.15 40.98
E 22 59 0.032872 0.006146 461.07 0.12
E 22 61 0.029108 0.002020 435.70 0.12
E 22 63 0.033025 0.003567 445.33 0.13
E 22 64 0.036938 0.005597 574.04 0.13
E 22 65 0.043061 0.010660 624.81 0.55
E 22 66 0.031535 0.002726 457.89 0.12
E 22 67 0.032523 0.004969 483.44 4.21
E 22 68 0.034540 0.004350 467.67 0.11
E 22 69 0.031043 0.002621 521.89 0.13
E 22 70 0.039751 0.005314 463.20 276.99
E 22 72 0.037940 0.004974 699.00 142.60
E 22 74 0.032212 0.002139 485.22 0.48
E 22 75 0.027029 0.001517 395.84 60.89
E 22 77 0.035585 0.004271 468.96 1.46
E 22 79 0.032623 0.004462 475.14 45.30
E 22 81 0.035576 0.005363 480.33 0.12
E 22 84 0.027914 0.003435 411.57 2.78
E 22 86 0.008210 0.000288 852.00 2.59
E 22 87 0.031043 0.003484 434.08 1.68
E 22 88 0.030917 0.005208 448.17 1.50
E 22 89 0.026989 0.002184 414.87 0.15
E 22 91 0.031503 0.005618 442.07 0.11
E 22 92 0.033717 0.003507 455.18 1.09
E 23 25 0.032691 0.004372 470.67 86.05
E 23 26 0.033034 0.005233 455.78 0.64
E 23 27 0.036018 0.006784 485.92 14.58
E 23 29 0.032447 0.004230 456.46 0.13
E 23 30 0.035423 0.006026 479.81 0.27
E 23 31 0.039673 0.006708 443.77 0.31
E 23 32 0.032594 0.004590 461.75 0.49
E 23 33 0.030663 0.002580 437.93 0.44
E 23 34 0.032622 0.004789 448.59 0.25
E 23 37 0.033087 0.004685 450.90 0.21
E 23 40 0.032807 0.003999 452.87 0.29
E 23 41 0.032559 0.004609 470.07 0.44
E 23 42 0.031199 0.003222 442.14 0.28
E 23 43 0.030654 0.006917 446.81 6.25
E 23 44 0.033198 0.004506 491.50 9.95
E 23 47 0.033191 0.005223 494.32 0.28
E 23 48 0.040569 0.007434 511.51 584.16
E 23 50 0.035534 0.006445 519.85 0.32
E 23 51 0.030635 0.003705 464.44 0.31
E 23 52 0.033509 0.004054 439.88 0.31
E 23 53 0.030663 0.002580 440.14 0.09
E 23 54 0.031324 0.003327 447.49 0.29
E 23 55 0.032714 0.006053 442.44 0.25
E 23 56 0.030156 0.002105 429.99 4.45
E 23 58 0.035497 0.005914 506.84 0.43
E 23 59 0.033501 0.007862 464.88 0.39
E 23 60 0.035497 0.005914 478.16 0.39
E 23 61 0.030635 0.002433 410.12 0.46
E 23 62 0.034980 0.005840 475.40 22.74
E 23 63 0.033164 0.003991 466.68 0.30
E 23 64 0.033058 0.004469 460.98 0.30
E 23 65 0.032462 0.006556 458.66 0.73
E 23 66 0.030721 0.002437 437.11 0.34
E 23 67 0.031469 0.003545 454.75 0.36
E 23 68 0.033513 0.004607 480.47 0.30
E 23 70 0.032955 0.004536 473.32 5.23
E 23 71 0.032942 0.006903 496.67 0.25
E 23 72 0.032572 0.004895 444.77 6.75
E 23 73 0.034378 0.006134 465.84 2.56
E 23 74 0.031920 0.003584 460.85 0.14
E 23 76 0.034855 0.005658 431.14 6.93
E 23 77 0.036807 0.005528 516.33 0.97
E 23 78 0.034421 0.005809 465.09 0.34
E 23 79 0.032755 0.004200 488.59 3.49
E 23 80 0.031354 0.004469 464.39 4.50
E 23 81 0.034843 0.005164 487.55 0.21
E 23 82 0.037542 0.007605 558.91 54.51
E 23 83 0.036821 0.006581 521.17 4.05
E 23 85 0.033735 0.006345 471.88 686.58
E 23 86 0.031951 0.003588 449.15 2.95
E 23 87 0.032836 0.003580 447.63 7.48
E 23 88 0.032835 0.005469 453.34 14.02
E 23 90 0.032686 0.006471 482.25 0.20
E 23 91 0.032364 0.006792 485.57 1.22
E 23 92 0.034173 0.004600 471.40 1.24
E 23 93 0.035330 0.005875 475.71 0.86
E 23 94 0.032222 0.004729 439.62 0.11
E 24 25 0.035528 0.002186 563.83 0.63
E 24 26 0.029665 0.001890 418.47 0.53
E 24 27 0.034436 0.002657 453.58 3.30
E 24 30 0.034853 0.003500 437.73 0.48
E 24 31 0.032291 0.002976 431.35 0.58
E 24 33 0.029054 0.003147 417.66 0.17
E 24 35 0.021362 0.001285 356.62 0.49
E 24 36 0.023829 0.001124 370.52 2.12
E 24 37 0.038507 0.009667 492.48 0.58
E 24 38 0.021252 0.001582 340.36 0.15
E 24 39 0.023166 0.003818 350.33 0.21
E 24 40 0.037402 0.001696 407.32 0.58
E 24 41 0.032136 0.001569 453.08 0.59
E 24 42 0.032004 0.001696 464.69 1.02
E 24 43 0.031100 0.006043 438.18 1.50
E 24 46 0.022839 0.001513 355.74 0.58
E 24 48 0.028669 0.002277 438.57 0.96
E 24 49 0.024437 0.003331 388.63 0.58
E 24 50 0.035200 0.002657 547.84 0.56
E 24 51 0.030623 0.003184 451.41 0.58
E 24 52 0.035825 0.003698 513.00 0.58
E 24 53 0.028430 0.002963 441.31 0.41
E 24 54 0.029074 0.001954 423.53 0.58
E 24 56 0.025240 0.001830 389.69 1.30
E 24 57 0.028726 0.002277 509.92 1.47
E 24 59 0.032452 0.005700 437.86 0.58
E 24 61 0.029229 0.002334 426.66 0.58
E 24 63 0.039637 0.005088 459.54 0.58
E 24 64 0.032401 0.002657 592.23 0.58
E 24 65 0.044867 0.010261 724.82 0.32
E 24 66 0.032516 0.002701 437.50 0.58
E 24 67 0.032266 0.004862 461.48 0.50
E 24 68 0.039286 0.006445 538.43 0.58
E 24 69 0.030704 0.002277 413.42 0.59
E 24 72 0.037940 0.004974 599.44 1.21
E 24 74 0.034518 0.003113 470.41 0.19
E 24 75 0.020178 0.000639 311.75 0.64
E 24 77 0.045232 0.008649 535.80 0.26
E 24 79 0.033807 0.004158 472.83 1.80
E 24 81 0.038010 0.001639 534.21 0.58
E 24 84 0.024668 0.002655 373.73 3.33
E 24 86 0.008210 0.000288 852.00 18.21
E 24 87 0.030230 0.002657 500.69 2.33
E 24 88 0.033671 0.002714 451.14 2.33
E 24 89 0.023125 0.002548 353.14 1.75
E 24 91 0.033722 0.005054 448.89 12.94
E 24 92 0.034985 0.002057 501.96 3.34
E 25 26 0.036939 0.003663 490.38 0.70
E 25 27 0.032880 0.004330 483.46 0.40
E 25 29 0.031685 0.003966 436.01 64.09
E 25 30 0.036266 0.003505 488.51 4.16
E 25 31 0.034705 0.003347 547.14 57.23
E 25 32 0.032487 0.002956 468.56 62.53
E 25 33 0.039097 0.008225 659.86 24.52
E 25 34 0.024714 0.002622 384.04 63.99
E 25 35 0.037051 0.003279 533.36 5.87
E 25 36 0.035527 0.004651 555.88 0.07
E 25 37 0.034710 0.005003 457.64 56.02
E 25 38 0.035527 0.002185 536.48 1.60
E 25 39 0.035528 0.002940 487.46 3.78
E 25 40 0.032783 0.002304 445.30 53.24
E 25 41 0.029493 0.001696 435.09 62.14
E 25 42 0.025831 0.001590 401.02 11.99
E 25 43 0.035528 0.006445 472.22 2.39
E 25 44 0.037758 0.006377 510.14 5.61
E 25 47 0.029376 0.003938 389.83 68.12
E 25 48 0.035528 0.002676 465.20 1.69
E 25 50 0.035527 0.002186 511.62 73.66
E 25 51 0.032357 0.002862 441.40 56.77
E 25 52 0.028415 0.002314 424.55 55.62
E 25 53 0.035527 0.005378 479.02 5.24
E 25 54 0.036339 0.003467 501.09 53.53
E 25 55 0.024484 0.002165 376.87 63.77
E 25 56 0.037052 0.002645 521.68 5.90
E 25 57 0.035528 0.002186 517.76 0.06
E 25 58 0.035530 0.005815 486.07 63.09
E 25 59 0.032046 0.004910 420.61 62.85
E 25 60 0.035530 0.002186 512.54 63.14
E 25 61 0.035529 0.002676 454.40 63.01
E 25 62 0.038338 0.007055 460.53 4.45
E 25 63 0.033075 0.003342 454.29 54.84
E 25 64 0.036708 0.007089 498.49 56.36
E 25 65 0.037226 0.008689 499.29 10.26
E 25 66 0.031295 0.002354 464.86 62.71
E 25 67 0.035206 0.005970 552.81 2.94
E 25 68 0.034067 0.003871 476.23 55.27
E 25 69 0.035528 0.002186 504.61 59.80
E 25 70 0.037064 0.005936 481.72 6.93
E 25 71 0.032434 0.005799 470.91 62.90
E 25 72 0.024674 0.002013 386.06 4.13
E 25 73 0.024081 0.004544 374.89 0.35
E 25 74 0.032321 0.002389 475.76 10.00
E 25 76 0.033820 0.005714 426.70 0.96
E 25 77 0.036731 0.005196 514.82 3.37
E 25 79 0.035480 0.003674 505.99 2.98
E 25 81 0.037614 0.005936 495.79 53.86
E 25 83 0.035624 0.003166 591.53 0.10
E 25 84 0.038337 0.010600 557.95 0.16
E 25 85 0.023840 0.002535 364.36 0.71
E 25 86 0.027250 0.004465 413.46 0.21
E 25 87 0.035527 0.004240 532.20 0.58
E 25 88 0.034705 0.004477 491.18 0.71
E 25 90 0.030419 0.006599 420.51 42.26
E 25 91 0.034705 0.002340 508.06 93.70
E 26 27 0.036062 0.004719 491.07 1.41
E 26 29 0.032162 0.004083 468.52 1.74
E 26 30 0.031376 0.002429 470.29 0.43
E 26 31 0.034386 0.003305 494.58 2.15
E 26 32 0.035894 0.004161 465.78 2.22
E 26 33 0.030747 0.002307 444.07 1.04
E 26 34 0.036888 0.003588 518.78 1.70
E 26 35 0.028646 0.001764 409.29 2.57
E 26 36 0.031134 0.002402 428.29 0.80
E 26 37 0.034443 0.005178 515.76 2.10
E 26 38 0.029483 0.002435 468.41 0.55
E 26 39 0.029529 0.002793 441.93 1.07
E 26 40 0.033177 0.002374 452.87 2.02
E 26 41 0.030791 0.002212 441.72 2.21
E 26 42 0.032255 0.002690 451.45 3.84
E 26 43 0.030778 0.006100 455.27 2.49
E 26 44 0.031396 0.004226 472.76 1.58
E 26 46 0.028798 0.002008 422.45 2.32
E 26 47 0.037003 0.003028 504.43 1.66
E 26 48 0.004418 0.000032 436.00 0.75
E 26 49 0.028832 0.004293 399.36 2.31
E 26 50 0.037048 0.002578 448.47 1.72
E 26 51 0.030834 0.003342 463.01 2.13
E 26 52 0.036164 0.003486 501.66 2.11
E 26 53 0.030787 0.003325 442.59 0.44
E 26 54 0.030917 0.002194 442.21 2.01
E 26 55 0.037246 0.003477 459.99 1.70
E 26 56 0.029884 0.002184 414.83 1.20
E 26 57 0.034916 0.003404 495.69 0.69
E 26 59 0.032970 0.006222 469.70 2.17
E 26 61 0.030761 0.002282 455.46 2.19
E 26 63 0.033210 0.003447 460.92 2.06
E 26 64 0.036430 0.006935 504.23 2.10
E 26 65 0.034288 0.007862 511.31 0.40
E 26 66 0.031594 0.002492 445.47 2.16
E 26 67 0.032361 0.004056 448.76 1.96
E 26 68 0.034426 0.004463 478.72 2.10
E 26 69 0.034580 0.003339 484.99 2.28
E 26 70 0.034324 0.003439 501.65 1.19
E 26 71 0.036607 0.006427 489.83 1.71
E 26 72 0.036494 0.005682 520.98 0.75
E 26 73 0.037691 0.003934 509.78 0.47
E 26 74 0.031885 0.002335 472.34 0.62
E 26 75 0.027671 0.001557 407.07 1.18
E 26 77 0.035853 0.004776 492.99 1.28
E 26 79 0.032238 0.004189 460.84 2.44
E 26 80 0.004081 0.000000 452.00 2.22
E 26 81 0.035238 0.004862 468.46 2.04
E 26 84 0.030062 0.002273 445.53 1.07
E 26 85 0.036954 0.006671 501.01 2.54
E 26 86 0.032560 0.002855 458.02 1.28
E 26 87 0.033975 0.005597 464.63 2.38
E 26 88 0.031284 0.005834 461.31 1.79
E 26 89 0.028958 0.002082 465.41 4.86
E 26 90 0.036417 0.007445 471.99 17.22
E 26 91 0.031196 0.005511 463.05 498.48
E 26 92 0.033538 0.003007 458.16 17.29
E 26 94 0.036808 0.009158 542.85 0.00
E 26 95 0.036606 0.003455 487.01 0.00
E 27 29 0.032536 0.005066 465.44 148.90
E 27 30 0.035539 0.004719 529.53 274.22
E 27 31 0.030604 0.003764 446.16 126.65
E 27 32 0.027264 0.004061 411.66 64.05
E 27 33 0.034140 0.003787 503.54 7.65
E 27 34 0.034098 0.007361 488.84 147.06
E 27 35 0.008306 0.000288 864.00 0.63
E 27 36 0.035397 0.004652 439.93 0.21
E 27 37 0.031349 0.004605 426.10 87.33
E 27 38 0.034434 0.002313 491.37 13.42
E 27 39 0.034436 0.000678 467.22 1.26
E 27 40 0.039249 0.005020 518.89 117.13
E 27 41 0.032261 0.003857 488.53 65.44
E 27 43 0.019525 0.003648 2092.00 2.78
E 27 44 0.030122 0.004798 431.21 30.51
E 27 48 0.023388 0.003467 370.06 0.06
E 27 50 0.024506 0.002386 372.42 77.40
E 27 51 0.034583 0.004961 562.12 125.72
E 27 52 0.031902 0.005560 458.93 121.97
E 27 53 0.034720 0.004579 518.49 2.56
E 27 54 0.035129 0.005037 501.92 118.43
E 27 55 0.034030 0.004579 473.51 145.40
E 27 56 0.008402 0.000576 876.00 0.15
E 27 57 0.032263 0.003944 437.92 0.59
E 27 58 0.023076 0.004337 353.72 61.53
E 27 60 0.023149 0.002172 345.83 61.08
E 27 62 0.022453 0.001907 338.65 4.08
E 27 63 0.038093 0.005966 497.11 93.69
E 27 64 0.026449 0.004223 388.39 86.18
E 27 65 0.032767 0.007446 487.41 14.47
E 27 68 0.038133 0.005011 550.13 121.40
E 27 69 0.032390 0.004184 464.48 114.12
E 27 70 0.029301 0.003824 423.43 0.38
E 27 71 0.032178 0.006755 433.01 142.31
E 27 72 0.034097 0.008819 469.55 246.61
E 27 74 0.037044 0.003101 529.31 4.08
E 27 76 0.022326 0.001931 351.01 0.59
E 27 77 0.040022 0.007163 511.03 0.21
E 27 78 0.017513 0.001165 275.13 9.12
E 27 79 0.035453 0.005070 445.81 3.99
E 27 80 0.017532 0.001781 279.68 0.20
E 27 81 0.037908 0.005867 507.54 119.27
E 27 82 0.023644 0.003789 351.98 0.03
E 27 83 0.022147 0.001753 324.38 0.63
E 27 87 0.029662 0.004787 442.10 1.80
E 27 88 0.034119 0.006646 497.86 3.12
E 27 90 0.032105 0.008098 468.63 145.74
E 27 91 0.032385 0.005197 475.57 0.00
E 29 30 0.034939 0.006061 490.07 1.07
E 29 31 0.034436 0.003308 478.87 0.00
E 29 32 0.031138 0.004357 426.13 0.00
E 29 33 0.031032 0.002433 428.59 0.30
E 29 34 0.031799 0.004301 459.08 0.00
E 29 37 0.031688 0.004349 467.62 0.00
E 29 40 0.032493 0.003609 466.54 0.00
E 29 41 0.031224 0.003096 461.90 0.00
E 29 42 0.031878 0.003654 497.42 0.35
E 29 43 0.031032 0.005399 454.18 1.18
E 29 44 0.032023 0.003939 469.42 38.41
E 29 47 0.033531 0.006360 443.62 0.00
E 29 48 0.032739 0.003176 454.73 144.02
E 29 50 0.031735 0.003760 416.52 0.06
E 29 51 0.031031 0.003536 435.10 0.00
E 29 52 0.031177 0.003313 417.15 0.00
E 29 53 0.031033 0.002433 445.95 0.11
E 29 54 0.031875 0.003740 427.70 0.00
E 29 55 0.032227 0.005657 488.97 0.00
E 29 58 0.031752 0.004690 444.55 0.00
E 29 59 0.032908 0.008372 451.72 0.00
E 29 60 0.031752 0.004132 461.92 0.00
E 29 61 0.031031 0.002433 444.77 0.00
E 29 62 0.031751 0.004132 453.20 17.48
E 29 63 0.032883 0.003609 494.08 0.00
E 29 64 0.031751 0.003725 458.32 0.00
E 29 65 0.031742 0.006975 472.82 0.48
E 29 66 0.031031 0.002433 496.91 0.00
E 29 67 0.031032 0.003174 448.20 0.39
E 29 68 0.033733 0.003678 465.11 0.00
E 29 70 0.031838 0.004009 430.90 248.66
E 29 71 0.032944 0.006879 455.46 0.00
E 29 72 0.031870 0.004112 459.32 57.04
E 29 73 0.034127 0.006445 437.83 3.56
E 29 74 0.032010 0.003468 463.99 0.36
E 29 76 0.032358 0.004681 432.35 27.05
E 29 77 0.036731 0.005542 477.53 2.33
E 29 78 0.032163 0.004839 477.51 0.05
E 29 79 0.031872 0.003682 443.04 37.98
E 29 80 0.031655 0.005020 432.17 7.81
E 29 81 0.034906 0.005184 474.97 0.00
E 29 82 0.031281 0.003127 437.11 228.20
E 29 83 0.032442 0.004950 453.08 6.34
E 29 85 0.032235 0.005616 497.67 15.12
E 29 86 0.031716 0.004063 453.95 1.90
E 29 87 0.031533 0.003175 427.44 2.27
E 29 88 0.031405 0.005686 458.35 2.72
E 29 90 0.031790 0.006549 447.33 0.34
E 29 92 0.033797 0.004427 488.13 0.97
E 29 93 0.031363 0.005234 435.92 4.23
E 29 94 0.031791 0.004346 437.42 1.52
E 30 31 0.026224 0.003744 382.88 1.56
E 30 32 0.035363 0.004167 469.67 1.81
E 30 33 0.028154 0.002491 428.02 0.87
E 30 34 0.037339 0.004070 484.63 1.01
E 30 35 0.036008 0.003928 517.33 1.66
E 30 36 0.035083 0.003133 493.72 9.84
E 30 37 0.033162 0.004965 490.70 1.62
E 30 38 0.038821 0.003562 484.01 1.65
E 30 39 0.036008 0.003928 499.25 1.39
E 30 40 0.037526 0.004276 472.71 1.40
E 30 41 0.033449 0.003013 457.47 1.79
E 30 42 0.037176 0.003989 563.85 2.90
E 30 43 0.030906 0.005838 415.61 26.12
E 30 44 0.027790 0.004045 410.26 1.80
E 30 46 0.033811 0.002688 439.58 1.87
E 30 47 0.038821 0.003562 522.91 0.97
E 30 48 0.038199 0.002806 494.39 7.55
E 30 49 0.033917 0.002374 520.30 1.86
E 30 50 0.038821 0.003562 522.06 1.37
E 30 51 0.033639 0.003384 484.17 1.54
E 30 52 0.036426 0.003289 470.02 1.51
E 30 53 0.028088 0.003145 426.79 1.05
E 30 54 0.030350 0.002164 425.07 1.39
E 30 55 0.037585 0.003424 543.46 1.01
E 30 56 0.031360 0.002231 479.66 12.63
E 30 57 0.025907 0.001558 379.91 4.17
E 30 59 0.033417 0.004388 508.94 1.64
E 30 61 0.033304 0.002704 437.15 1.65
E 30 63 0.036389 0.005367 503.11 1.55
E 30 64 0.036186 0.006935 511.79 1.60
E 30 65 0.032934 0.007545 451.19 0.75
E 30 66 0.034211 0.002919 494.38 1.63
E 30 67 0.035662 0.005845 524.97 1.61
E 30 68 0.038600 0.006784 497.34 1.49
E 30 69 0.025224 0.001340 372.56 1.70
E 30 70 0.032881 0.003361 456.86 1.89
E 30 71 0.036267 0.003415 494.39 1.03
E 30 72 0.037338 0.006367 555.45 0.99
E 30 73 0.038133 0.002815 454.20 2.22
E 30 74 0.035383 0.003741 493.74 0.89
E 30 76 0.035116 0.000000 727.68 1.67
E 30 77 0.039580 0.005707 491.69 2.29
E 30 79 0.032329 0.004095 440.60 8.22
E 30 81 0.035657 0.005307 472.52 1.40
E 30 83 0.035455 0.000339 738.00 1.78
E 30 84 0.032183 0.006942 460.44 3.84
E 30 85 0.038198 0.006506 598.93 1199.95
E 30 86 0.036284 0.003509 498.94 2.13
E 30 87 0.027341 0.003410 400.95 2.97
E 30 88 0.031608 0.006207 450.54 10.44
E 30 89 0.039186 0.003731 485.83 8.07
E 30 90 0.036266 0.007208 497.86 12.46
E 30 91 0.031208 0.005599 446.20 97.75
E 30 92 0.033617 0.003104 466.11 0.00
E 30 94 0.038821 0.008767 578.67 0.00
E 30 95 0.036266 0.003415 521.42 0.00
E 31 33 0.032490 0.005890 469.90 0.19
E 31 35 0.032291 0.003198 469.81 2.30
E 31 36 0.032165 0.004468 460.91 9.74
E 31 38 0.032501 0.002964 442.54 7.13
E 31 39 0.032945 0.003298 462.01 1.11
E 31 42 0.032140 0.001670 428.68 0.28
E 31 43 0.031170 0.004667 502.88 1.73
E 31 44 0.027027 0.003644 419.76 51.70
E 31 48 0.033033 0.004383 452.13 109.51
E 31 50 0.028505 0.002637 423.24 0.07
E 31 53 0.031606 0.003244 465.39 0.10
E 31 56 0.032119 0.002846 437.26 4.96
E 31 57 0.024175 0.003655 377.22 35.80
E 31 65 0.030280 0.006086 448.71 0.67
E 31 67 0.033786 0.006473 447.81 6.81
E 31 69 0.023893 0.003664 372.77 170.24
E 31 70 0.025959 0.003016 407.88 430.30
E 31 72 0.037940 0.004974 503.78 138.48
E 31 74 0.036743 0.003927 517.61 0.52
E 31 77 0.039204 0.005347 484.86 1.50
E 31 79 0.032908 0.004724 462.25 49.00
E 31 82 0.024633 0.003646 395.50 198.17
E 31 84 0.032293 0.006590 500.56 3.08
E 31 87 0.025623 0.003237 384.40 2.09
E 31 88 0.032033 0.006475 463.02 2.04
E 31 92 0.034079 0.002221 462.32 2.67
E 31 93 0.024982 0.002502 421.09 4.68
E 32 44 0.028018 0.004572 425.82 27.15
E 32 48 0.027065 0.003875 418.50 51.24
E 32 50 0.027001 0.003719 433.38 0.02
E 32 57 0.025822 0.003643 399.40 17.88
E 32 62 0.026780 0.003649 390.71 1.94
E 32 65 0.030328 0.007369 439.05 0.27
E 32 69 0.026739 0.004387 447.91 40.89
E 32 70 0.027524 0.004500 428.83 75.78
E 32 72 0.007330 0.000768 800.00 46.05
E 32 76 0.026860 0.003750 406.79 7.65
E 32 77 0.034966 0.004770 467.14 4.26
E 32 78 0.025956 0.004163 358.64 0.04
E 32 79 0.030132 0.004892 474.89 6.41
E 32 80 0.007282 0.004960 736.00 8.03
E 32 82 0.026945 0.004001 408.11 70.29
E 32 83 0.027162 0.003929 407.57 13.15
E 32 87 0.027470 0.004457 417.53 1.30
E 32 88 0.031528 0.006464 463.03 1.13
E 32 90 0.028752 0.005591 411.07 0.03
E 32 92 0.033640 0.004482 517.73 0.81
E 32 93 0.027125 0.005403 394.80 3.11
E 33 35 0.028678 0.002782 414.21 0.80
E 33 36 0.029945 0.003888 442.24 4.35
E 33 37 0.035566 0.005020 568.44 0.18
E 33 38 0.028295 0.002817 415.28 2.54
E 33 39 0.028950 0.003090 433.39 0.41
E 33 40 0.032212 0.003123 441.11 0.20
E 33 41 0.030733 0.002504 451.67 0.79
E 33 42 0.032004 0.003392 443.83 0.34
E 33 43 0.031251 0.006571 460.23 0.76
E 33 44 0.032350 0.006584 509.70 5.98
E 33 46 0.028463 0.002673 407.39 0.38
E 33 48 0.037148 0.008084 467.96 14.40
E 33 49 0.028564 0.003866 406.29 0.38
E 33 50 0.035566 0.004636 509.83 0.23
E 33 51 0.030712 0.003591 430.11 0.19
E 33 52 0.035217 0.005112 465.77 0.19
E 33 53 0.029393 0.003716 423.35 0.31
E 33 54 0.029611 0.002723 450.22 0.20
E 33 56 0.028670 0.002535 422.44 1.74
E 33 57 0.033945 0.006369 450.53 6.47
E 33 59 0.032872 0.006146 464.80 0.21
E 33 61 0.029201 0.003500 444.14 0.21
E 33 63 0.032784 0.003412 486.44 0.26
E 33 64 0.035566 0.004817 707.00 0.29
E 33 65 0.043061 0.010660 505.13 0.18
E 33 66 0.031332 0.002943 470.67 0.21
E 33 67 0.032382 0.005083 466.39 4.20
E 33 68 0.034284 0.004015 477.96 0.19
E 33 69 0.035888 0.007995 446.76 0.11
E 33 70 0.003953 0.000000 436.00 8.18
E 33 72 0.037940 0.004974 539.88 11.63
E 33 74 0.032212 0.002987 451.10 0.25
E 33 75 0.027986 0.002616 427.00 12.62
E 33 77 0.035539 0.004254 503.55 0.64
E 33 79 0.032352 0.004302 433.40 4.62
E 33 81 0.035387 0.005102 503.65 0.14
E 33 84 0.028657 0.003480 413.77 4.07
E 33 86 0.008210 0.000288 852.00 2.59
E 33 87 0.033945 0.006369 497.86 1.43
E 33 88 0.031038 0.005447 454.87 1.05
E 33 89 0.027910 0.002456 420.09 3.01
E 33 91 0.031325 0.005478 453.78 1.98
E 33 92 0.033733 0.003564 472.24 0.13
E 34 42 0.025800 0.002675 392.43 0.32
E 34 44 0.039057 0.008576 492.29 40.00
E 34 67 0.032410 0.004088 462.46 0.82
E 34 70 0.036658 0.006360 534.97 291.47
E 34 72 0.024866 0.002569 384.22 53.29
E 34 73 0.024659 0.004458 365.60 3.53
E 34 74 0.032139 0.002732 476.23 0.96
E 34 77 0.036478 0.005115 494.67 2.49
E 34 79 0.035492 0.008103 536.93 37.50
E 34 80 0.043257 0.009243 559.84 27.19
E 34 85 0.024842 0.002796 364.94 14.38
E 34 86 0.027198 0.004383 408.76 1.92
E 34 90 0.030485 0.006462 448.80 0.34
E 34 92 0.033696 0.004278 469.16 3.69
E 34 94 0.024850 0.003908 389.39 1.47
E 35 36 0.023713 0.001424 381.51 8.10
E 35 37 0.033080 0.001018 504.87 4.26
E 35 38 0.020664 0.001532 341.66 3.85
E 35 39 0.023145 0.003682 367.39 2.82
E 35 40 0.037403 0.004438 485.01 2.49
E 35 42 0.032157 0.002204 455.34 1.60
E 35 43 0.030909 0.005843 425.13 1.06
E 35 46 0.022834 0.001510 342.62 3.11
E 35 48 0.029348 0.001018 490.00 2.64
E 35 49 0.024402 0.003452 381.54 3.12
E 35 50 0.035200 0.001781 535.76 4.51
E 35 51 0.030650 0.003218 419.79 2.31
E 35 52 0.035826 0.003957 456.16 2.35
E 35 53 0.028241 0.002869 421.25 3.95
E 35 54 0.029035 0.002046 408.28 2.49
E 35 56 0.025257 0.001805 386.56 0.37
E 35 57 0.030026 0.001018 343.06 8.17
E 35 59 0.032424 0.005791 435.74 2.31
E 35 61 0.029322 0.002399 428.40 2.31
E 35 63 0.034776 0.001018 503.69 3.69
E 35 64 0.032402 0.001018 379.23 4.26
E 35 65 0.047496 0.009328 624.50 1.82
E 35 66 0.032184 0.002527 457.92 2.32
E 35 67 0.032451 0.005010 462.53 6.54
E 35 68 0.039288 0.006445 540.36 2.36
E 35 69 0.030366 0.001018 500.90 3.51
E 35 72 0.038844 0.004070 609.58 0.89
E 35 74 0.035398 0.003676 511.17 1.09
E 35 75 0.019451 0.000837 314.37 2.93
E 35 77 0.045233 0.008649 530.43 0.14
E 35 79 0.034343 0.004779 502.20 0.07
E 35 81 0.038011 0.005767 501.95 2.52
E 35 84 0.024744 0.002655 368.48 14.82
E 35 86 0.029349 0.001526 486.17 15.06
E 35 87 0.008306 0.000288 864.00 3.45
E 35 88 0.033672 0.007259 554.14 5.68
E 35 89 0.023033 0.002563 349.52 10.58
E 35 91 0.033321 0.004119 456.76 1.96
E 35 92 0.034986 0.004096 498.15 0.43
E 36 37 0.035241 0.005554 477.59 20.48
E 36 38 0.024023 0.001403 363.72 3.01
E 36 39 0.023978 0.003302 371.47 2.63
E 36 40 0.037680 0.002544 515.01 18.54
E 36 41 0.030550 0.001662 448.10 22.38
E 36 42 0.025823 0.000967 402.02 6.09
E 36 43 0.031258 0.006121 466.26 0.47
E 36 44 0.054789 0.001526 542.01 10.89
E 36 46 0.023445 0.001433 365.01 20.95
E 36 48 0.034208 0.008028 495.68 0.04
E 36 49 0.024478 0.003559 370.14 20.96
E 36 50 0.034209 0.008028 472.69 28.44
E 36 51 0.030706 0.003074 431.70 17.38
E 36 52 0.035217 0.002883 494.47 17.69
E 36 53 0.028029 0.002416 430.01 2.35
E 36 54 0.029848 0.002112 419.63 18.60
E 36 56 0.025206 0.001807 377.20 1.34
E 36 57 0.030898 0.004652 458.42 0.04
E 36 59 0.032385 0.005605 454.51 18.70
E 36 61 0.029111 0.001903 426.53 18.68
E 36 63 0.035740 0.003366 494.45 20.33
E 36 64 0.034504 0.004817 447.82 20.67
E 36 65 0.044499 0.012437 485.39 4.86
E 36 66 0.031313 0.002307 462.79 18.74
E 36 67 0.032361 0.005019 446.21 10.87
E 36 68 0.038843 0.006091 552.34 17.77
E 36 69 0.030898 0.004652 519.37 20.34
E 36 72 0.037940 0.008028 536.77 172.58
E 36 74 0.032106 0.002047 444.02 2.72
E 36 75 0.022861 0.000787 369.13 1.07
E 36 77 0.035486 0.004228 471.41 2.75
E 36 79 0.035177 0.005453 507.01 1.76
E 36 81 0.038674 0.005453 529.75 18.80
E 36 84 0.025165 0.003340 380.31 0.04
E 36 86 0.027351 0.004494 386.67 0.08
E 36 87 0.030898 0.004652 473.89 0.18
E 36 88 0.032245 0.002744 497.74 0.17
E 36 89 0.022873 0.002080 354.39 8.42
E 36 91 0.032222 0.004342 457.38 5.49
E 37 38 0.038505 0.009667 510.34 9.36
E 37 39 0.033080 0.000678 708.13 2.81
E 37 43 0.034494 0.006445 534.44 1.92
E 37 44 0.031074 0.004521 431.25 10.30
E 37 48 0.031123 0.004655 453.04 62.94
E 37 50 0.031162 0.004612 491.06 0.02
E 37 53 0.035241 0.005554 606.30 0.13
E 37 56 0.033081 0.002035 620.44 8.89
E 37 57 0.031177 0.004744 455.40 20.98
E 37 62 0.035745 0.007246 486.53 1.56
E 37 65 0.031145 0.006808 465.72 0.33
E 37 69 0.031276 0.004530 461.96 0.46
E 37 70 0.030921 0.004503 461.85 108.76
E 37 72 0.036302 0.013059 522.23 145.93
E 37 74 0.038887 0.005020 607.42 0.44
E 37 76 0.031312 0.004964 437.24 7.45
E 37 77 0.036247 0.005359 469.59 1.50
E 37 78 0.036182 0.006203 467.25 0.05
E 37 79 0.031745 0.004169 444.67 24.55
E 37 80 0.043256 0.008548 485.97 7.58
E 37 82 0.031185 0.004825 465.17 165.49
E 37 83 0.031270 0.004895 460.48 14.74
E 37 87 0.031159 0.004356 434.27 1.62
E 37 88 0.032020 0.006482 454.04 1.46
E 37 90 0.030853 0.006872 450.93 0.06
E 37 92 0.033503 0.004322 461.70 1.88
E 37 93 0.031291 0.004840 456.86 6.22
E 38 39 0.023181 0.003675 343.49 0.18
E 38 40 0.037402 0.002012 512.18 7.80
E 38 42 0.032004 0.002012 418.62 7.71
E 38 43 0.030625 0.006373 442.25 6.59
E 38 46 0.022717 0.001436 360.12 7.39
E 38 48 0.030025 0.002120 463.17 17.30
E 38 49 0.024067 0.003158 353.55 7.39
E 38 50 0.033854 0.002313 498.84 11.68
E 38 51 0.030540 0.002854 445.94 7.11
E 38 52 0.035824 0.003698 436.63 7.24
E 38 53 0.028051 0.002511 415.84 0.48
E 38 54 0.029134 0.002165 429.86 7.87
E 38 56 0.025219 0.001853 377.30 4.41
E 38 57 0.028725 0.002120 423.78 1.46
E 38 59 0.031380 0.004193 440.90 8.71
E 38 61 0.028942 0.002167 448.65 8.69
E 38 63 0.038336 0.003816 508.67 9.43
E 38 64 0.035113 0.002714 495.94 9.20
E 38 65 0.044865 0.010261 615.93 3.09
E 38 66 0.032015 0.002429 432.94 8.74
E 38 67 0.032779 0.006245 486.52 3.10
E 38 68 0.039286 0.006445 534.34 7.29
E 38 69 0.030703 0.002120 418.69 7.46
E 38 72 0.037940 0.004974 545.87 1.23
E 38 74 0.036292 0.003097 472.58 2.70
E 38 75 0.018580 0.001615 305.94 1.00
E 38 77 0.045232 0.008649 510.05 0.80
E 38 79 0.035354 0.003585 508.28 9.78
E 38 81 0.038009 0.002012 493.97 7.80
E 38 84 0.024596 0.002660 374.88 2.25
E 38 86 0.002929 0.000000 308.00 5.47
E 38 87 0.030987 0.003166 411.84 9.30
E 38 88 0.033008 0.002239 445.31 7.30
E 38 89 0.023135 0.002758 368.13 12.57
E 38 91 0.033293 0.004657 470.90 0.00
E 39 40 0.037403 0.002646 483.39 0.79
E 39 41 0.030138 0.002374 463.01 0.81
E 39 42 0.032004 0.002646 434.57 1.84
E 39 43 0.030908 0.005843 436.17 4.90
E 39 46 0.023950 0.003645 362.61 0.80
E 39 48 0.029263 0.000678 511.00 3.27
E 39 49 0.024402 0.003738 387.11 0.80
E 39 50 0.035200 0.001781 556.16 0.76
E 39 51 0.030649 0.003218 436.50 0.79
E 39 52 0.035451 0.003053 547.33 0.79
E 39 53 0.028240 0.003090 447.37 0.30
E 39 54 0.028972 0.002911 402.59 0.79
E 39 56 0.025240 0.003455 375.72 0.63
E 39 57 0.029263 0.001356 436.24 1.15
E 39 59 0.032390 0.005639 468.35 0.79
E 39 61 0.029187 0.003491 432.60 0.79
E 39 63 0.039637 0.005088 476.47 0.80
E 39 64 0.032401 0.000678 765.34 0.80
E 39 65 0.043143 0.013681 535.18 0.79
E 39 66 0.031316 0.003709 452.85 0.79
E 39 67 0.032439 0.004929 450.92 0.11
E 39 68 0.039287 0.006445 540.43 0.79
E 39 69 0.030874 0.000933 525.92 1.07
E 39 72 0.038844 0.004070 463.80 0.41
E 39 74 0.032243 0.003033 466.39 0.21
E 39 75 0.021982 0.003610 342.52 3.79
E 39 77 0.045233 0.008649 484.69 0.56
E 39 79 0.034479 0.004837 484.30 1.91
E 39 81 0.038010 0.002646 515.06 0.79
E 39 84 0.024536 0.003323 386.51 2.52
E 39 86 0.008210 0.000288 852.00 3.60
E 39 87 0.031271 0.001582 503.10 6.72
E 39 88 0.033671 0.002714 433.47 4.12
E 39 89 0.023530 0.003350 372.11 0.98
E 39 91 0.032569 0.004636 487.25 111.88
E 39 92 0.035185 0.002646 486.70 249.95
E 40 42 0.031462 0.001054 447.82 0.25
E 40 43 0.032132 0.006265 459.67 4.30
E 40 44 0.033502 0.004045 465.32 46.91
E 40 48 0.039503 0.005806 489.79 108.81
E 40 50 0.039297 0.006388 570.20 0.02
E 40 53 0.031896 0.002399 449.04 0.10
E 40 56 0.031026 0.001855 448.96 8.07
E 40 57 0.039345 0.004765 490.32 36.70
E 40 65 0.033721 0.006298 468.28 0.25
E 40 67 0.032365 0.004575 476.70 14.52
E 40 69 0.038718 0.005363 513.20 42.38
E 40 70 0.033721 0.002563 451.95 378.61
E 40 72 0.032090 0.002066 458.91 115.52
E 40 74 0.032797 0.002309 467.89 0.44
E 40 76 0.042013 0.010572 562.17 9.90
E 40 77 0.036845 0.005685 524.02 1.52
E 40 79 0.033246 0.004209 465.18 53.06
E 40 82 0.041244 0.008843 511.15 198.83
E 40 83 0.041318 0.010612 503.65 18.09
E 40 84 0.037235 0.010600 490.82 5.87
E 40 86 0.031741 0.003583 453.10 2.92
E 40 87 0.033502 0.003043 489.63 1.97
E 40 88 0.033441 0.005514 486.11 2.10
E 40 90 0.032626 0.006737 454.43 0.08
E 40 92 0.034396 0.004171 492.25 2.18
E 40 93 0.042534 0.010261 588.62 4.30
E 40 94 0.030133 0.001342 426.81 2.25
E 41 43 0.030733 0.006147 440.51 5.26
E 41 44 0.031525 0.005664 461.65 26.93
E 41 48 0.029684 0.004070 432.03 52.20
E 41 50 0.029651 0.003865 457.77 0.02
E 41 53 0.030357 0.001774 450.73 0.38
E 41 56 0.030262 0.001554 434.40 21.69
E 41 57 0.028511 0.003718 399.71 18.11
E 41 62 0.029398 0.004176 473.59 1.96
E 41 65 0.033799 0.007847 449.89 0.27
E 41 67 0.031661 0.003431 466.27 1.02
E 41 69 0.026739 0.003295 429.58 41.86
E 41 70 0.031330 0.003700 431.62 78.17
E 41 72 0.029701 0.001748 427.93 47.71
E 41 74 0.031047 0.001634 445.58 1.76
E 41 76 0.029553 0.004311 448.16 7.64
E 41 77 0.036107 0.005593 507.19 3.60
E 41 78 0.025074 0.004163 355.87 0.04
E 41 79 0.030959 0.004117 441.79 6.64
E 41 80 0.025730 0.017525 501.44 8.02
E 41 82 0.029602 0.005671 431.20 156.45
E 41 83 0.029719 0.004455 441.42 13.19
E 41 84 0.030292 0.001211 451.58 6.93
E 41 85 0.030110 0.001342 464.17 23.45
E 41 86 0.030575 0.004908 422.13 3.55
E 41 87 0.031289 0.003905 481.80 1.32
E 41 88 0.033332 0.006648 477.79 1.14
E 41 90 0.030192 0.006199 472.06 0.03
E 41 92 0.033713 0.003355 457.57 0.85
E 41 93 0.029902 0.007378 427.53 3.12
E 41 94 0.030227 0.002268 438.53 2.54
E 42 43 0.032666 0.005573 493.51 1.38
E 42 46 0.026196 0.001671 406.64 0.26
E 42 47 0.028256 0.002877 410.53 0.24
E 42 49 0.026213 0.004093 385.81 0.26
E 42 51 0.030617 0.003550 433.88 0.27
E 42 52 0.027342 0.001770 409.95 0.27
E 42 53 0.032004 0.006299 472.90 0.36
E 42 54 0.036244 0.001418 556.63 0.24
E 42 55 0.025792 0.002364 385.52 0.34
E 42 56 0.032157 0.002069 399.53 9.87
E 42 59 0.032628 0.006198 456.23 0.22
E 42 61 0.029008 0.002113 401.50 0.22
E 42 63 0.032122 0.003291 466.43 0.57
E 42 66 0.031472 0.002405 462.16 0.21
E 42 67 0.031941 0.005094 468.86 1.62
E 42 68 0.034032 0.003977 480.71 0.26
E 42 71 0.032447 0.006070 457.54 0.32
E 42 72 0.025810 0.001986 386.55 11.37
E 42 73 0.025972 0.004666 403.11 1.97
E 42 74 0.032184 0.002101 467.68 0.44
E 42 77 0.035869 0.004773 470.20 4.37
E 42 79 0.035418 0.002837 482.63 11.06
E 42 81 0.035484 0.005088 496.04 0.12
E 42 84 0.033969 0.005062 494.62 2.52
E 42 85 0.025655 0.002477 401.37 7.17
E 42 86 0.027479 0.004323 408.35 1.47
E 42 90 0.030334 0.006629 438.90 0.06
E 42 92 0.033838 0.004024 461.78 0.58
E 42 94 0.025842 0.003536 375.76 0.39
E 42 95 0.026904 0.001953 416.88 0.99
E 43 44 0.030108 0.006195 428.08 5.88
E 43 46 0.031156 0.006156 455.69 4.35
E 43 48 0.034493 0.006445 652.87 1.03
E 43 49 0.030951 0.006013 424.60 4.35
E 43 51 0.030837 0.005444 442.74 4.11
E 43 52 0.035172 0.005445 457.84 4.17
E 43 53 0.031403 0.006647 459.09 1.07
E 43 54 0.030966 0.006246 443.66 4.30
E 43 56 0.031428 0.006744 441.54 14.56
E 43 57 0.034493 0.006445 462.01 1.15
E 43 59 0.032871 0.006146 459.49 3.84
E 43 61 0.030897 0.005625 437.81 3.83
E 43 63 0.032468 0.006267 470.62 4.77
E 43 65 0.047497 0.009328 660.98 4.43
E 43 66 0.031334 0.005819 452.55 3.87
E 43 67 0.032427 0.005826 460.52 2.09
E 43 68 0.034035 0.005995 473.54 4.17
E 43 69 0.034493 0.006445 574.87 4.67
E 43 72 0.037941 0.006444 619.71 4.13
E 43 74 0.032178 0.005995 468.82 4.00
E 43 75 0.030324 0.005703 431.72 1.99
E 43 77 0.035397 0.005862 494.87 4.49
E 43 79 0.032338 0.005766 443.44 4.70
E 43 81 0.035264 0.006176 488.29 4.32
E 43 84 0.031479 0.006942 464.73 0.27
E 43 86 0.036218 0.008226 477.73 0.21
E 43 87 0.034493 0.006445 527.15 0.42
E 43 88 0.030898 0.006176 474.54 184.87
E 43 89 0.030422 0.005725 429.58 5.13
E 43 91 0.031386 0.005737 457.08 4.00
E 43 92 0.033694 0.006062 477.77 8.40
E 44 48 0.031773 0.006249 435.92 4.04
E 44 50 0.028101 0.003881 441.50 24.31
E 44 51 0.033135 0.006484 466.80 51.16
E 44 52 0.034418 0.007274 486.69 50.07
E 44 53 0.036472 0.009271 466.40 31.84
E 44 54 0.029698 0.004227 426.79 46.68
E 44 55 0.039335 0.007538 587.41 39.24
E 44 57 0.027631 0.003607 415.82 9.13
E 44 58 0.033434 0.007123 482.34 26.53
E 44 59 0.033269 0.008537 410.62 54.70
E 44 60 0.033434 0.007123 477.71 26.21
E 44 61 0.029960 0.005789 424.23 55.04
E 44 63 0.033490 0.004125 456.00 25.37
E 44 64 0.027979 0.003971 425.56 25.49
E 44 65 0.030140 0.006778 445.15 7.19
E 44 68 0.033864 0.004263 485.67 49.65
E 44 69 0.027573 0.003736 416.46 16.61
E 44 70 0.028269 0.003980 403.08 0.56
E 44 71 0.038336 0.007259 464.58 38.97
E 44 72 0.039039 0.014779 527.21 2.47
E 44 74 0.037759 0.006377 482.53 5.54
E 44 76 0.037968 0.005879 508.18 8.67
E 44 77 0.035539 0.004283 473.85 2.85
E 44 78 0.038691 0.006476 475.89 24.71
E 44 79 0.031877 0.004289 466.37 5.19
E 44 80 0.039805 0.017525 560.41 3.47
E 44 81 0.035469 0.005491 490.02 46.88
E 44 82 0.027692 0.004251 423.85 17.05
E 44 83 0.036325 0.007074 451.54 4.59
E 44 85 0.039947 0.007887 458.02 5.58
E 44 86 0.002929 0.000000 308.00 2.11
E 44 87 0.028213 0.004546 444.13 3.12
E 44 90 0.037978 0.009497 486.33 19.44
E 44 91 0.031568 0.006048 426.47 16.92
E 44 92 0.033721 0.004232 463.75 158.53
E 44 93 0.028265 0.004174 382.68 0.00
E 46 53 0.027815 0.002434 403.07 0.16
E 46 56 0.025225 0.001888 367.60 8.45
E 46 67 0.031989 0.004675 459.73 1.18
E 46 74 0.031986 0.001993 457.59 1.80
E 46 75 0.022880 0.001491 361.76 30.89
E 46 77 0.034507 0.004330 472.55 1.54
E 46 79 0.034883 0.004731 527.75 124.05
E 46 84 0.025813 0.003615 395.29 5.54
E 46 86 0.027609 0.004827 370.56 3.01
E 47 67 0.032712 0.006982 477.17 24.08
E 47 70 0.012037 0.000256 1156.00 378.31
E 47 72 0.027421 0.004529 446.19 40.20
E 47 73 0.020008 0.004353 326.81 3.80
E 47 74 0.035806 0.002601 512.04 1.41
E 47 77 0.039163 0.004876 460.67 4.57
E 47 79 0.035491 0.003467 467.74 128.81
E 47 85 0.021211 0.002644 324.25 17.00
E 47 86 0.027011 0.004014 404.41 2.08
E 47 90 0.031134 0.006198 484.38 0.39
E 47 94 0.027060 0.008112 381.39 1.87
E 48 50 0.021588 0.003613 337.77 88.15
E 48 51 0.032358 0.002862 478.75 109.58
E 48 52 0.034968 0.002431 483.29 107.48
E 48 53 0.031976 0.003816 470.50 3.05
E 48 54 0.036605 0.002431 502.71 110.51
E 48 56 0.029688 0.002035 357.87 0.75
E 48 57 0.026050 0.003712 393.40 0.27
E 48 58 0.021243 0.004334 337.61 47.55
E 48 60 0.021243 0.003344 327.36 46.53
E 48 62 0.020903 0.003018 333.94 2.91
E 48 63 0.037524 0.004070 539.15 97.32
E 48 64 0.026144 0.004003 367.98 61.96
E 48 65 0.030531 0.006791 454.33 7.08
E 48 68 0.039717 0.006033 534.29 107.77
E 48 69 0.025722 0.004409 357.88 85.70
E 48 70 0.026251 0.003334 401.81 2.16
E 48 71 0.033411 0.007454 449.89 140.43
E 48 72 0.038845 0.004070 471.46 22.44
E 48 74 0.039571 0.002714 499.54 6.30
E 48 76 0.020904 0.002983 342.72 0.31
E 48 77 0.045234 0.008649 547.49 1.01
E 48 78 0.019752 0.003251 313.89 30.49
E 48 79 0.034233 0.002917 560.64 2.18
E 48 80 0.019656 0.003364 325.07 0.50
E 48 81 0.038242 0.006143 462.15 110.88
E 48 82 0.021623 0.003599 350.49 0.04
E 48 83 0.020479 0.002900 330.04 0.14
E 48 87 0.028783 0.003890 414.40 0.49
E 48 88 0.034586 0.006631 509.00 0.64
E 48 91 0.033870 0.005653 439.27 36.80
E 49 53 0.027828 0.003800 436.50 0.16
E 49 56 0.025237 0.003444 391.96 8.45
E 49 67 0.032005 0.004618 468.49 1.16
E 49 74 0.031987 0.003731 454.20 1.73
E 49 75 0.024383 0.003405 391.23 30.92
E 49 77 0.034569 0.004679 500.00 1.53
E 49 79 0.034616 0.004330 460.52 122.93
E 49 84 0.025885 0.003770 419.59 5.55
E 49 86 0.027475 0.004452 394.33 2.99
E 50 51 0.032358 0.002862 561.34 0.02
E 50 52 0.035057 0.002318 451.05 0.02
E 50 53 0.032589 0.001696 490.97 0.15
E 50 54 0.036605 0.001809 494.69 0.02
E 50 55 0.032984 0.001938 535.08 0.01
E 50 56 0.013283 0.000672 1428.00 5.19
E 50 57 0.026537 0.003188 416.75 25.97
E 50 58 0.021215 0.004093 329.61 0.02
E 50 60 0.021072 0.001613 345.77 0.02
E 50 62 0.021091 0.001393 338.31 1.78
E 50 63 0.037470 0.003669 515.56 0.03
E 50 64 0.025954 0.004074 386.51 0.03
E 50 65 0.030652 0.006601 478.67 0.21
E 50 68 0.039717 0.006033 479.88 0.02
E 50 69 0.028561 0.002416 458.93 0.02
E 50 70 0.026660 0.002343 393.40 48.69
E 50 71 0.031686 0.004636 511.09 0.01
E 50 72 0.037940 0.004974 498.41 70.04
E 50 74 0.039571 0.002714 471.25 0.57
E 50 76 0.020955 0.001603 318.57 7.22
E 50 77 0.044272 0.008480 505.78 1.42
E 50 78 0.030842 0.002307 444.54 0.02
E 50 79 0.034232 0.001470 506.79 18.76
E 50 80 0.043256 0.002374 568.49 7.24
E 50 81 0.035326 0.005270 477.90 0.02
E 50 82 0.021813 0.003677 344.35 186.25
E 50 83 0.020924 0.001050 334.32 7.67
E 50 87 0.025868 0.003492 377.75 0.96
E 50 88 0.031697 0.006500 442.96 0.76
E 50 90 0.038734 0.012437 657.94 0.04
E 50 91 0.030534 0.001809 439.83 0.02
E 50 92 0.034362 0.001809 495.20 0.55
E 50 93 0.023144 0.005281 351.70 3.46
E 51 53 0.030700 0.003189 442.10 0.10
E 51 56 0.030698 0.003212 461.98 7.78
E 51 57 0.033145 0.003636 469.32 35.95
E 51 65 0.035660 0.009366 453.08 0.23
E 51 67 0.032572 0.004793 452.41 6.60
E 51 69 0.032286 0.002714 506.98 42.94
E 51 70 0.032556 0.003418 458.65 424.31
E 51 72 0.034944 0.006274 475.24 135.80
E 51 74 0.032042 0.003247 458.91 0.51
E 51 75 0.029941 0.003558 401.01 38.89
E 51 77 0.036071 0.004815 465.57 1.50
E 51 79 0.032696 0.004470 473.40 50.52
E 51 84 0.030681 0.003404 451.03 5.69
E 51 86 0.029944 0.004410 431.25 3.04
E 51 87 0.032835 0.004017 523.25 2.08
E 51 88 0.031613 0.006266 457.18 2.04
E 51 90 0.029775 0.006219 423.62 0.05
E 51 92 0.033703 0.003490 460.20 2.62
E 52 53 0.035217 0.003746 433.61 0.10
E 52 56 0.035731 0.003423 510.92 7.86
E 52 57 0.035282 0.002770 462.21 35.58
E 52 65 0.034790 0.008335 506.43 0.24
E 52 67 0.032188 0.004583 472.81 9.10
E 52 69 0.035396 0.002572 470.80 44.75
E 52 70 0.033233 0.003053 489.18 413.14
E 52 72 0.027690 0.002140 433.51 130.91
E 52 73 0.025624 0.003829 371.83 21.62
E 52 74 0.032356 0.002418 462.77 0.49
E 52 77 0.036015 0.004568 494.94 1.50
E 52 79 0.036030 0.005385 518.40 50.38
E 52 83 0.030367 0.000000 461.55 18.78
E 52 84 0.035732 0.006699 568.42 5.75
E 52 85 0.027132 0.002148 396.22 22.66
E 52 86 0.027687 0.004796 389.71 3.02
E 52 87 0.034418 0.003969 452.55 2.03
E 52 88 0.034618 0.006869 500.80 2.01
E 52 90 0.030418 0.006832 445.94 0.06
E 52 92 0.033830 0.003721 483.15 2.06
E 52 94 0.027332 0.002240 404.23 2.44
E 53 54 0.029567 0.003325 431.94 0.10
E 53 56 0.028487 0.003301 446.08 1.18
E 53 57 0.033545 0.004706 457.85 2.78
E 53 59 0.032872 0.006146 476.29 0.10
E 53 61 0.029162 0.002797 441.07 0.10
E 53 63 0.032784 0.003412 453.66 0.12
E 53 64 0.034504 0.004817 498.55 0.13
E 53 65 0.044499 0.012437 523.02 0.19
E 53 66 0.031489 0.002659 451.84 0.10
E 53 67 0.032382 0.005083 471.58 0.04
E 53 68 0.034223 0.004022 477.82 0.09
E 53 69 0.033545 0.004706 473.39 0.09
E 53 72 0.037940 0.004974 500.28 13.96
E 53 74 0.032171 0.002573 433.96 0.08
E 53 75 0.027606 0.002529 422.78 32.27
E 53 77 0.035597 0.004386 478.83 0.59
E 53 79 0.032266 0.004436 438.72 3.91
E 53 81 0.035388 0.005102 502.15 0.08
E 53 84 0.028446 0.003446 425.01 0.97
E 53 86 0.008210 0.000288 852.00 3.57
E 53 87 0.033805 0.005379 527.52 4.03
E 53 88 0.031038 0.005665 456.97 3.99
E 53 89 0.027669 0.002476 419.94 1.40
E 53 91 0.031562 0.005788 494.40 0.42
E 53 92 0.033733 0.003564 466.09 1.33
E 54 56 0.029159 0.001868 447.30 8.07
E 54 57 0.034660 0.002401 518.88 37.23
E 54 65 0.034709 0.008270 543.45 0.24
E 54 67 0.032921 0.004791 431.05 12.87
E 54 69 0.034954 0.001714 465.91 40.66
E 54 70 0.033864 0.003101 470.20 375.45
E 54 72 0.036580 0.006784 467.88 114.53
E 54 74 0.032323 0.002130 434.23 0.44
E 54 75 0.027376 0.001661 393.08 39.76
E 54 76 0.037151 0.008607 460.27 10.18
E 54 77 0.035772 0.004250 504.93 1.53
E 54 79 0.032445 0.004056 445.04 54.68
E 54 84 0.028992 0.002985 413.78 5.86
E 54 86 0.036302 0.002863 481.61 2.89
E 54 87 0.034234 0.003654 456.35 1.99
E 54 88 0.031206 0.005888 471.65 2.13
E 54 90 0.034306 0.008734 471.89 0.08
E 54 92 0.033870 0.003195 475.16 2.16
E 54 94 0.036230 0.009469 563.03 2.23
E 55 62 0.024058 0.000746 364.49 2.21
E 55 65 0.029463 0.002148 475.34 0.72
E 55 67 0.039073 0.006219 520.17 0.83
E 55 70 0.036658 0.005276 480.59 283.18
E 55 72 0.025125 0.002402 381.89 53.63
E 55 73 0.020206 0.004826 318.64 3.53
E 55 74 0.035736 0.002393 509.38 0.96
E 55 76 0.025844 0.001823 356.23 13.09
E 55 77 0.036310 0.005058 470.35 2.49
E 55 78 0.022867 0.003204 389.81 0.08
E 55 79 0.035492 0.003467 450.52 35.82
E 55 80 0.029010 0.014246 408.13 26.88
E 55 83 0.005682 0.000128 536.00 6.33
E 55 85 0.021305 0.002809 322.43 14.42
E 55 86 0.027138 0.004309 395.08 1.91
E 55 90 0.030592 0.006445 441.10 0.34
E 55 92 0.034098 0.001658 454.92 0.90
E 55 94 0.023640 0.003916 369.15 1.47
E 56 57 0.008402 0.000576 876.00 4.16
E 56 59 0.032411 0.005789 467.07 7.68
E 56 61 0.029418 0.002338 438.04 7.68
E 56 63 0.031786 0.002701 461.65 8.75
E 56 64 0.032402 0.000000 409.69 8.88
E 56 65 0.005282 0.000192 544.00 33.95
E 56 66 0.031517 0.002726 441.10 7.70
E 56 67 0.032263 0.004869 482.86 2.16
E 56 68 0.039288 0.006445 532.57 7.87
E 56 69 0.031723 0.002035 675.65 8.95
E 56 72 0.038845 0.004070 582.39 5.89
E 56 74 0.032158 0.002116 475.78 1.61
E 56 75 0.024792 0.001538 399.81 7.79
E 56 77 0.046307 0.009412 631.86 0.09
E 56 79 0.031888 0.004291 466.67 0.14
E 56 81 0.034475 0.004429 452.76 8.19
E 56 84 0.025213 0.003012 398.51 3.20
E 56 86 0.029689 0.002035 475.36 10.49
E 56 87 0.008402 0.000576 876.00 8.30
E 56 88 0.031270 0.002035 533.67 67.81
E 56 89 0.025179 0.002586 367.36 28.28
E 56 91 0.031433 0.005736 460.19 7.30
E 57 58 0.026479 0.004855 394.59 16.88
E 57 60 0.026376 0.002520 390.76 16.59
E 57 62 0.027953 0.006728 408.32 6.44
E 57 63 0.037432 0.003856 550.90 34.65
E 57 64 0.033918 0.006865 472.22 20.70
E 57 65 0.030181 0.006452 439.42 3.44
E 57 68 0.039183 0.005667 571.44 35.77
E 57 69 0.019673 0.001621 312.82 29.26
E 57 70 0.026125 0.002251 379.13 22.71
E 57 72 0.038845 0.004070 469.73 7.71
E 57 74 0.038887 0.002925 527.85 4.87
E 57 76 0.028782 0.007651 495.89 0.72
E 57 77 0.045234 0.008649 529.57 3.71
E 57 79 0.031779 0.004070 440.15 41.71
E 57 81 0.038384 0.006251 523.38 36.90
E 57 82 0.025854 0.006372 405.81 0.41
E 57 83 0.029687 0.000566 425.84 0.06
E 57 87 0.025867 0.003242 382.21 0.59
E 57 88 0.032536 0.006656 472.83 0.48
E 57 91 0.031570 0.005719 463.35 21.30
E 58 62 0.020735 0.003824 318.23 1.89
E 58 65 0.034905 0.009778 469.02 0.63
E 58 69 0.026827 0.004225 379.47 176.15
E 58 70 0.031353 0.006006 469.19 80.75
E 58 72 0.038847 0.004070 691.17 43.83
E 58 76 0.020621 0.003838 331.26 10.64
E 58 77 0.049362 0.005088 627.37 6.08
E 58 78 0.020231 0.003718 303.75 0.08
E 58 80 0.019839 0.003903 320.58 25.60
E 58 82 0.021672 0.004039 371.41 63.90
E 58 83 0.021000 0.004220 322.89 12.68
E 58 87 0.029262 0.005607 422.36 1.27
E 58 88 0.034097 0.007598 479.72 1.09
E 58 92 0.034281 0.004225 456.72 0.75
E 58 93 0.024028 0.006213 369.33 2.97
E 59 67 0.032391 0.004960 453.09 1.69
E 59 72 0.032996 0.007698 477.67 158.58
E 59 74 0.032578 0.005236 471.13 0.64
E 59 75 0.032275 0.004516 466.46 34.85
E 59 77 0.036059 0.006432 490.56 1.50
E 59 79 0.032709 0.005858 475.65 66.08
E 59 84 0.032358 0.005714 442.23 5.14
E 59 86 0.032618 0.006663 474.52 2.89
E 59 88 0.032728 0.006432 446.74 2.47
E 59 90 0.033050 0.007288 473.85 0.04
E 59 92 0.033738 0.006052 483.19 3.14
E 60 62 0.019291 0.001961 310.71 1.90
E 60 65 0.035499 0.010354 453.93 0.26
E 60 69 0.026828 0.001696 412.28 36.24
E 60 70 0.031908 0.004240 423.76 83.96
E 60 72 0.038847 0.004070 442.31 43.69
E 60 76 0.019240 0.001954 301.73 7.79
E 60 77 0.002065 0.000000 200.00 6.26
E 60 78 0.019135 0.002050 304.09 0.04
E 60 80 0.018463 0.002341 311.74 8.49
E 60 82 0.021669 0.003550 346.00 61.45
E 60 83 0.019266 0.001844 316.12 12.50
E 60 87 0.029611 0.004127 412.10 1.26
E 60 88 0.034097 0.007598 435.33 1.08
E 60 90 0.001841 0.000000 172.00 0.03
E 60 93 0.023916 0.006076 389.79 2.92
E 61 67 0.032083 0.004858 454.30 1.69
E 61 72 0.038845 0.004070 581.86 159.54
E 61 74 0.032079 0.002116 460.99 0.65
E 61 75 0.029099 0.001962 413.37 34.83
E 61 77 0.036060 0.004775 493.31 1.50
E 61 79 0.032301 0.004388 482.12 64.33
E 61 84 0.029374 0.003581 425.92 5.12
E 61 86 0.028996 0.004368 432.74 2.92
E 61 88 0.030748 0.005286 452.71 2.47
E 61 90 0.029536 0.006204 433.29 0.04
E 61 92 0.033728 0.003462 475.74 3.16
E 62 63 0.038375 0.004934 560.03 2.92
E 62 64 0.026161 0.004209 399.16 2.61
E 62 65 0.036526 0.010515 507.29 0.17
E 62 69 0.029390 0.006728 465.90 2.18
E 62 70 0.036019 0.005163 514.60 8.54
E 62 71 0.033059 0.006730 455.62 4.06
E 62 76 0.018692 0.001431 293.62 0.64
E 62 78 0.017535 0.002297 288.45 0.90
E 62 80 0.017576 0.001478 283.13 2.06
E 62 81 0.038556 0.007055 501.86 68.44
E 62 82 0.021759 0.003721 352.27 4.58
E 62 83 0.018777 0.001342 289.72 12.60
E 62 87 0.030550 0.005800 460.28 0.90
E 62 88 0.032808 0.006728 609.30 0.94
E 62 93 0.024017 0.006189 389.40 1.96
E 63 65 0.033585 0.006854 474.71 0.31
E 63 69 0.037848 0.004365 515.29 50.97
E 63 70 0.033540 0.003327 492.63 115.01
E 63 72 0.033074 0.003342 449.56 80.93
E 63 74 0.033091 0.003420 451.39 0.62
E 63 76 0.037686 0.005148 484.54 7.45
E 63 77 0.036694 0.005729 495.92 1.79
E 63 78 0.036303 0.002162 489.68 0.05
E 63 79 0.033007 0.004254 486.06 29.61
E 63 80 0.049701 0.000000 645.99 7.57
E 63 82 0.037584 0.005936 554.45 173.04
E 63 83 0.037686 0.003024 553.03 15.39
E 63 86 0.032122 0.004571 463.72 3.18
E 63 87 0.033432 0.003624 452.47 1.70
E 63 88 0.033382 0.006344 468.22 1.41
E 63 90 0.033064 0.006872 491.73 0.07
E 63 92 0.034248 0.004279 483.18 1.54
E 63 93 0.037284 0.006077 554.91 3.60
E 63 94 0.032122 0.003291 431.01 2.28
E 64 65 0.030393 0.006874 453.84 0.32
E 64 69 0.035970 0.006909 527.55 52.58
E 64 70 0.026702 0.003668 386.50 104.84
E 64 72 0.036713 0.013059 475.40 149.25
E 64 74 0.038317 0.005597 529.86 0.70
E 64 76 0.025607 0.004105 374.51 7.43
E 64 77 0.042095 0.007779 534.11 1.50
E 64 78 0.033504 0.002968 567.19 0.05
E 64 79 0.035487 0.007869 477.36 24.31
E 64 80 0.043256 0.002714 580.35 7.61
E 64 82 0.026027 0.004257 383.17 165.34
E 64 83 0.025659 0.004114 377.96 14.91
E 64 87 0.026402 0.004075 381.56 1.57
E 64 88 0.031848 0.006772 438.66 1.39
E 64 90 0.034211 0.010515 494.44 0.06
E 64 92 0.033727 0.004487 490.78 1.41
E 64 93 0.025658 0.005422 406.40 3.50
E 65 68 0.034030 0.007249 493.00 0.24
E 65 69 0.030182 0.006452 430.71 0.29
E 65 70 0.029927 0.006815 434.14 8.11
E 65 71 0.032652 0.007861 456.48 0.20
E 65 72 0.039456 0.011242 567.70 4.48
E 65 74 0.041431 0.009497 542.91 0.25
E 65 76 0.036669 0.011134 477.42 0.83
E 65 77 0.036247 0.007249 484.08 1.25
E 65 78 0.041433 0.009498 504.71 0.26
E 65 79 0.031917 0.006030 434.29 26.04
E 65 80 0.047101 0.007462 483.82 1.62
E 65 81 0.035199 0.006403 473.86 0.26
E 65 82 0.030741 0.006976 459.77 141.53
E 65 83 0.030631 0.007426 428.75 0.78
E 65 87 0.030185 0.006859 468.38 0.23
E 65 88 0.032120 0.006763 465.05 0.13
E 65 90 0.036193 0.009897 450.39 0.25
E 65 91 0.031397 0.006403 456.74 3.42
E 65 92 0.033487 0.006403 475.99 70.03
E 65 93 0.030519 0.006968 454.98 150.64
E 66 67 0.032195 0.004735 455.06 1.69
E 66 72 0.031538 0.002410 449.67 157.72
E 66 74 0.031987 0.002265 453.47 0.63
E 66 75 0.029123 0.001244 386.24 34.87
E 66 77 0.036059 0.004775 484.23 1.50
E 66 79 0.032026 0.004133 456.44 67.82
E 66 84 0.031389 0.003139 474.27 5.17
E 66 85 0.031104 0.002404 430.79 23.31
E 66 86 0.031527 0.004359 447.30 2.87
E 66 88 0.031329 0.005005 445.00 2.48
E 66 90 0.032023 0.005845 484.85 0.04
E 66 92 0.033786 0.003744 439.21 3.13
E 66 94 0.030932 0.002507 453.28 2.54
E 67 68 0.033467 0.004583 450.43 9.08
E 67 72 0.032411 0.004088 470.88 1.88
E 67 73 0.030706 0.005540 385.21 0.77
E 67 74 0.032656 0.004827 474.72 1.87
E 67 75 0.031179 0.005936 448.66 7.85
E 67 77 0.034632 0.004460 492.42 1.04
E 67 79 0.031646 0.004909 443.67 9.13
E 67 81 0.034301 0.005106 476.42 3.19
E 67 84 0.032121 0.004805 460.30 3.07
E 67 86 0.032303 0.005254 462.40 3.80
E 67 88 0.031856 0.005380 436.29 3.00
E 67 89 0.032192 0.004718 438.14 1.43
E 67 90 0.032401 0.005936 443.88 11.25
E 67 91 0.032409 0.006160 452.56 7.58
E 67 92 0.033351 0.004777 482.29 2.87
E 67 95 0.032401 0.004460 460.68 0.02
E 68 69 0.039716 0.006033 520.09 44.32
E 68 70 0.033674 0.003741 471.73 408.41
E 68 72 0.033870 0.003817 488.77 128.77
E 68 74 0.034176 0.003844 458.70 0.48
E 68 77 0.036727 0.005751 489.47 1.50
E 68 79 0.034506 0.004585 496.81 51.34
E 68 84 0.039214 0.007608 543.85 5.76
E 68 85 0.032898 0.003083 451.50 22.43
E 68 86 0.033685 0.004354 494.93 3.00
E 68 87 0.034030 0.003722 467.87 2.02
E 68 88 0.034362 0.005886 488.48 2.02
E 68 90 0.034194 0.006852 490.17 0.06
E 68 92 0.034382 0.004269 507.24 2.11
E 68 94 0.032906 0.003117 470.23 2.42
E 69 70 0.026126 0.002251 402.33 47.23
E 69 72 0.038845 0.004070 502.37 156.73
E 69 74 0.038887 0.002925 543.18 0.32
E 69 76 0.029832 0.007651 541.24 3.48
E 69 77 0.045234 0.008649 608.20 1.51
E 69 79 0.031780 0.004070 428.84 22.72
E 69 81 0.038398 0.005489 524.42 2.30
E 69 82 0.026739 0.006973 385.79 139.06
E 69 83 0.030281 0.001187 479.68 16.77
E 69 87 0.025917 0.003286 405.53 1.40
E 69 88 0.032181 0.006187 445.92 1.52
E 69 92 0.034215 0.001696 456.70 1.41
E 69 93 0.028784 0.002261 391.39 4.03
E 70 71 0.032641 0.006319 443.40 279.92
E 70 72 0.037064 0.009921 475.68 9.86
E 70 74 0.037732 0.006493 565.24 6.71
E 70 76 0.037064 0.005936 539.59 5.38
E 70 77 0.036247 0.005359 477.94 0.24
E 70 78 0.039668 0.005718 573.09 14.02
E 70 79 0.031825 0.004360 451.67 0.11
E 70 80 0.039182 0.011058 464.27 0.59
E 70 81 0.035239 0.005135 477.90 364.52
E 70 82 0.026293 0.003868 398.01 0.42
E 70 83 0.026565 0.002334 406.13 3.17
E 70 85 0.038845 0.005795 460.41 6.73
E 70 86 0.012884 0.000608 1320.00 32.56
E 70 87 0.026640 0.003163 396.69 0.00
E 70 88 0.032102 0.007033 469.12 0.00
E 70 90 0.034124 0.009497 458.91 118.90
E 70 91 0.031447 0.006044 487.45 11.61
E 70 92 0.033462 0.003443 476.97 0.00
E 70 93 0.026634 0.004777 398.64 0.00
E 70 95 0.034805 0.004440 472.38 0.00
E 71 72 0.032607 0.006127 439.71 57.38
E 71 73 0.032585 0.006313 446.26 3.54
E 71 74 0.032497 0.006438 458.78 0.87
E 71 76 0.032734 0.006369 455.53 12.99
E 71 77 0.037013 0.005956 505.40 2.30
E 71 78 0.032779 0.006570 474.66 0.08
E 71 79 0.035491 0.003467 488.33 37.51
E 71 80 0.030197 0.014246 399.52 26.79
E 71 83 0.032704 0.006451 468.76 6.33
E 71 85 0.033121 0.006640 472.64 14.84
E 71 86 0.032583 0.006313 472.50 1.91
E 71 90 0.032851 0.006784 459.83 0.34
E 71 92 0.033677 0.006438 475.43 0.98
E 71 93 0.033337 0.007146 451.03 4.27
E 71 94 0.033256 0.006430 435.69 1.52
E 72 73 0.024691 0.004458 360.72 2.54
E 72 74 0.032321 0.002389 457.77 4.64
E 72 76 0.036303 0.013059 451.35 3.84
E 72 77 0.036658 0.005115 502.49 2.38
E 72 79 0.035937 0.011338 494.66 4.33
E 72 81 0.035430 0.005116 495.00 116.68
E 72 83 0.037942 0.004975 616.02 78.74
E 72 84 0.040372 0.014076 562.62 22.52
E 72 85 0.024617 0.002586 369.94 11.39
E 72 86 0.027250 0.004465 404.59 1.04
E 72 87 0.037940 0.004974 539.87 1.69
E 72 88 0.037940 0.004974 457.60 1.33
E 72 90 0.030433 0.006350 456.06 31.21
E 72 91 0.010738 0.001408 1168.00 18.78
E 72 92 0.033671 0.004157 473.72 10.99
E 73 74 0.038809 0.003618 585.77 2.17
E 73 77 0.040627 0.005993 540.59 2.96
E 73 79 0.035491 0.003467 571.96 3.45
E 73 85 0.021163 0.004392 320.51 0.61
E 73 86 0.027088 0.004486 392.74 0.09
E 73 89 0.025748 0.007651 455.67 1.96
E 73 90 0.030456 0.006270 438.85 1.72
E 74 77 0.036223 0.004692 478.07 0.55
E 74 79 0.032231 0.003920 469.69 3.82
E 74 81 0.035196 0.004951 503.97 0.28
E 74 84 0.032217 0.003105 463.99 7.04
E 74 85 0.031305 0.002193 428.14 14.31
E 74 86 0.032067 0.004359 472.27 7.04
E 74 87 0.038317 0.003765 472.67 2.85
E 74 88 0.032073 0.005005 447.78 2.73
E 74 89 0.031818 0.002273 476.44 1.99
E 74 90 0.032150 0.006714 471.14 0.41
E 74 91 0.032314 0.006262 449.78 0.92
E 74 92 0.033796 0.003648 466.38 1.55
E 74 94 0.031901 0.004301 451.91 0.26
E 75 79 0.003057 0.000000 324.00 682.14
E 75 84 0.024980 0.002881 388.29 0.55
E 75 89 0.023201 0.003061 364.71 28.21
E 76 77 0.043172 0.006275 529.98 0.23
E 76 78 0.018525 0.002804 296.31 6.80
E 76 80 0.018446 0.001517 291.65 1.86
E 76 81 0.039073 0.008607 428.30 6.93
E 76 82 0.021619 0.003562 338.43 0.63
E 76 83 0.018830 0.001594 299.55 3.03
E 76 87 0.030986 0.007293 490.92 5.80
E 76 88 0.033673 0.007651 462.27 7.41
E 76 90 0.033590 0.004918 515.16 68.72
E 77 79 0.035937 0.004763 482.04 0.14
E 77 81 0.036480 0.005100 500.60 1.53
E 77 84 0.049360 0.010600 539.05 15.47
E 77 85 0.036136 0.005183 500.60 8.28
E 77 86 0.035896 0.004655 499.73 63.01
E 77 87 0.035539 0.004254 460.70 43.64
E 77 88 0.035938 0.004970 495.01 121.57
E 77 89 0.035356 0.004162 470.44 24.08
E 77 90 0.036891 0.006460 480.09 16.32
E 77 91 0.035647 0.006239 499.26 0.07
E 77 92 0.036814 0.005615 504.75 0.00
E 78 80 0.016139 0.002169 249.20 3.86
E 78 82 0.027314 0.002883 544.78 19.53
E 78 83 0.019023 0.002924 292.38 6.54
E 78 93 0.023638 0.005731 374.19 3.85
E 78 94 0.028078 0.005936 449.72 0.98
E 79 81 0.035384 0.005435 487.26 50.54
E 79 84 0.031803 0.004175 449.84 8.40
E 79 86 0.035490 0.003468 464.48 11.31
E 79 87 0.032203 0.004329 438.94 6.17
E 79 88 0.032701 0.005918 481.23 23.88
E 79 89 0.035422 0.005470 529.68 86.51
E 79 90 0.031800 0.006737 446.51 119.36
E 79 91 0.032725 0.005520 454.15 4.43
E 79 92 0.033963 0.004433 484.94 0.00
E 80 83 0.018862 0.001539 291.01 2.45
E 80 90 0.051398 0.000000 731.86 18.33
E 81 82 0.035004 0.005583 489.27 186.39
E 81 83 0.039525 0.000678 437.60 18.07
E 81 84 0.038719 0.010600 616.77 5.93
E 81 86 0.035371 0.005054 475.57 2.94
E 81 87 0.035369 0.005409 483.58 1.95
E 81 88 0.035385 0.005796 509.33 2.06
E 81 90 0.035366 0.006737 483.77 0.06
E 81 92 0.035568 0.005706 484.43 2.16
E 82 83 0.021589 0.003494 341.99 0.27
E 82 87 0.025778 0.004345 393.00 0.84
E 82 88 0.031637 0.006614 460.08 1.09
E 82 91 0.001841 0.000000 172.00 0.00
E 83 87 0.030988 0.003166 499.05 0.12
E 83 88 0.031271 0.000905 524.69 0.13
E 83 93 0.023919 0.006109 359.00 3.98
E 84 86 0.040373 0.014076 622.29 0.03
E 84 88 0.005137 0.000000 584.00 0.06
E 84 89 0.025370 0.003523 389.54 2.47
E 84 91 0.031558 0.006099 453.99 1.26
E 84 92 0.033839 0.004024 447.32 0.79
E 85 86 0.027129 0.004293 408.90 0.12
E 85 90 0.030742 0.006649 454.32 2.84
E 85 94 0.023649 0.004080 360.65 0.59
E 85 95 0.027268 0.002612 410.11 0.00
E 86 89 0.026968 0.004049 392.77 1.57
E 86 90 0.030362 0.006294 424.94 0.85
E 86 92 0.033839 0.004024 502.24 0.03
E 86 94 0.027119 0.004250 403.77 0.23
E 86 95 0.027092 0.004201 406.79 0.76
E 87 88 0.032373 0.006239 444.15 3.27
E 87 90 0.004849 0.000000 548.00 1.11
E 87 91 0.031454 0.005727 442.92 2.08
E 87 92 0.033506 0.003342 449.34 4.62
E 87 93 0.026121 0.004630 400.11 732.40
E 88 91 0.032124 0.006573 461.28 1.81
E 88 92 0.033867 0.005669 482.89 1.68
E 88 93 0.031046 0.005660 451.07 4.79
E 90 92 0.033695 0.006737 475.91 0.12
E 90 94 0.030655 0.006619 433.62 0.01
E 91 92 0.033999 0.005412 491.73 1.90
END

SECTION Terminals
Root 56
Terminals 20
T 11
T 91
T 87
T 16
T 69
T 86
T 12
T 47
T 88
T 58
T 2
T 50
T 13
T 6
T 1
T 27
T 66
T 20
T 60
T 10
END

EOF