SECTION Comment
CREATOR "Carlos Araujo"
REMARK "Instance for QoS Multicast Routing Problem"
QoS METRICS "delay, jitter, bandwidth and estimate of link duration"
END

SECTION Graph
Nodes 100
Edges 2416

E 1 3 0.030852 0.002959 436.70 3.21
E 1 5 0.035234 0.004627 460.24 0.80
E 1 6 0.033417 0.004299 477.74 3.10
E 1 7 0.029281 0.003635 422.06 11.26
E 1 8 0.034602 0.004041 480.55 0.81
E 1 9 0.029531 0.003477 437.68 112.81
E 1 11 0.028526 0.004148 428.93 0.90
E 1 12 0.036277 0.005221 482.47 0.11
E 1 13 0.031676 0.003999 434.00 0.69
E 1 14 0.037286 0.004342 505.30 3.10
E 1 16 0.036132 0.007492 501.08 3.33
E 1 17 0.033061 0.003385 475.38 12.08
E 1 18 0.032804 0.003543 484.81 1.42
E 1 19 0.028251 0.003766 417.78 3.34
E 1 20 0.028515 0.003406 421.19 3.34
E 1 21 0.028626 0.003369 412.16 0.56
E 1 22 0.034185 0.003980 450.89 0.10
E 1 23 0.033837 0.004162 497.50 0.38
E 1 24 0.034937 0.004627 479.15 0.86
E 1 25 0.028626 0.003369 419.69 0.38
E 1 26 0.034704 0.003877 443.35 0.48
E 1 27 0.037285 0.004342 447.79 1.30
E 1 29 0.036895 0.008286 534.18 2.75
E 1 30 0.035745 0.005042 491.92 9.28
E 1 31 0.036131 0.004900 525.33 3.13
E 1 33 0.034528 0.004129 455.77 2.23
E 1 34 0.028514 0.003406 407.05 3.36
E 1 35 0.035467 0.004690 469.12 2.72
E 1 36 0.028972 0.003220 432.67 0.28
E 1 37 0.036895 0.004324 460.97 1.33
E 1 38 0.036106 0.004264 604.96 1.21
E 1 39 0.035212 0.004777 455.30 0.27
E 1 40 0.033569 0.003210 470.39 3.02
E 1 41 0.030731 0.003253 453.19 4.39
E 1 42 0.028808 0.003452 440.36 1.14
E 1 43 0.034146 0.004513 471.55 0.63
E 1 44 0.039693 0.007462 530.92 19.78
E 1 46 0.028586 0.003323 420.99 4.30
E 1 47 0.030328 0.004397 455.63 3.87
E 1 48 0.040201 0.003109 462.70 0.71
E 1 49 0.028627 0.003568 419.76 4.21
E 1 50 0.036895 0.004324 510.91 0.54
E 1 51 0.031135 0.003025 456.42 3.11
E 1 52 0.028640 0.003304 429.73 3.09
E 1 53 0.034071 0.004276 460.60 0.29
E 1 54 0.033297 0.003611 491.28 3.02
E 1 55 0.027270 0.003166 423.15 3.36
E 1 56 0.034072 0.004276 439.55 1.05
E 1 57 0.036878 0.003595 537.80 0.22
E 1 59 0.032705 0.005657 466.42 3.22
E 1 61 0.029686 0.003079 423.48 3.23
E 1 63 0.033327 0.003142 461.16 3.22
E 1 64 0.036895 0.004410 530.46 3.27
E 1 65 0.040655 0.009950 477.74 7.89
E 1 66 0.031806 0.003199 454.17 3.22
E 1 67 0.032886 0.005171 464.41 0.20
E 1 68 0.034151 0.003881 470.50 1.02
E 1 69 0.036878 0.003595 429.70 9.22
E 1 70 0.041221 0.006173 544.99 2.51
E 1 71 0.032542 0.006204 468.30 3.33
E 1 72 0.028514 0.003406 428.21 0.89
E 1 73 0.026477 0.003990 410.80 0.11
E 1 74 0.032495 0.003167 469.67 0.50
E 1 77 0.035452 0.004602 473.58 1.95
E 1 79 0.034761 0.004449 478.49 1.35
E 1 81 0.037582 0.005396 468.80 0.88
E 1 84 0.033971 0.004749 496.74 0.37
E 1 85 0.028186 0.003282 430.63 1.01
E 1 86 0.028808 0.004092 419.45 0.60
E 1 87 0.036877 0.004216 503.05 0.63
E 1 88 0.037205 0.005172 521.17 0.68
E 1 89 0.028507 0.003120 426.71 1.72
E 1 90 0.030037 0.006351 410.95 0.42
E 1 91 0.035877 0.005201 498.62 74.91
E 2 6 0.034377 0.005507 447.48 1527.62
E 2 10 0.028045 0.002569 419.98 85.90
E 2 11 0.032854 0.006633 416.40 2.12
E 2 12 0.031321 0.005857 437.44 3.40
E 2 13 0.031011 0.005059 428.40 0.97
E 2 14 0.026146 0.003272 401.85 2.31
E 2 15 0.024868 0.004377 369.50 9.23
E 2 16 0.020328 0.002123 304.02 1593.76
E 2 17 0.028131 0.002940 435.24 89.32
E 2 23 0.032857 0.004417 453.56 1.38
E 2 27 0.024664 0.002680 396.62 0.02
E 2 29 0.031092 0.003088 442.57 43.64
E 2 30 0.022294 0.002578 356.39 21.89
E 2 31 0.022681 0.002012 345.02 1553.34
E 2 32 0.027071 0.003842 401.82 1128.59
E 2 37 0.030744 0.004491 451.14 7.99
E 2 40 0.033825 0.003269 478.37 1491.17
E 2 41 0.029819 0.003985 466.85 1134.04
E 2 44 0.027691 0.003829 424.15 1.25
E 2 48 0.022715 0.003705 365.70 0.08
E 2 50 0.022725 0.002147 379.92 2.52
E 2 52 0.027597 0.001413 497.37 1523.89
E 2 57 0.022790 0.002214 351.83 0.29
E 2 58 0.022729 0.004484 344.21 1139.95
E 2 60 0.022692 0.001942 379.28 1150.72
E 2 62 0.022604 0.001773 365.82 0.58
E 2 63 0.032940 0.002818 448.45 1317.53
E 2 64 0.025277 0.003808 395.23 1279.05
E 2 65 0.029332 0.005839 433.21 134.77
E 2 68 0.031169 0.003606 451.03 1087.01
E 2 69 0.023412 0.002799 380.72 8.21
E 2 70 0.026650 0.002408 399.78 0.19
E 2 71 0.037761 0.004274 563.37 1588.06
E 2 76 0.022723 0.001711 358.92 0.09
E 2 77 0.031705 0.003068 469.99 0.24
E 2 78 0.022013 0.005130 394.21 1.76
E 2 79 0.029966 0.003805 437.49 0.64
E 2 80 0.001393 0.000000 116.00 0.23
E 2 81 0.035012 0.005381 464.11 868.00
E 2 82 0.022661 0.003857 361.01 0.31
E 2 83 0.022736 0.001991 368.23 2.62
E 2 90 0.029349 0.002600 437.85 0.15
E 2 91 0.030186 0.005799 441.68 0.00
E 3 4 0.032991 0.002186 492.09 14.36
E 3 5 0.034423 0.003198 490.48 63.14
E 3 7 0.031851 0.003887 456.00 2.06
E 3 8 0.033963 0.003154 489.14 1.42
E 3 9 0.033755 0.003053 461.01 2.57
E 3 11 0.029655 0.002929 467.41 179.47
E 3 12 0.036078 0.005400 485.04 3.14
E 3 13 0.033081 0.000000 694.12 7.78
E 3 17 0.032924 0.003347 473.42 0.10
E 3 18 0.033755 0.003053 460.25 1.35
E 3 21 0.029236 0.002927 416.46 29.95
E 3 22 0.033766 0.003338 447.06 0.64
E 3 23 0.040429 0.009215 518.28 1.10
E 3 24 0.033757 0.003053 473.72 6.23
E 3 25 0.029655 0.002940 446.96 29.29
E 3 26 0.035009 0.002949 472.29 120.00
E 3 29 0.037693 0.008276 703.20 0.69
E 3 30 0.035060 0.003265 493.04 0.83
E 3 33 0.033767 0.004009 453.99 1.97
E 3 35 0.034024 0.002960 503.22 28.46
E 3 36 0.031640 0.002580 464.46 7.50
E 3 38 0.035227 0.004248 499.11 21.21
E 3 39 0.033757 0.003297 462.10 17.34
E 3 42 0.030042 0.003438 426.48 2.62
E 3 43 0.033756 0.004325 474.66 1.57
E 3 53 0.033756 0.003336 462.23 1.79
E 3 54 0.033801 0.002736 494.56 0.00
E 3 56 0.034024 0.002960 478.56 59.42
E 3 67 0.034940 0.006954 475.62 3.41
E 3 68 0.037363 0.005665 509.72 0.05
E 3 72 0.029656 0.002929 445.77 65.56
E 3 73 0.024472 0.006841 389.74 3.55
E 3 74 0.034517 0.003503 506.35 1.83
E 3 77 0.038244 0.005897 499.24 40.16
E 3 79 0.034303 0.004370 488.45 111.96
E 3 81 0.037641 0.005438 538.58 0.41
E 3 84 0.034024 0.004652 474.30 1.21
E 3 85 0.028330 0.003783 420.67 4.56
E 3 86 0.029853 0.004678 427.39 2.96
E 3 88 0.037965 0.005699 545.31 2.60
E 3 90 0.031092 0.007014 460.47 0.37
E 4 5 0.031528 0.003804 442.49 2.83
E 4 6 0.033215 0.003894 435.52 0.67
E 4 7 0.034066 0.004687 514.10 2.90
E 4 8 0.031593 0.003792 437.20 8.05
E 4 9 0.028898 0.003181 438.91 5.49
E 4 11 0.028964 0.005382 401.06 46.59
E 4 13 0.032262 0.004216 503.54 246.90
E 4 17 0.031125 0.002509 435.20 2.14
E 4 18 0.026984 0.001368 393.32 2.61
E 4 22 0.027402 0.001399 400.56 126.18
E 4 23 0.030343 0.002162 421.74 0.26
E 4 29 0.031032 0.002433 464.58 0.43
E 4 30 0.027669 0.001274 420.66 0.99
E 4 31 0.029145 0.001018 449.27 2.46
E 4 33 0.028156 0.002300 400.23 29.95
E 4 35 0.026371 0.001246 376.22 0.57
E 4 36 0.026456 0.001042 398.42 0.20
E 4 39 0.026405 0.003361 395.66 5.34
E 4 42 0.027672 0.001675 455.57 18.93
E 4 43 0.030873 0.006181 442.16 46.19
E 4 46 0.026217 0.001492 382.25 37.57
E 4 49 0.026158 0.003353 395.85 37.40
E 4 51 0.030192 0.003194 428.69 2.45
E 4 52 0.027005 0.002282 374.54 0.56
E 4 53 0.028249 0.003234 416.66 6.50
E 4 56 0.026436 0.001922 401.61 1.41
E 4 59 0.032793 0.005851 451.31 24.61
E 4 61 0.029087 0.001965 436.19 24.76
E 4 66 0.031887 0.002904 466.89 24.42
E 4 67 0.032553 0.004738 458.47 3.63
E 4 74 0.031081 0.001674 445.91 7.21
E 4 75 0.025595 0.001018 383.19 134.81
E 4 77 0.033278 0.003474 464.69 0.07
E 4 84 0.026431 0.002957 408.45 0.00
E 4 88 0.030197 0.006004 451.76 0.00
E 4 89 0.026403 0.002537 382.87 0.15
E 5 6 0.032622 0.003230 452.41 31.02
E 5 7 0.034817 0.003811 474.88 0.16
E 5 8 0.029723 0.002925 456.03 3.18
E 5 9 0.032844 0.003932 463.96 84.44
E 5 10 0.028629 0.002555 411.35 0.95
E 5 11 0.034606 0.003024 474.60 0.40
E 5 12 0.032716 0.005062 451.68 1.12
E 5 13 0.034570 0.005414 466.93 1.49
E 5 14 0.028453 0.002849 441.09 3.69
E 5 16 0.034606 0.008640 483.28 20.68
E 5 17 0.030979 0.002843 449.66 116.06
E 5 18 0.032096 0.003789 432.52 3.55
E 5 19 0.034606 0.005703 427.72 22.16
E 5 20 0.035182 0.002476 485.60 21.23
E 5 21 0.035181 0.002476 447.47 0.25
E 5 22 0.032097 0.003812 453.23 3.71
E 5 23 0.033416 0.003905 469.09 1.99
E 5 24 0.033292 0.003467 500.28 1.77
E 5 25 0.034605 0.004007 493.93 0.47
E 5 26 0.032289 0.003216 479.41 0.71
E 5 27 0.032876 0.003763 495.69 0.10
E 5 29 0.032029 0.003882 466.93 4.20
E 5 30 0.029132 0.002825 430.12 2.41
E 5 31 0.029102 0.002908 404.77 30.67
E 5 33 0.031769 0.003648 481.58 0.62
E 5 34 0.035183 0.002883 459.41 19.94
E 5 35 0.032948 0.002922 484.82 1.48
E 5 36 0.033143 0.003353 441.05 0.11
E 5 37 0.029739 0.003919 430.09 7.47
E 5 38 0.034750 0.003126 501.96 50.56
E 5 39 0.034570 0.003098 470.16 0.47
E 5 40 0.032850 0.002648 465.52 34.21
E 5 42 0.034330 0.003816 464.28 2.89
E 5 43 0.031661 0.006039 459.89 3.36
E 5 44 0.027954 0.003632 413.77 2.55
E 5 46 0.033433 0.003068 472.81 88.27
E 5 47 0.034896 0.003271 508.34 91.25
E 5 49 0.034133 0.003222 456.50 87.49
E 5 50 0.023011 0.000812 341.93 5.22
E 5 51 0.032016 0.003738 461.96 31.93
E 5 52 0.034654 0.002730 482.82 31.95
E 5 53 0.032096 0.003789 448.70 0.64
E 5 54 0.031374 0.003344 474.40 32.27
E 5 55 0.035183 0.002476 443.15 18.75
E 5 56 0.032918 0.003935 446.31 0.12
E 5 57 0.027797 0.002544 412.96 0.23
E 5 59 0.032262 0.004006 451.62 74.87
E 5 61 0.031942 0.003641 484.13 76.22
E 5 63 0.032847 0.003346 485.15 15.65
E 5 64 0.026509 0.003142 407.09 11.18
E 5 65 0.027918 0.005766 416.64 0.00
E 5 66 0.032882 0.003633 495.44 73.53
E 5 67 0.034209 0.005941 479.04 1.25
E 5 68 0.034297 0.004648 484.39 14.38
E 5 69 0.027389 0.002522 403.82 6.22
E 5 70 0.028279 0.002682 402.25 0.98
E 5 71 0.034606 0.003418 486.28 20.23
E 5 72 0.035182 0.005192 515.05 20.93
E 5 73 0.033700 0.003935 486.85 0.22
E 5 74 0.033549 0.003576 452.25 0.65
E 5 77 0.034948 0.003832 511.18 2.45
E 5 79 0.031780 0.003793 441.38 2.05
E 5 81 0.035106 0.005592 503.09 25.92
E 5 82 0.023011 0.000994 357.20 0.20
E 5 84 0.032581 0.004676 434.64 1.23
E 5 86 0.034499 0.003583 465.23 3.59
E 5 87 0.027867 0.003198 434.35 6.36
E 5 89 0.034350 0.003549 474.12 0.00
E 5 90 0.034605 0.006732 460.48 0.01
E 5 91 0.031109 0.005512 444.72 0.00
E 6 7 0.034146 0.003895 475.26 1.92
E 6 8 0.032664 0.003201 459.83 1.89
E 6 9 0.033064 0.004064 464.37 2.34
E 6 10 0.032595 0.003154 448.83 8.10
E 6 11 0.034216 0.005718 465.47 31.39
E 6 12 0.032768 0.005074 457.24 2.43
E 6 13 0.032743 0.005040 454.52 7.22
E 6 14 0.031839 0.003079 496.99 476.11
E 6 15 0.033102 0.003053 526.76 1.27
E 6 17 0.033071 0.003608 484.71 0.10
E 6 18 0.032539 0.003465 441.38 1.23
E 6 21 0.034116 0.004585 438.79 68.76
E 6 22 0.032933 0.004052 482.51 0.39
E 6 23 0.032885 0.003703 473.34 1.83
E 6 24 0.031237 0.001667 416.01 6.17
E 6 25 0.033876 0.004260 470.27 54.09
E 6 26 0.032595 0.003529 455.06 27.72
E 6 27 0.032470 0.004372 473.61 122.69
E 6 29 0.033035 0.003491 475.44 1.37
E 6 30 0.032220 0.002605 452.82 0.83
E 6 33 0.032481 0.003373 466.50 1.77
E 6 35 0.031100 0.002097 433.96 32.46
E 6 36 0.032529 0.003681 470.63 9.50
E 6 37 0.032791 0.003898 455.81 0.57
E 6 38 0.031236 0.002374 463.77 27.82
E 6 39 0.031237 0.002752 485.79 20.64
E 6 42 0.034095 0.004809 428.11 3.82
E 6 43 0.032399 0.005629 474.32 1.68
E 6 44 0.032606 0.004131 471.04 33.21
E 6 48 0.030931 0.005180 479.98 107.25
E 6 50 0.030931 0.001454 436.17 1.08
E 6 53 0.032540 0.003465 460.49 1.66
E 6 54 0.032693 0.003576 469.83 0.00
E 6 56 0.032340 0.002446 452.85 60.33
E 6 57 0.031648 0.002402 434.89 35.39
E 6 65 0.032713 0.006113 457.16 0.26
E 6 67 0.033299 0.004360 464.41 5.08
E 6 68 0.034647 0.004487 484.11 0.04
E 6 69 0.031772 0.002594 418.44 0.63
E 6 70 0.032723 0.003241 471.22 304.47
E 6 72 0.034197 0.004286 471.20 63.61
E 6 73 0.038169 0.005088 465.73 28.34
E 6 74 0.033041 0.003580 455.76 1.75
E 6 77 0.035398 0.004096 513.33 74.93
E 6 79 0.032644 0.004149 465.76 65.20
E 6 81 0.035347 0.005280 479.98 0.37
E 6 84 0.032317 0.004129 442.06 1.10
E 6 85 0.034535 0.005063 482.27 0.78
E 6 86 0.034183 0.004912 488.45 3.69
E 6 87 0.032713 0.003557 455.44 2.17
E 6 88 0.032550 0.006527 465.32 1.94
E 6 90 0.033242 0.006245 455.87 0.41
E 7 8 0.034781 0.004380 460.92 28.18
E 7 9 0.033047 0.004699 459.73 1.95
E 7 11 0.028162 0.004143 444.64 4.77
E 7 12 0.036383 0.005377 495.93 8.13
E 7 13 0.033810 0.004840 520.71 7.08
E 7 14 0.036698 0.005201 523.21 1.12
E 7 16 0.035953 0.007492 508.08 2.58
E 7 17 0.033062 0.004050 481.83 1.47
E 7 18 0.034282 0.004632 471.14 6.24
E 7 19 0.026607 0.004281 426.91 2.61
E 7 20 0.027005 0.004076 386.70 2.64
E 7 21 0.027645 0.003968 420.15 0.54
E 7 22 0.034616 0.004712 488.16 0.77
E 7 23 0.038894 0.008189 485.18 0.75
E 7 24 0.034552 0.004573 502.52 0.23
E 7 25 0.027599 0.003962 393.14 0.82
E 7 26 0.035316 0.004518 493.15 0.59
E 7 27 0.036697 0.005201 487.74 0.16
E 7 29 0.036326 0.008286 531.97 2.13
E 7 30 0.035386 0.004397 496.38 0.95
E 7 31 0.036231 0.003931 483.75 1.95
E 7 33 0.034616 0.004712 486.74 0.04
E 7 34 0.027184 0.004143 409.71 2.75
E 7 35 0.034617 0.004712 434.69 0.52
E 7 36 0.030869 0.004092 458.12 0.65
E 7 37 0.038252 0.004155 438.88 6.42
E 7 38 0.034605 0.003222 506.41 1.10
E 7 39 0.034617 0.004712 487.42 1.62
E 7 40 0.037773 0.003567 482.80 1.88
E 7 41 0.032362 0.003706 460.04 4.48
E 7 42 0.028097 0.003749 413.87 10.99
E 7 43 0.034799 0.004786 450.57 13.27
E 7 44 0.039693 0.007462 484.54 2.13
E 7 46 0.030800 0.004196 420.05 3.93
E 7 47 0.025547 0.003264 383.92 3.45
E 7 48 0.035342 0.003109 569.22 0.28
E 7 49 0.029808 0.003955 464.87 3.84
E 7 50 0.038252 0.004155 563.07 0.46
E 7 51 0.031883 0.004029 451.66 1.92
E 7 52 0.027940 0.003842 408.77 1.91
E 7 53 0.034616 0.004712 485.98 1.07
E 7 54 0.034497 0.004146 474.48 1.86
E 7 55 0.025467 0.003696 385.56 2.77
E 7 56 0.034617 0.004712 494.80 0.18
E 7 57 0.038253 0.004155 585.07 1.10
E 7 59 0.032355 0.004174 469.38 2.12
E 7 61 0.031212 0.004122 456.76 2.14
E 7 63 0.035699 0.004987 485.04 2.15
E 7 64 0.038252 0.004410 418.85 2.33
E 7 65 0.040655 0.009950 517.87 0.46
E 7 66 0.033058 0.003872 485.37 2.10
E 7 67 0.035201 0.006597 460.01 7.44
E 7 68 0.035585 0.004097 497.27 1.96
E 7 69 0.038253 0.004155 516.52 0.55
E 7 70 0.041221 0.006173 558.86 0.61
E 7 71 0.032543 0.006204 468.42 2.58
E 7 72 0.027344 0.004098 417.98 3.72
E 7 73 0.024179 0.003668 371.36 1.98
E 7 74 0.033681 0.004006 505.34 0.25
E 7 77 0.037139 0.005329 540.73 0.31
E 7 79 0.035112 0.004266 466.31 0.87
E 7 81 0.037582 0.005396 506.78 1.92
E 7 84 0.034662 0.005169 447.58 29.03
E 7 85 0.026889 0.004143 414.32 19.57
E 7 86 0.027606 0.004205 426.65 47.43
E 7 87 0.038252 0.004155 607.98 26.16
E 7 88 0.036697 0.006557 517.30 0.00
E 7 89 0.030060 0.003701 443.75 0.00
E 7 90 0.030038 0.006351 435.18 0.08
E 7 91 0.035775 0.005201 506.27 0.00
E 8 9 0.032461 0.002495 429.52 8.00
E 8 10 0.028480 0.003782 432.43 4.99
E 8 11 0.032377 0.002971 429.31 0.21
E 8 12 0.032806 0.005221 452.85 0.13
E 8 13 0.037965 0.006684 480.36 1.71
E 8 14 0.028811 0.003690 421.15 3.37
E 8 15 0.011459 0.001024 1200.00 0.04
E 8 16 0.033183 0.007772 495.44 1.18
E 8 17 0.031139 0.003215 450.87 1.31
E 8 18 0.031617 0.003553 472.07 1.43
E 8 19 0.033183 0.003948 477.76 1.17
E 8 20 0.033203 0.002482 490.44 1.17
E 8 21 0.033203 0.002421 469.95 0.93
E 8 22 0.031619 0.003594 435.01 8.43
E 8 23 0.032869 0.003857 483.10 3.92
E 8 24 0.032399 0.002276 479.80 4.30
E 8 25 0.032740 0.004361 455.09 1.63
E 8 26 0.031072 0.003210 459.55 0.94
E 8 27 0.034129 0.004286 460.34 41.00
E 8 29 0.031416 0.003688 420.13 0.47
E 8 30 0.029635 0.003099 427.06 1.80
E 8 31 0.029394 0.003201 400.44 1.88
E 8 32 0.028145 0.005062 415.74 3.14
E 8 33 0.030886 0.003279 466.31 8.48
E 8 34 0.034653 0.003022 484.42 1.19
E 8 35 0.032712 0.002073 466.81 189.62
E 8 36 0.032750 0.002231 458.27 0.68
E 8 37 0.029463 0.003868 451.33 1.85
E 8 38 0.032162 0.001515 499.38 3.78
E 8 39 0.032954 0.004183 439.77 1.57
E 8 40 0.032590 0.003304 479.03 1.88
E 8 41 0.032728 0.005766 468.14 5.70
E 8 42 0.032854 0.003775 430.79 1.50
E 8 43 0.030466 0.005638 461.20 1.92
E 8 44 0.028255 0.003757 430.88 6.57
E 8 46 0.032523 0.001933 410.52 1.85
E 8 47 0.032481 0.001066 457.87 1.16
E 8 49 0.032871 0.002582 491.28 1.84
E 8 50 0.024573 0.001018 420.18 5.70
E 8 51 0.031512 0.003618 459.42 1.87
E 8 52 0.033343 0.002518 482.63 1.88
E 8 53 0.031619 0.003475 439.20 2.81
E 8 54 0.029808 0.003185 453.95 1.23
E 8 55 0.033165 0.000751 459.21 1.20
E 8 56 0.032160 0.003931 452.84 2.01
E 8 57 0.027686 0.003468 424.84 0.63
E 8 59 0.032770 0.004832 462.04 1.67
E 8 61 0.031392 0.003392 451.59 1.69
E 8 63 0.032512 0.003811 443.64 1.20
E 8 64 0.027667 0.003613 431.74 1.33
E 8 65 0.028423 0.005495 420.73 0.06
E 8 66 0.033016 0.003721 469.67 1.65
E 8 67 0.034321 0.006262 461.84 1.51
E 8 68 0.034307 0.004370 463.99 1.28
E 8 69 0.027686 0.003468 386.86 1.24
E 8 70 0.028423 0.003872 416.53 44.69
E 8 71 0.033659 0.006299 466.61 1.18
E 8 72 0.033161 0.004247 494.64 0.86
E 8 73 0.030762 0.003935 431.64 0.99
E 8 74 0.033381 0.003808 458.36 19.43
E 8 77 0.035001 0.003908 500.66 94.76
E 8 79 0.031519 0.003801 438.63 3.82
E 8 81 0.034973 0.005487 485.85 1.74
E 8 82 0.024572 0.001070 399.63 0.79
E 8 84 0.032428 0.003876 509.11 0.07
E 8 86 0.032703 0.004288 490.04 105.21
E 8 87 0.028313 0.003829 424.45 121.99
E 8 88 0.031089 0.005859 455.46 52.76
E 8 89 0.033104 0.004088 485.95 0.72
E 8 90 0.032806 0.005606 476.22 0.40
E 8 91 0.031236 0.005941 441.58 1.04
E 9 10 0.027664 0.002447 472.33 1.52
E 9 11 0.030026 0.006373 466.62 2.79
E 9 12 0.035682 0.005000 453.82 4.55
E 9 13 0.031879 0.005267 472.48 5.16
E 9 17 0.031254 0.002693 451.02 0.76
E 9 18 0.028966 0.003067 441.87 1.10
E 9 20 0.027129 0.007395 375.90 1.36
E 9 21 0.028941 0.001877 402.49 1.21
E 9 22 0.028945 0.003084 432.03 0.98
E 9 23 0.029912 0.002219 463.60 0.35
E 9 24 0.028443 0.002659 422.21 0.60
E 9 25 0.033282 0.002299 453.26 15.96
E 9 26 0.030895 0.003211 433.39 0.90
E 9 27 0.032572 0.002299 539.09 21.10
E 9 29 0.030607 0.002100 433.55 1.46
E 9 30 0.033994 0.002961 517.00 0.39
E 9 31 0.030225 0.002976 496.70 1.37
E 9 33 0.029545 0.003474 429.92 0.96
E 9 34 0.028509 0.002312 410.58 1.45
E 9 35 0.028424 0.002673 414.06 0.32
E 9 36 0.029038 0.003005 431.79 273.70
E 9 37 0.032740 0.002657 521.81 2.95
E 9 38 0.028866 0.003082 395.35 9.75
E 9 39 0.028455 0.003195 432.88 5.59
E 9 40 0.032167 0.002105 455.69 1.28
E 9 41 0.030827 0.003477 442.14 1.61
E 9 42 0.029577 0.002637 409.22 2.53
E 9 43 0.030781 0.005847 438.10 157.99
E 9 44 0.032968 0.006784 533.86 6.79
E 9 46 0.029053 0.003210 434.56 1.15
E 9 48 0.030930 0.005766 393.08 28.09
E 9 49 0.029072 0.003671 411.93 1.15
E 9 50 0.030931 0.002657 503.11 0.81
E 9 51 0.030673 0.003261 445.29 1.38
E 9 52 0.028945 0.002201 431.97 1.35
E 9 53 0.028997 0.003060 431.69 3.65
E 9 54 0.029425 0.003129 428.87 1.31
E 9 56 0.028893 0.003098 411.67 4.11
E 9 57 0.029235 0.001894 454.20 86.44
E 9 59 0.032519 0.005744 463.63 1.29
E 9 61 0.029133 0.003142 450.86 1.29
E 9 63 0.032766 0.003826 446.62 1.15
E 9 64 0.038508 0.002657 599.15 1.15
E 9 65 0.017508 0.001504 1840.00 10.88
E 9 66 0.031771 0.003224 460.83 1.28
E 9 67 0.032488 0.004604 477.25 13.69
E 9 68 0.034253 0.004281 484.00 1.44
E 9 69 0.029653 0.002487 451.62 0.78
E 9 71 0.033185 0.008506 450.79 1.34
E 9 72 0.028508 0.002035 428.90 0.54
E 9 74 0.031699 0.003203 460.70 0.91
E 9 77 0.034665 0.003328 481.00 3.14
E 9 79 0.032047 0.004390 465.58 0.51
E 9 81 0.034441 0.004479 473.13 1.33
E 9 84 0.028796 0.003200 404.94 44.25
E 9 86 0.029601 0.003290 412.13 100.04
E 9 87 0.029951 0.003694 500.30 195.14
E 9 88 0.030990 0.006324 473.02 0.00
E 9 89 0.028892 0.003091 422.68 18.13
E 9 90 0.028508 0.004981 441.71 238.25
E 9 91 0.031792 0.006219 444.92 0.00
E 10 12 0.032858 0.005902 475.69 239.28
E 10 13 0.031982 0.004939 478.54 0.84
E 10 14 0.028365 0.002992 419.93 9.84
E 10 15 0.028703 0.003571 392.09 1.39
E 10 17 0.029529 0.001550 446.05 3.55
E 10 18 0.028083 0.001168 410.76 0.78
E 10 22 0.028083 0.001168 411.82 2.57
E 10 23 0.032906 0.003646 440.45 4.49
E 10 26 0.030487 0.002457 448.41 0.07
E 10 27 0.030866 0.003869 442.38 9.44
E 10 30 0.028427 0.002160 451.47 2.96
E 10 31 0.028610 0.003065 430.54 8.06
E 10 32 0.028242 0.004320 433.19 10.06
E 10 33 0.028083 0.002205 432.45 5.50
E 10 37 0.030755 0.004477 461.60 7.16
E 10 40 0.033075 0.002245 470.01 8.07
E 10 41 0.030300 0.002590 438.03 10.07
E 10 43 0.030207 0.006036 502.56 11.30
E 10 44 0.028501 0.003368 421.91 12.89
E 10 48 0.028328 0.004136 442.13 4.34
E 10 50 0.028704 0.003571 419.44 4.43
E 10 51 0.030853 0.003662 474.10 8.06
E 10 52 0.034418 0.004330 463.96 8.09
E 10 53 0.027996 0.001329 406.97 1.91
E 10 54 0.028492 0.002189 418.60 8.07
E 10 57 0.028216 0.002324 415.70 0.65
E 10 58 0.027543 0.003793 427.92 9.66
E 10 59 0.033358 0.007615 478.59 1.46
E 10 60 0.027543 0.003793 375.39 9.52
E 10 61 0.028752 0.001711 415.70 1.26
E 10 62 0.026591 0.003731 410.46 7.65
E 10 63 0.033299 0.003495 467.29 9.13
E 10 64 0.031298 0.005965 451.30 9.58
E 10 65 0.029332 0.005588 433.22 1.18
E 10 66 0.030722 0.002437 423.98 1.72
E 10 67 0.031470 0.003545 427.69 0.01
E 10 68 0.033969 0.003731 481.75 6.63
E 10 69 0.028230 0.002323 443.58 4.10
E 10 70 0.028530 0.002419 419.08 16.18
E 10 74 0.029693 0.001494 437.05 3.85
E 10 76 0.026593 0.005709 408.27 10.70
E 10 77 0.033847 0.003481 481.93 118.25
E 10 79 0.031550 0.004385 465.47 6.89
E 10 81 0.034817 0.005478 499.78 7.77
E 10 82 0.028633 0.005587 406.83 47.25
E 10 83 0.024261 0.001357 303.39 0.69
E 10 84 0.027849 0.001289 399.07 0.01
E 10 87 0.028520 0.003372 408.24 0.43
E 10 88 0.031857 0.006692 454.88 0.34
E 10 91 0.031160 0.005548 476.64 2.28
E 11 12 0.031635 0.006910 444.68 0.04
E 11 13 0.032312 0.005249 454.04 0.54
E 11 14 0.034823 0.005209 503.72 19.85
E 11 16 0.030000 0.006344 424.95 110.69
E 11 17 0.030985 0.004436 467.39 50.19
E 11 19 0.028007 0.004167 397.92 117.96
E 11 20 0.028108 0.004082 422.14 115.81
E 11 21 0.028046 0.003763 427.46 0.28
E 11 23 0.033011 0.004924 467.24 0.48
E 11 25 0.027943 0.003692 415.85 0.23
E 11 26 0.033031 0.004469 459.99 0.32
E 11 27 0.032674 0.004749 481.08 1.19
E 11 29 0.031862 0.004292 464.46 6.22
E 11 30 0.036325 0.003586 488.50 1.07
E 11 32 0.029888 0.006476 454.93 17.64
E 11 34 0.028011 0.003956 420.85 113.48
E 11 37 0.029958 0.004802 425.18 3.73
E 11 40 0.032578 0.004284 457.69 49.92
E 11 41 0.030192 0.005229 434.71 18.78
E 11 42 0.028176 0.004158 407.42 10.62
E 11 44 0.039694 0.007462 496.87 30.58
E 11 47 0.027247 0.002427 415.91 157.24
E 11 51 0.029514 0.005805 434.71 202.63
E 11 52 0.028289 0.004158 426.85 33.96
E 11 54 0.035405 0.002447 482.33 53.22
E 11 55 0.028127 0.004066 436.25 110.56
E 11 59 0.033050 0.007288 497.14 208.25
E 11 61 0.028991 0.005611 419.44 210.40
E 11 63 0.032825 0.004284 500.40 43.68
E 11 65 0.029726 0.006765 449.30 1.21
E 11 66 0.032023 0.004560 459.59 206.12
E 11 67 0.032401 0.004583 447.91 4.89
E 11 68 0.034022 0.004046 481.32 16.48
E 11 70 0.028946 0.005365 414.58 24.48
E 11 71 0.033027 0.006419 472.12 109.38
E 11 72 0.027974 0.003766 427.45 6.93
E 11 73 0.028078 0.004539 421.53 0.14
E 11 74 0.031954 0.004203 454.70 1.18
E 11 77 0.036055 0.004843 521.46 2.97
E 11 79 0.031056 0.004971 396.07 2.12
E 11 81 0.035171 0.005217 474.09 41.93
E 11 85 0.028094 0.003982 438.79 0.36
E 11 86 0.028093 0.004155 418.87 0.15
E 11 88 0.029983 0.006801 479.63 1.00
E 11 90 0.030341 0.006391 444.04 3.29
E 11 91 0.030403 0.006409 411.63 7.19
E 12 13 0.035675 0.005705 492.78 0.50
E 12 14 0.032726 0.005664 472.25 301.21
E 12 15 0.033221 0.006173 456.03 0.40
E 12 16 0.029689 0.002374 423.56 3.99
E 12 17 0.033125 0.005632 479.04 2.38
E 12 18 0.036013 0.005247 497.44 0.22
E 12 19 0.039609 0.005936 528.66 8.43
E 12 20 0.037377 0.003618 650.97 9.58
E 12 22 0.036013 0.005247 483.42 1.06
E 12 24 0.034181 0.003392 468.72 0.54
E 12 25 0.036048 0.006869 431.82 0.38
E 12 27 0.033435 0.005766 490.32 8.57
E 12 30 0.035529 0.004929 490.79 4.62
E 12 31 0.032697 0.005525 468.33 2.45
E 12 32 0.032782 0.006032 451.77 4.09
E 12 33 0.036013 0.005247 515.47 8.34
E 12 34 0.039610 0.005936 582.80 13.00
E 12 35 0.034182 0.003392 450.19 142.63
E 12 36 0.035254 0.004720 477.32 0.23
E 12 37 0.032958 0.005797 457.18 1.36
E 12 38 0.034181 0.003392 534.28 0.92
E 12 39 0.035792 0.004240 547.89 0.33
E 12 40 0.033289 0.005334 503.86 2.42
E 12 41 0.036439 0.005767 475.10 3.87
E 12 42 0.037377 0.003618 485.97 1.32
E 12 43 0.036202 0.005574 484.88 0.36
E 12 44 0.032623 0.005137 472.29 4.72
E 12 48 0.032005 0.006243 432.80 0.58
E 12 50 0.031790 0.005753 448.37 2.60
E 12 51 0.035423 0.005311 475.50 2.44
E 12 52 0.032874 0.005756 502.00 2.43
E 12 53 0.035682 0.005000 510.53 0.71
E 12 54 0.035704 0.004796 470.22 2.44
E 12 56 0.036459 0.005832 493.52 1.40
E 12 57 0.032540 0.005588 451.61 0.16
E 12 58 0.029594 0.005287 427.77 3.82
E 12 59 0.036014 0.005247 454.51 2.45
E 12 60 0.029595 0.005287 416.22 2.97
E 12 61 0.036202 0.005088 459.48 2.45
E 12 62 0.031261 0.006198 497.86 6.46
E 12 63 0.033163 0.005444 461.58 2.54
E 12 64 0.033036 0.005751 446.86 2.57
E 12 65 0.033070 0.005922 485.69 0.28
E 12 66 0.036425 0.005371 490.28 2.47
E 12 67 0.037553 0.006267 543.78 0.84
E 12 68 0.034568 0.005632 468.49 1.94
E 12 69 0.032540 0.005588 450.50 2.30
E 12 70 0.032752 0.005662 486.64 100.11
E 12 71 0.033012 0.006590 464.23 3.80
E 12 72 0.039610 0.005936 576.89 47.93
E 12 74 0.036175 0.005745 480.31 2.10
E 12 76 0.029595 0.005287 407.03 2.34
E 12 77 0.034782 0.005773 464.34 74.83
E 12 79 0.032898 0.005068 486.97 3.21
E 12 81 0.035223 0.005540 510.51 2.34
E 12 82 0.031323 0.005857 471.18 0.45
E 12 83 0.031298 0.005565 455.04 0.10
E 12 84 0.035776 0.006314 455.95 0.04
E 12 86 0.037377 0.003618 619.35 0.21
E 12 87 0.032600 0.005460 453.31 0.05
E 12 88 0.032769 0.006558 468.79 0.04
E 12 90 0.033022 0.006120 443.09 8.95
E 12 91 0.032745 0.005601 450.03 0.43
E 13 14 0.032710 0.005384 480.19 12.50
E 13 15 0.031124 0.004918 435.78 1.43
E 13 16 0.029199 0.005352 450.34 7.50
E 13 17 0.032426 0.004633 451.36 9.11
E 13 18 0.032264 0.004216 458.69 2.22
E 13 19 0.038236 0.005020 396.91 7.58
E 13 20 0.031327 0.004127 427.78 7.56
E 13 21 0.031383 0.004144 455.87 14.34
E 13 22 0.031840 0.003918 459.62 1.71
E 13 23 0.032571 0.005165 467.26 7.16
E 13 25 0.032110 0.004830 463.44 155.17
E 13 26 0.031837 0.004905 474.43 1.02
E 13 27 0.031805 0.005039 485.28 0.96
E 13 29 0.031888 0.005205 480.68 9.42
E 13 30 0.033206 0.005548 464.07 6.74
E 13 31 0.031663 0.005228 466.69 7.29
E 13 32 0.031944 0.005266 443.10 6.70
E 13 33 0.031956 0.003957 439.96 20.01
E 13 34 0.032102 0.004327 429.92 7.58
E 13 36 0.031341 0.005457 464.90 0.48
E 13 37 0.033368 0.005620 469.54 2.54
E 13 38 0.023383 0.002336 2400.00 0.48
E 13 39 0.005794 0.000128 608.00 1.04
E 13 40 0.033526 0.004941 482.28 7.13
E 13 41 0.031614 0.005265 464.07 6.69
E 13 42 0.032100 0.004327 412.98 9.37
E 13 43 0.032264 0.006917 442.14 0.92
E 13 44 0.032798 0.005358 478.80 2.70
E 13 46 0.031497 0.005332 449.22 8.36
E 13 48 0.031165 0.005348 426.33 0.51
E 13 49 0.031115 0.005289 451.03 8.36
E 13 50 0.031010 0.005059 429.11 2.75
E 13 51 0.031841 0.005839 485.85 7.28
E 13 52 0.031716 0.005243 454.55 7.21
E 13 53 0.032079 0.004171 464.82 0.89
E 13 54 0.031612 0.004991 466.43 7.25
E 13 56 0.032241 0.004310 480.08 1.45
E 13 57 0.031444 0.005892 406.93 16.36
E 13 58 0.030953 0.005515 447.23 6.72
E 13 59 0.032773 0.006671 479.10 7.78
E 13 60 0.030962 0.005495 464.20 6.73
E 13 61 0.032360 0.005436 437.76 7.79
E 13 62 0.031101 0.005661 464.14 1.49
E 13 63 0.033515 0.005000 489.22 6.78
E 13 64 0.031442 0.005957 478.48 6.73
E 13 65 0.032783 0.006391 449.91 3.27
E 13 66 0.032271 0.005293 451.65 7.78
E 13 67 0.032112 0.005161 440.13 0.60
E 13 68 0.033875 0.005121 462.91 6.22
E 13 69 0.032043 0.007623 456.35 2.51
E 13 70 0.033126 0.005936 477.35 7.95
E 13 71 0.033166 0.006856 464.68 7.48
E 13 72 0.031678 0.003999 437.06 0.97
E 13 74 0.032042 0.005057 474.90 13.82
E 13 76 0.031102 0.005661 498.72 1.17
E 13 77 0.035289 0.005149 502.65 4.61
E 13 78 0.029801 0.005815 452.76 4.03
E 13 79 0.031833 0.005149 460.54 1.78
E 13 80 0.001393 0.000000 116.00 0.71
E 13 81 0.035015 0.005287 477.55 7.28
E 13 82 0.031011 0.005436 470.39 0.23
E 13 83 0.030964 0.005495 429.56 1.22
E 13 84 0.032241 0.004310 477.62 0.56
E 13 86 0.032100 0.004327 438.92 1.01
E 13 87 0.032929 0.005500 481.24 1.54
E 13 88 0.033821 0.006761 489.29 7.56
E 13 89 0.031115 0.005289 490.85 58.70
E 13 90 0.032312 0.006051 474.75 0.00
E 13 91 0.031905 0.006550 452.73 0.00
E 14 15 0.029346 0.004115 435.38 7.35
E 14 16 0.032322 0.007602 477.91 333.92
E 14 17 0.029000 0.001803 427.94 23.52
E 14 19 0.034800 0.008548 480.42 349.65
E 14 20 0.035254 0.005540 502.35 344.95
E 14 21 0.035226 0.005427 527.33 4.86
E 14 22 0.041900 0.005003 600.05 4.87
E 14 23 0.035409 0.006750 478.54 1.47
E 14 25 0.033983 0.004447 462.51 77.65
E 14 26 0.034197 0.003338 465.64 6.52
E 14 27 0.030990 0.004583 447.73 1.88
E 14 29 0.032710 0.004884 489.03 5.33
E 14 30 0.026412 0.001649 400.60 0.52
E 14 31 0.023118 0.003402 355.43 489.90
E 14 32 0.028237 0.003888 411.30 94.12
E 14 34 0.036334 0.004987 539.38 343.52
E 14 37 0.030663 0.004179 439.59 75.64
E 14 40 0.036590 0.003752 483.74 431.87
E 14 41 0.031798 0.004836 478.34 96.63
E 14 44 0.027969 0.004383 408.71 0.09
E 14 48 0.031898 0.004898 449.30 14.73
E 14 50 0.028620 0.003826 399.94 5.96
E 14 51 0.032924 0.004255 477.69 483.32
E 14 52 0.031738 0.003137 457.46 470.39
E 14 54 0.033478 0.003731 457.89 415.30
E 14 55 0.035033 0.006884 409.62 334.14
E 14 57 0.022974 0.001899 346.80 107.75
E 14 58 0.031625 0.005284 448.75 100.68
E 14 60 0.031722 0.004673 436.28 104.59
E 14 62 0.032910 0.003755 451.86 5.36
E 14 63 0.035430 0.003948 476.64 131.50
E 14 64 0.028078 0.004933 449.09 121.72
E 14 65 0.028969 0.006278 433.27 7.81
E 14 68 0.036704 0.004791 494.79 191.40
E 14 69 0.022832 0.001946 337.14 55.76
E 14 70 0.027050 0.003462 399.36 0.19
E 14 71 0.033676 0.006350 509.70 330.69
E 14 72 0.035045 0.009206 489.83 80.44
E 14 74 0.036698 0.004918 492.30 3.53
E 14 76 0.031087 0.003251 416.14 2.20
E 14 77 0.038388 0.006253 508.77 0.39
E 14 78 0.034943 0.005130 443.35 49.29
E 14 79 0.031578 0.004357 474.77 0.34
E 14 80 0.034144 0.003877 471.58 0.69
E 14 81 0.036981 0.005995 483.42 323.85
E 14 82 0.027793 0.004706 403.62 6.80
E 14 83 0.031487 0.003679 479.44 56.59
E 14 85 0.036173 0.008056 561.65 87.68
E 14 86 0.011348 0.000416 1128.00 94.32
E 14 87 0.025504 0.003176 389.55 178.36
E 14 88 0.032024 0.007076 453.41 12.15
E 14 90 0.031600 0.006769 475.57 105.30
E 14 91 0.031376 0.005947 431.85 72.22
E 15 16 0.021633 0.005209 323.02 5.26
E 15 23 0.035426 0.006065 485.59 20.73
E 15 25 0.037151 0.010515 504.58 1.82
E 15 26 0.035294 0.003713 486.20 2.47
E 15 27 0.023433 0.004348 373.49 1.91
E 15 29 0.031827 0.003888 449.65 3.24
E 15 30 0.035686 0.003700 438.53 2.65
E 15 31 0.024439 0.003307 377.77 5.12
E 15 32 0.027085 0.004169 407.03 3.91
E 15 37 0.031002 0.004713 435.27 1.67
E 15 40 0.037816 0.005404 556.56 4.94
E 15 41 0.029710 0.004245 464.99 3.90
E 15 44 0.029700 0.004711 414.78 23.14
E 15 48 0.023317 0.004208 349.15 0.70
E 15 50 0.023793 0.004486 360.75 20.65
E 15 52 0.031998 0.002394 479.91 5.03
E 15 54 0.034324 0.002120 479.60 4.82
E 15 57 0.025650 0.002211 395.69 0.66
E 15 58 0.023472 0.004220 361.61 3.98
E 15 60 0.023332 0.004080 378.99 4.01
E 15 62 0.023274 0.004250 346.86 4.65
E 15 63 0.036265 0.004811 496.61 4.44
E 15 64 0.025584 0.004170 399.06 4.32
E 15 65 0.030925 0.007479 443.11 1.02
E 15 68 0.037166 0.004365 461.42 3.30
E 15 69 0.026174 0.002592 430.16 1.82
E 15 70 0.028825 0.003499 428.70 6.38
E 15 71 0.032489 0.007035 456.86 5.25
E 15 76 0.023274 0.004250 349.21 1.88
E 15 78 0.022406 0.006436 314.45 1.60
E 15 80 0.020455 0.006106 297.66 0.48
E 15 81 0.037195 0.005972 533.16 4.01
E 15 82 0.023495 0.004014 363.02 0.27
E 15 83 0.023298 0.004188 384.50 0.40
E 15 87 0.028761 0.005936 397.17 0.27
E 15 88 0.033373 0.006961 471.95 0.47
E 15 90 0.028897 0.005088 437.89 0.53
E 15 91 0.032725 0.005653 443.76 885.32
E 16 17 0.035793 0.005450 510.27 0.14
E 16 21 0.030108 0.006224 415.76 27.48
E 16 23 0.035208 0.007016 474.70 0.89
E 16 25 0.028183 0.005512 426.74 26.08
E 16 26 0.036607 0.007191 518.69 76.53
E 16 27 0.022518 0.003629 345.29 142.88
E 16 29 0.032283 0.006495 476.76 0.28
E 16 30 0.036325 0.007447 505.31 0.85
E 16 37 0.032029 0.006844 445.65 0.62
E 16 42 0.031544 0.007150 435.28 4.29
E 16 44 0.038215 0.010418 514.05 23.25
E 16 48 0.019655 0.003569 299.69 140.85
E 16 50 0.021915 0.004061 371.10 2.07
E 16 54 0.034323 0.008640 462.09 0.00
E 16 62 0.019772 0.001858 307.75 12.01
E 16 65 0.034413 0.010079 463.23 0.30
E 16 67 0.036666 0.004846 497.47 8.27
E 16 68 0.037688 0.007327 498.31 0.06
E 16 70 0.031954 0.008672 491.42 216.87
E 16 72 0.028134 0.005421 401.45 33.01
E 16 73 0.031092 0.007438 444.19 3.53
E 16 74 0.036552 0.007492 480.18 2.21
E 16 76 0.022096 0.002872 329.10 19.24
E 16 77 0.038973 0.006958 512.26 33.62
E 16 78 0.017760 0.001783 282.59 1.05
E 16 79 0.034232 0.010600 635.08 44.58
E 16 80 0.017664 0.001736 287.73 105.43
E 16 81 0.037582 0.007697 517.07 0.43
E 16 82 0.020812 0.002120 360.76 3.63
E 16 83 0.020474 0.002173 343.52 1.55
E 16 85 0.029750 0.006113 417.80 2.16
E 16 86 0.031075 0.007440 445.02 1.65
E 16 90 0.031009 0.006306 440.06 0.23
E 17 18 0.031077 0.002662 457.27 0.90
E 17 19 0.034508 0.003267 487.11 0.13
E 17 20 0.035009 0.003752 485.73 0.14
E 17 21 0.033958 0.004610 450.34 127.97
E 17 22 0.031074 0.002685 446.03 0.88
E 17 23 0.030507 0.002239 470.69 1.74
E 17 24 0.032773 0.003533 473.28 5.11
E 17 25 0.033407 0.003697 492.81 61.11
E 17 26 0.031132 0.002438 448.35 21.20
E 17 29 0.030985 0.002626 473.10 1.01
E 17 30 0.030930 0.002719 420.84 0.60
E 17 31 0.030637 0.003174 441.52 0.10
E 17 32 0.029028 0.005030 457.31 0.33
E 17 33 0.031077 0.002886 440.69 1.26
E 17 34 0.034514 0.003361 503.95 0.16
E 17 35 0.032546 0.003340 449.47 8.54
E 17 36 0.033114 0.003671 431.75 9.47
E 17 37 0.029205 0.003699 472.31 0.36
E 17 38 0.032278 0.003490 464.77 20.34
E 17 39 0.032681 0.004060 425.84 9.87
E 17 40 0.032439 0.002445 453.75 0.10
E 17 41 0.030871 0.001857 475.04 0.19
E 17 42 0.033263 0.003554 504.06 1.16
E 17 43 0.031094 0.005638 463.68 3.84
E 17 44 0.029541 0.002154 422.36 429.49
E 17 46 0.032911 0.003529 470.62 0.10
E 17 47 0.034850 0.004447 438.90 0.11
E 17 49 0.032911 0.004322 453.21 0.10
E 17 51 0.031165 0.003211 444.08 0.10
E 17 52 0.032948 0.003401 449.48 0.10
E 17 53 0.031077 0.002662 457.83 1.36
E 17 54 0.030949 0.002648 429.51 0.06
E 17 55 0.035624 0.004523 478.35 0.18
E 17 56 0.030955 0.002580 444.14 21.99
E 17 57 0.028480 0.001632 412.92 41.39
E 17 59 0.032644 0.005131 460.29 0.09
E 17 61 0.031130 0.002638 457.13 0.09
E 17 63 0.032413 0.003684 462.47 0.11
E 17 65 0.029089 0.003844 461.30 0.23
E 17 66 0.031768 0.002559 470.30 0.09
E 17 67 0.032827 0.004919 476.13 2.08
E 17 68 0.034072 0.003945 459.95 0.07
E 17 69 0.028480 0.001632 452.47 2.02
E 17 70 0.029089 0.001953 470.30 40.80
E 17 71 0.034211 0.006324 477.98 0.15
E 17 72 0.033722 0.003816 421.98 9.37
E 17 74 0.032098 0.002535 465.69 1.43
E 17 77 0.035831 0.005048 495.52 19.10
E 17 79 0.031634 0.003703 466.06 15.84
E 17 81 0.034880 0.004951 479.91 0.05
E 17 84 0.031014 0.002783 438.43 1.26
E 17 86 0.033384 0.004874 463.48 2.30
E 17 87 0.029016 0.001884 431.30 1.50
E 17 88 0.030796 0.005095 453.89 0.56
E 17 89 0.033123 0.003641 529.50 0.11
E 17 90 0.030976 0.006226 457.76 0.13
E 18 21 0.029009 0.002204 542.39 0.33
E 18 22 0.027765 0.001646 425.56 7.09
E 18 23 0.030663 0.002580 455.01 5.53
E 18 24 0.027203 0.001008 407.62 4.17
E 18 25 0.033282 0.001696 443.22 1.94
E 18 26 0.030786 0.002289 446.99 0.71
E 18 27 0.034042 0.003223 527.38 27.19
E 18 29 0.031033 0.002433 458.40 1.09
E 18 30 0.027041 0.001737 421.06 1.32
E 18 31 0.030143 0.002846 406.50 1.22
E 18 33 0.029251 0.003106 428.87 3.75
E 18 35 0.027159 0.001303 391.52 36.56
E 18 36 0.027221 0.001683 412.27 1.90
E 18 37 0.031977 0.001017 419.97 1.29
E 18 38 0.026944 0.001509 407.78 4.04
E 18 39 0.027191 0.003138 390.16 1.25
E 18 40 0.032061 0.001368 433.71 1.28
E 18 41 0.030733 0.001149 438.50 1.50
E 18 42 0.030959 0.001441 457.94 17.80
E 18 43 0.030774 0.006073 447.55 1.09
E 18 44 0.031703 0.008098 474.96 3.81
E 18 46 0.027112 0.001511 409.71 1.41
E 18 48 0.028806 0.005766 482.24 2.67
E 18 49 0.027112 0.003671 426.25 1.41
E 18 50 0.032062 0.001018 428.55 3.91
E 18 51 0.030669 0.003256 444.42 1.22
E 18 52 0.035171 0.002714 491.28 1.23
E 18 53 0.028860 0.003652 431.53 5.17
E 18 54 0.029256 0.001944 425.59 1.26
E 18 56 0.027207 0.001631 399.40 7.70
E 18 57 0.028122 0.001997 453.65 1.61
E 18 59 0.032995 0.006200 445.93 1.28
E 18 61 0.029150 0.001974 414.83 1.28
E 18 63 0.032498 0.003279 460.58 1.38
E 18 64 0.035454 0.003053 553.34 1.40
E 18 65 0.008274 0.000160 860.00 0.14
E 18 66 0.031884 0.002944 426.58 1.29
E 18 67 0.032673 0.004825 485.47 2.84
E 18 68 0.034202 0.004176 474.13 1.03
E 18 69 0.028767 0.001847 463.10 0.86
E 18 72 0.036133 0.000565 427.75 0.32
E 18 74 0.031885 0.002026 462.21 77.14
E 18 77 0.034930 0.003836 455.79 14.52
E 18 79 0.032196 0.004224 454.96 19.75
E 18 81 0.035201 0.005258 460.94 1.22
E 18 84 0.027154 0.002927 409.17 0.56
E 18 87 0.029450 0.003392 431.86 7.76
E 18 88 0.030937 0.005489 435.73 3.56
E 18 89 0.027072 0.002266 391.47 6.55
E 18 91 0.031529 0.005766 455.88 0.10
E 19 21 0.024245 0.003759 377.54 26.75
E 19 23 0.035055 0.006859 495.61 0.90
E 19 25 0.024201 0.003573 388.08 25.42
E 19 26 0.036887 0.003948 494.21 83.15
E 19 27 0.032674 0.004834 496.97 146.52
E 19 29 0.032861 0.005687 480.38 0.30
E 19 30 0.036325 0.005627 501.22 0.86
E 19 37 0.033194 0.002374 633.19 0.63
E 19 42 0.025811 0.003866 379.10 4.00
E 19 44 0.039694 0.007462 450.67 24.65
E 19 54 0.036019 0.006083 471.79 0.00
E 19 65 0.005698 0.000544 596.00 0.30
E 19 67 0.035206 0.005970 453.81 2.81
E 19 68 0.033840 0.004116 468.69 0.06
E 19 70 0.036659 0.012551 447.83 227.24
E 19 72 0.024341 0.004046 387.84 32.25
E 19 73 0.023551 0.004593 367.95 3.53
E 19 74 0.034230 0.003723 455.59 2.25
E 19 77 0.036235 0.005094 504.97 32.89
E 19 78 0.018156 0.000000 234.02 1.33
E 19 79 0.034232 0.012551 529.30 45.99
E 19 81 0.037373 0.005686 472.89 0.44
E 19 85 0.024269 0.004095 362.84 3.38
E 19 86 0.027104 0.004430 419.94 1.74
E 19 90 0.030271 0.006266 432.08 0.23
E 20 21 0.023416 0.002955 374.73 26.47
E 20 23 0.035471 0.007195 472.62 0.89
E 20 25 0.024032 0.003112 381.53 25.30
E 20 26 0.036888 0.003211 455.81 77.02
E 20 27 0.034042 0.003222 525.36 146.06
E 20 29 0.032880 0.006106 480.87 0.29
E 20 30 0.036326 0.003586 520.86 0.86
E 20 42 0.025800 0.003329 400.95 4.14
E 20 44 0.039694 0.007462 445.01 24.27
E 20 54 0.036019 0.000950 556.29 0.00
E 20 65 0.005698 0.000544 596.00 0.30
E 20 67 0.031362 0.004206 496.09 2.81
E 20 68 0.033582 0.003823 468.97 0.06
E 20 70 0.036658 0.005276 497.17 224.13
E 20 72 0.024313 0.002927 381.71 32.12
E 20 73 0.022833 0.004504 360.82 3.53
E 20 74 0.032222 0.003136 489.02 2.27
E 20 77 0.036175 0.005007 473.35 32.61
E 20 79 0.034233 0.000565 482.39 44.80
E 20 81 0.037455 0.005371 485.38 0.44
E 20 85 0.023130 0.002787 355.49 2.21
E 20 86 0.027138 0.004457 395.60 1.71
E 20 90 0.030434 0.006151 441.70 0.23
E 21 22 0.031383 0.004952 613.16 5.97
E 21 23 0.033084 0.004548 476.53 1.03
E 21 24 0.030875 0.001823 556.02 0.76
E 21 25 0.024175 0.001342 376.48 1.60
E 21 26 0.036639 0.003053 474.66 0.15
E 21 27 0.034040 0.003223 524.04 1.01
E 21 29 0.031679 0.004133 446.06 9.53
E 21 30 0.036325 0.003586 496.55 6.86
E 21 31 0.030875 0.002205 475.55 71.28
E 21 33 0.037997 0.002205 726.50 0.50
E 21 34 0.024527 0.002282 391.86 25.39
E 21 35 0.003345 0.000000 360.00 1.46
E 21 36 0.031214 0.003222 442.09 237.66
E 21 37 0.033249 0.003434 517.78 381.13
E 21 38 0.030875 0.002510 455.63 0.53
E 21 39 0.030875 0.002997 661.12 0.15
E 21 40 0.032962 0.002529 456.04 59.52
E 21 41 0.029882 0.002188 442.38 89.10
E 21 42 0.025799 0.001325 390.55 2.88
E 21 43 0.031044 0.001357 472.79 8.23
E 21 44 0.037911 0.006190 477.28 7.16
E 21 47 0.023932 0.000808 385.06 17.75
E 21 48 0.030875 0.003440 457.33 1.51
E 21 50 0.029619 0.001764 546.82 4.99
E 21 51 0.032643 0.002980 541.70 69.76
E 21 52 0.028167 0.002233 442.24 67.44
E 21 53 0.030451 0.003307 460.92 2.21
E 21 54 0.035984 0.001117 549.00 59.00
E 21 55 0.023339 0.002198 349.99 25.42
E 21 56 0.004898 0.000000 496.00 0.41
E 21 57 0.030876 0.001187 450.43 1.76
E 21 59 0.032571 0.007043 457.75 77.84
E 21 61 0.030875 0.001187 616.32 78.59
E 21 63 0.032897 0.003247 469.52 70.89
E 21 64 0.037353 0.004342 582.50 75.04
E 21 65 0.033800 0.008438 495.61 4.08
E 21 66 0.031218 0.002056 432.41 77.11
E 21 67 0.032272 0.004350 430.44 0.68
E 21 68 0.034027 0.004011 463.68 317.60
E 21 69 0.030875 0.002510 584.56 53.53
E 21 70 0.037064 0.005936 505.10 1.73
E 21 71 0.032390 0.005821 476.26 27.45
E 21 72 0.024321 0.001926 383.38 0.38
E 21 73 0.023198 0.004558 344.02 5.79
E 21 74 0.032212 0.002641 446.04 0.72
E 21 76 0.029519 0.001696 442.20 1.59
E 21 77 0.036134 0.004893 499.03 0.83
E 21 79 0.034229 0.001696 434.50 0.96
E 21 81 0.035175 0.005082 472.09 90.65
E 21 83 0.029519 0.001696 394.46 1.72
E 21 84 0.005538 0.000704 576.00 2.93
E 21 85 0.023265 0.002530 347.20 2.39
E 21 86 0.027216 0.004565 407.22 2.38
E 21 87 0.031440 0.003675 428.73 2.76
E 21 88 0.034322 0.006558 517.93 4.15
E 21 90 0.030116 0.006150 446.23 47.95
E 21 91 0.029689 0.002205 619.63 0.00
E 22 23 0.030535 0.002449 434.04 0.17
E 22 24 0.027806 0.001781 402.96 0.92
E 22 25 0.033281 0.004183 460.64 1.49
E 22 26 0.030786 0.002289 455.26 1.37
E 22 27 0.036217 0.006106 508.03 2.94
E 22 29 0.031007 0.002613 418.92 2.36
E 22 30 0.027374 0.001832 406.81 2.41
E 22 31 0.030604 0.003554 455.26 0.38
E 22 33 0.029170 0.003065 440.65 0.79
E 22 35 0.027729 0.001728 404.41 6.71
E 22 36 0.028108 0.002275 425.11 1.04
E 22 37 0.032344 0.004952 494.15 0.66
E 22 38 0.027744 0.001964 435.35 2.90
E 22 39 0.027790 0.003138 414.14 2.16
E 22 40 0.032246 0.001887 476.65 0.44
E 22 41 0.030750 0.001176 449.32 2.19
E 22 42 0.032005 0.004183 554.83 2.96
E 22 43 0.030771 0.006246 432.83 1.15
E 22 44 0.031961 0.007937 459.31 136.50
E 22 46 0.027886 0.002063 394.45 1.12
E 22 48 0.031722 0.004155 674.55 2.31
E 22 49 0.027810 0.003671 410.25 1.12
E 22 50 0.029574 0.001695 429.79 0.17
E 22 51 0.030687 0.003289 460.73 0.38
E 22 52 0.035171 0.003754 465.32 0.39
E 22 53 0.028838 0.003528 427.13 0.38
E 22 54 0.029338 0.001919 434.09 0.24
E 22 56 0.027698 0.001668 409.56 4.05
E 22 57 0.031100 0.004183 481.30 1.29
E 22 59 0.032995 0.006200 460.91 0.50
E 22 61 0.029084 0.001971 443.83 0.50
E 22 63 0.032784 0.003402 455.83 0.63
E 22 64 0.037546 0.005654 575.34 0.70
E 22 65 0.040655 0.009950 529.26 0.45
E 22 66 0.031884 0.002944 440.53 0.50
E 22 67 0.032673 0.004825 481.50 0.73
E 22 68 0.034537 0.004405 479.11 0.20
E 22 69 0.031100 0.004183 446.49 1.25
E 22 70 0.039751 0.005314 439.01 4.01
E 22 72 0.036132 0.001695 484.31 3.52
E 22 74 0.031930 0.002097 482.38 0.23
E 22 75 0.027029 0.001517 412.48 0.93
E 22 77 0.034930 0.003836 466.73 4.43
E 22 79 0.032331 0.004271 462.25 6.94
E 22 81 0.035400 0.005528 470.46 0.19
E 22 84 0.027718 0.002975 423.76 2.05
E 22 87 0.031099 0.004183 470.13 1.52
E 22 88 0.030947 0.005487 440.00 0.74
E 22 89 0.026989 0.002184 442.84 6.94
E 22 91 0.031578 0.005766 451.48 61.67
E 23 25 0.033038 0.004519 474.67 1.59
E 23 26 0.033463 0.005404 447.05 0.44
E 23 27 0.037184 0.007415 495.27 1.55
E 23 29 0.032721 0.004291 469.25 2.06
E 23 30 0.036693 0.006503 471.23 1.22
E 23 31 0.039673 0.006708 489.98 2.36
E 23 32 0.032594 0.004590 437.40 1.51
E 23 33 0.030663 0.002580 434.65 0.61
E 23 34 0.032990 0.004913 466.69 0.89
E 23 37 0.033432 0.004505 485.16 1.22
E 23 40 0.033098 0.004099 463.06 1.09
E 23 41 0.032559 0.004609 457.08 2.28
E 23 42 0.031601 0.003218 443.21 17.16
E 23 43 0.030654 0.006917 447.35 3.41
E 23 44 0.033632 0.004683 435.39 24.40
E 23 47 0.035758 0.006207 454.12 0.96
E 23 48 0.040569 0.007434 547.91 6.08
E 23 50 0.036596 0.007010 477.50 0.27
E 23 51 0.030635 0.003705 447.53 2.02
E 23 52 0.033509 0.004054 472.64 1.64
E 23 53 0.030663 0.002580 478.46 0.39
E 23 54 0.031637 0.003420 439.92 0.62
E 23 55 0.033577 0.006570 471.02 0.89
E 23 56 0.030156 0.002105 413.58 3.06
E 23 58 0.035497 0.005914 517.83 2.32
E 23 59 0.033501 0.007862 454.87 2.60
E 23 60 0.035497 0.005914 502.19 2.59
E 23 61 0.030635 0.002433 414.14 2.06
E 23 62 0.034980 0.005840 507.59 21.05
E 23 63 0.033014 0.004089 461.77 1.19
E 23 64 0.033430 0.004622 485.69 1.39
E 23 65 0.032789 0.006143 490.35 0.68
E 23 66 0.030721 0.002437 440.10 2.59
E 23 67 0.031469 0.003545 465.02 0.46
E 23 68 0.033538 0.004772 469.92 1.59
E 23 70 0.033297 0.004684 481.54 1.32
E 23 71 0.032992 0.006903 467.13 0.89
E 23 72 0.032948 0.005032 486.40 0.63
E 23 73 0.038893 0.008189 529.63 0.46
E 23 74 0.032334 0.003715 493.21 0.24
E 23 76 0.034855 0.005658 443.68 2.01
E 23 77 0.036325 0.005225 512.24 1.65
E 23 78 0.034421 0.005809 482.53 1.05
E 23 79 0.033225 0.003962 448.68 1.86
E 23 80 0.032151 0.004749 432.36 3.99
E 23 81 0.034652 0.005308 485.04 0.80
E 23 83 0.036821 0.006581 501.62 1.71
E 23 85 0.034714 0.006878 483.87 10.53
E 23 86 0.032365 0.003623 459.36 5.50
E 23 87 0.032836 0.003580 482.76 13.78
E 23 88 0.032835 0.005469 474.32 4.84
E 23 90 0.033066 0.006193 470.01 20.91
E 23 91 0.032364 0.006792 484.78 30.03
E 24 25 0.033283 0.001823 444.69 0.20
E 24 26 0.029665 0.001890 420.92 0.30
E 24 27 0.013076 0.001152 1344.00 2.76
E 24 30 0.034793 0.003748 525.88 2.78
E 24 31 0.032009 0.003392 455.16 8.56
E 24 33 0.029031 0.002924 429.45 0.62
E 24 35 0.020891 0.001018 318.85 0.85
E 24 36 0.023766 0.000980 379.07 0.90
E 24 37 0.013076 0.001152 1344.00 7.97
E 24 38 0.020900 0.001612 336.05 0.21
E 24 39 0.023004 0.003896 342.35 0.18
E 24 40 0.037390 0.001763 501.50 8.88
E 24 41 0.032136 0.001569 442.82 10.26
E 24 42 0.032004 0.001850 508.13 7.51
E 24 43 0.030708 0.005846 430.02 3.70
E 24 46 0.022732 0.001436 354.30 9.52
E 24 48 0.028670 0.002442 515.57 2.85
E 24 49 0.024049 0.003159 358.72 9.52
E 24 50 0.013076 0.001152 1344.00 1.36
E 24 51 0.030604 0.003292 453.10 8.55
E 24 52 0.035825 0.003698 506.67 8.64
E 24 53 0.028430 0.002963 402.18 1.30
E 24 54 0.028712 0.001882 434.72 9.21
E 24 56 0.025049 0.001758 395.74 2.70
E 24 57 0.027720 0.002442 499.84 0.62
E 24 59 0.032564 0.005736 439.00 8.75
E 24 61 0.029208 0.002245 417.73 8.75
E 24 63 0.034606 0.002442 525.36 9.53
E 24 64 0.013076 0.001152 1344.00 9.66
E 24 66 0.033362 0.003115 450.95 8.76
E 24 67 0.032711 0.004661 447.29 0.64
E 24 68 0.039663 0.006925 466.90 7.80
E 24 69 0.031214 0.002442 445.67 1.79
E 24 72 0.036134 0.002442 604.66 0.82
E 24 74 0.034153 0.003069 494.12 0.60
E 24 75 0.020178 0.000639 304.08 34.87
E 24 77 0.043170 0.006275 456.99 4.10
E 24 79 0.033241 0.003598 451.21 1.75
E 24 81 0.037359 0.001696 555.29 9.12
E 24 84 0.024320 0.002325 373.64 2.38
E 24 87 0.029263 0.002442 629.79 4.65
E 24 88 0.036809 0.004071 556.78 46.51
E 24 89 0.023125 0.002548 352.78 0.01
E 24 91 0.034208 0.005465 533.96 0.00
E 25 26 0.036939 0.003828 504.69 0.13
E 25 27 0.032783 0.004600 456.13 0.94
E 25 29 0.031690 0.004026 460.42 9.92
E 25 30 0.036324 0.003646 468.55 24.05
E 25 31 0.033532 0.004805 553.00 56.07
E 25 32 0.029561 0.002956 470.32 22.79
E 25 33 0.041896 0.004635 566.32 6.38
E 25 34 0.024556 0.002334 369.61 24.66
E 25 35 0.035341 0.003278 566.23 26.93
E 25 36 0.033281 0.003222 591.63 0.08
E 25 37 0.033449 0.003238 475.80 6.29
E 25 38 0.033283 0.002510 428.94 9.54
E 25 39 0.033283 0.003538 493.59 4.29
E 25 40 0.032708 0.002342 464.73 47.53
E 25 41 0.029681 0.001748 432.90 23.35
E 25 42 0.025831 0.001529 382.23 5.45
E 25 43 0.033282 0.001696 726.08 1.73
E 25 44 0.037911 0.006190 511.19 23.13
E 25 47 0.029376 0.003938 434.85 20.30
E 25 48 0.033283 0.003440 529.96 8.42
E 25 50 0.033281 0.001696 398.95 1.59
E 25 51 0.032642 0.002980 508.28 55.08
E 25 52 0.028415 0.002314 422.44 53.22
E 25 53 0.033805 0.005378 521.32 0.45
E 25 54 0.035881 0.003940 489.27 48.90
E 25 55 0.023888 0.002165 361.31 24.80
E 25 56 0.035342 0.000226 553.49 1.20
E 25 57 0.033283 0.001696 584.63 0.05
E 25 58 0.033284 0.003957 422.35 22.05
E 25 59 0.032134 0.004660 430.86 63.95
E 25 60 0.033284 0.001696 426.94 22.00
E 25 61 0.033283 0.003344 554.80 64.29
E 25 62 0.006130 0.000416 592.00 0.79
E 25 63 0.032827 0.003169 470.12 35.22
E 25 64 0.035163 0.004894 492.24 59.90
E 25 65 0.033800 0.008438 474.16 8.17
E 25 66 0.031700 0.002579 451.05 63.64
E 25 67 0.035206 0.005970 500.80 0.39
E 25 68 0.034058 0.003909 474.58 50.08
E 25 69 0.033283 0.002510 411.96 3.37
E 25 70 0.037064 0.005936 448.58 6.44
E 25 71 0.032434 0.005799 457.42 26.11
E 25 72 0.024321 0.001920 365.94 4.20
E 25 73 0.024081 0.004544 368.82 0.21
E 25 74 0.031983 0.002327 463.69 0.68
E 25 76 0.031239 0.002798 416.99 2.10
E 25 77 0.036174 0.005008 486.95 21.82
E 25 79 0.034688 0.001911 523.40 1.40
E 25 81 0.037259 0.005782 512.63 56.30
E 25 83 0.030198 0.000848 455.93 1.98
E 25 84 0.005538 0.000704 576.00 0.63
E 25 85 0.023840 0.002535 374.54 2.14
E 25 86 0.027214 0.004594 398.82 2.92
E 25 87 0.033282 0.004216 492.51 1.36
E 25 88 0.034321 0.006557 477.50 33.29
E 25 90 0.030135 0.006349 439.66 0.00
E 25 91 0.032287 0.002035 574.78 0.00
E 26 27 0.036062 0.004826 498.06 1.16
E 26 29 0.032162 0.004105 462.15 54.57
E 26 30 0.031376 0.002429 459.31 3.62
E 26 31 0.034386 0.003305 449.76 136.66
E 26 32 0.035894 0.004161 475.41 18.90
E 26 33 0.030747 0.002307 431.12 0.84
E 26 34 0.036888 0.003211 488.12 75.52
E 26 35 0.028646 0.001764 412.68 4.47
E 26 36 0.031134 0.002402 449.57 0.90
E 26 37 0.034443 0.004475 470.62 10.10
E 26 38 0.029483 0.002435 429.24 0.29
E 26 39 0.029529 0.002793 427.01 0.86
E 26 40 0.033118 0.002374 505.19 39.68
E 26 41 0.030791 0.002212 473.88 19.63
E 26 42 0.032255 0.002690 447.18 4.28
E 26 43 0.030778 0.006100 432.85 3.79
E 26 44 0.031396 0.004132 441.13 30.70
E 26 46 0.028798 0.002008 405.25 154.59
E 26 47 0.037003 0.003028 495.00 107.92
E 26 48 0.004418 0.000032 436.00 0.72
E 26 49 0.028832 0.004293 440.51 153.46
E 26 50 0.037048 0.002578 537.77 1.56
E 26 51 0.030834 0.003342 447.89 134.63
E 26 52 0.036164 0.003486 469.37 29.35
E 26 53 0.030787 0.003325 454.46 0.57
E 26 54 0.030917 0.002194 447.80 40.61
E 26 55 0.037246 0.003477 523.30 74.60
E 26 56 0.029884 0.002184 406.39 5.22
E 26 57 0.034916 0.003404 498.03 0.29
E 26 59 0.032970 0.006222 454.17 138.67
E 26 61 0.030761 0.002282 438.04 140.08
E 26 63 0.032984 0.003290 456.01 35.07
E 26 64 0.036430 0.007123 515.74 30.58
E 26 65 0.034288 0.007307 462.01 2.81
E 26 66 0.031594 0.002492 463.45 137.27
E 26 67 0.032361 0.004056 482.81 0.72
E 26 68 0.034421 0.004514 466.88 18.01
E 26 69 0.034580 0.003339 440.54 6.90
E 26 70 0.034324 0.003439 490.12 1.88
E 26 71 0.036607 0.006427 489.68 75.72
E 26 72 0.036494 0.004816 483.60 0.20
E 26 73 0.037691 0.003934 491.46 0.50
E 26 74 0.031728 0.002335 460.15 0.45
E 26 75 0.027671 0.001557 400.06 0.59
E 26 77 0.035290 0.004417 486.65 2.22
E 26 79 0.031926 0.003983 457.73 62.54
E 26 81 0.035057 0.004998 466.05 36.37
E 26 84 0.030062 0.002273 449.94 1.28
E 26 85 0.036954 0.007000 535.45 1.86
E 26 86 0.032560 0.002933 467.36 0.92
E 26 87 0.033975 0.005597 467.37 1.32
E 26 88 0.031284 0.005834 449.40 3.63
E 26 89 0.028958 0.002082 438.70 268.31
E 26 90 0.036417 0.006596 515.11 150.65
E 27 29 0.032606 0.005258 518.36 9.69
E 27 30 0.035544 0.004826 486.48 5.26
E 27 31 0.030477 0.003889 432.41 126.65
E 27 32 0.027264 0.004061 397.97 64.05
E 27 33 0.034097 0.003101 531.91 0.39
E 27 34 0.034042 0.005233 422.77 147.06
E 27 36 0.035590 0.003222 446.20 0.21
E 27 37 0.030945 0.004397 435.45 3.48
E 27 38 0.034434 0.002510 606.73 8.26
E 27 39 0.005505 0.000096 572.00 1.29
E 27 40 0.039301 0.005168 549.91 117.13
E 27 41 0.032037 0.004197 479.91 65.44
E 27 43 0.005858 0.000256 616.00 2.78
E 27 44 0.029817 0.004697 455.40 1.33
E 27 48 0.022991 0.003583 354.96 0.06
E 27 50 0.024156 0.002402 365.87 2.08
E 27 51 0.034593 0.005291 480.46 125.72
E 27 52 0.031902 0.005812 448.82 121.97
E 27 53 0.034776 0.004579 438.98 0.53
E 27 54 0.034533 0.005302 486.75 125.90
E 27 55 0.033985 0.004824 544.69 145.40
E 27 57 0.032039 0.004293 446.93 0.59
E 27 58 0.022667 0.004176 360.56 61.53
E 27 60 0.022737 0.002241 356.37 61.08
E 27 62 0.021989 0.001967 344.32 0.58
E 27 63 0.037788 0.005918 500.98 93.69
E 27 64 0.025894 0.003903 402.83 86.18
E 27 65 0.031284 0.006586 449.96 47.99
E 27 68 0.038245 0.005156 549.46 143.21
E 27 69 0.032163 0.004579 466.30 6.12
E 27 70 0.029301 0.003894 408.88 0.21
E 27 71 0.032178 0.006755 476.65 142.31
E 27 72 0.034041 0.009207 493.88 2.26
E 27 74 0.036267 0.003223 502.31 0.48
E 27 76 0.021851 0.001992 340.95 0.10
E 27 77 0.038777 0.006332 551.24 0.00
E 27 78 0.017513 0.001165 304.22 0.25
E 27 79 0.034874 0.004809 478.12 0.27
E 27 80 0.017165 0.000959 281.06 0.07
E 27 81 0.037918 0.006198 503.29 119.58
E 27 82 0.023514 0.003800 355.35 0.23
E 27 83 0.021815 0.001785 345.98 2.15
E 27 87 0.029337 0.004797 441.25 30.50
E 27 90 0.031327 0.006965 510.51 0.02
E 27 91 0.032526 0.005342 503.05 0.00
E 29 30 0.034904 0.006411 463.11 0.32
E 29 31 0.034436 0.003308 624.39 2.04
E 29 32 0.031138 0.004357 436.92 2.85
E 29 33 0.031032 0.002433 435.27 3.85
E 29 34 0.031894 0.004333 453.91 0.29
E 29 37 0.031692 0.004006 448.30 1.15
E 29 40 0.032428 0.003649 484.96 0.61
E 29 41 0.031224 0.003096 471.51 2.51
E 29 42 0.031898 0.003731 455.15 0.85
E 29 43 0.031032 0.005399 431.28 1.58
E 29 44 0.032151 0.003739 434.24 8.77
E 29 47 0.034662 0.007236 464.21 0.45
E 29 48 0.032739 0.003176 501.16 22.50
E 29 50 0.031741 0.003810 430.62 1.67
E 29 51 0.031031 0.003536 431.31 1.60
E 29 52 0.031177 0.003313 431.05 1.17
E 29 53 0.031033 0.002433 473.85 4.66
E 29 54 0.031892 0.003812 443.96 0.59
E 29 55 0.032479 0.005888 467.26 0.29
E 29 58 0.031752 0.004690 416.55 2.45
E 29 59 0.032908 0.008372 472.00 3.44
E 29 60 0.031752 0.004132 424.84 2.16
E 29 61 0.031031 0.002433 480.92 3.76
E 29 62 0.031751 0.004132 439.12 10.22
E 29 63 0.032659 0.003649 458.52 0.66
E 29 64 0.031758 0.003743 447.00 0.82
E 29 65 0.031748 0.006591 452.20 0.47
E 29 66 0.031031 0.002433 447.92 2.96
E 29 67 0.031032 0.003174 489.41 8.16
E 29 68 0.033719 0.003718 482.53 0.79
E 29 70 0.031919 0.004022 475.62 6.48
E 29 71 0.032979 0.006913 488.69 0.28
E 29 72 0.031881 0.004175 440.98 4.82
E 29 73 0.035623 0.007462 538.48 3.91
E 29 74 0.032034 0.003526 458.96 2.68
E 29 76 0.032358 0.004681 475.63 9.94
E 29 77 0.036236 0.005234 503.49 3.48
E 29 78 0.032388 0.004963 486.80 1.82
E 29 79 0.031889 0.003722 463.44 2.27
E 29 80 0.031862 0.005196 466.26 10.03
E 29 81 0.034713 0.005332 478.94 0.27
E 29 83 0.032680 0.005076 494.44 1.03
E 29 85 0.032497 0.005597 469.17 0.79
E 29 86 0.031723 0.004137 454.22 0.77
E 29 87 0.031533 0.003175 461.13 0.91
E 29 88 0.031405 0.005686 477.32 0.57
E 29 90 0.031880 0.006278 470.11 0.22
E 30 31 0.026012 0.003912 393.93 0.84
E 30 32 0.035353 0.004167 513.65 0.88
E 30 33 0.028114 0.002380 415.63 0.90
E 30 34 0.037503 0.004203 460.22 0.87
E 30 35 0.036073 0.004270 472.43 0.42
E 30 36 0.035060 0.003265 477.46 303.10
E 30 37 0.033053 0.004304 479.69 2.48
E 30 38 0.039383 0.003986 463.92 16.87
E 30 39 0.036073 0.004270 501.91 3.79
E 30 40 0.037528 0.004410 500.26 0.81
E 30 41 0.033319 0.003190 477.73 0.88
E 30 42 0.037326 0.004247 519.53 0.59
E 30 43 0.030505 0.005600 455.91 6.08
E 30 44 0.027507 0.003952 420.83 1.90
E 30 46 0.033811 0.002688 461.81 0.90
E 30 47 0.039383 0.003986 518.42 1.01
E 30 48 0.038809 0.003440 523.71 21.43
E 30 49 0.033917 0.002374 547.36 0.90
E 30 50 0.039382 0.003986 515.48 1.49
E 30 51 0.033553 0.003453 495.30 0.83
E 30 52 0.036489 0.003436 496.55 0.83
E 30 53 0.028088 0.003145 421.18 14.62
E 30 54 0.029873 0.002113 426.38 0.82
E 30 55 0.037809 0.003678 539.13 0.87
E 30 56 0.031155 0.001917 450.80 11.20
E 30 57 0.025680 0.001571 379.69 59.59
E 30 59 0.033313 0.004195 504.33 0.85
E 30 61 0.033196 0.002851 478.85 0.85
E 30 63 0.035986 0.005078 488.26 0.83
E 30 64 0.036237 0.007123 509.45 0.84
E 30 65 0.032802 0.007041 475.73 0.78
E 30 66 0.034142 0.003024 454.89 0.85
E 30 67 0.035662 0.005845 527.69 21.20
E 30 68 0.038742 0.007010 525.62 0.81
E 30 69 0.024955 0.001330 390.76 0.64
E 30 70 0.032762 0.003361 479.97 0.66
E 30 71 0.036325 0.003586 523.14 0.85
E 30 72 0.037502 0.005314 487.96 0.78
E 30 73 0.038803 0.003265 539.35 5.62
E 30 74 0.034985 0.003742 477.35 6.27
E 30 77 0.038486 0.005376 499.88 2.13
E 30 79 0.032038 0.003893 450.96 0.59
E 30 81 0.035542 0.005423 496.49 0.81
E 30 84 0.031957 0.005714 462.40 7.37
E 30 85 0.038807 0.006546 540.75 2.72
E 30 86 0.036346 0.003694 466.42 9.27
E 30 87 0.027106 0.003397 420.52 7.13
E 30 88 0.031645 0.006375 476.01 22.48
E 30 89 0.039186 0.003731 515.38 2.72
E 30 90 0.036325 0.006106 453.86 3.21
E 30 91 0.031208 0.005599 456.76 316.10
E 31 33 0.032575 0.005266 489.82 1.77
E 31 35 0.032010 0.003392 481.97 33.56
E 31 36 0.031743 0.004070 420.06 9.74
E 31 37 0.030293 0.003896 415.43 0.58
E 31 38 0.032316 0.003618 412.59 28.32
E 31 39 0.033192 0.004221 485.71 21.15
E 31 42 0.032005 0.001639 537.52 3.88
E 31 43 0.030463 0.003915 472.87 1.73
E 31 44 0.027027 0.003644 403.79 34.45
E 31 48 0.033532 0.005180 411.80 109.51
E 31 50 0.026789 0.002744 386.87 1.20
E 31 53 0.031061 0.003244 456.13 1.65
E 31 54 0.034233 0.003380 490.06 0.00
E 31 56 0.031747 0.003150 467.09 63.01
E 31 57 0.023216 0.003799 340.44 35.80
E 31 65 0.029064 0.005660 424.38 0.27
E 31 67 0.034911 0.005936 442.24 5.43
E 31 68 0.038672 0.005766 467.76 0.05
E 31 69 0.022863 0.003815 378.35 0.66
E 31 70 0.025959 0.003016 399.96 313.72
E 31 72 0.036133 0.000000 745.55 65.59
E 31 74 0.036366 0.003952 525.41 1.76
E 31 77 0.037850 0.004274 442.08 77.50
E 31 79 0.032648 0.004558 470.78 64.29
E 31 81 0.037456 0.006083 515.54 0.38
E 31 82 0.024633 0.003646 446.35 4.88
E 31 84 0.032010 0.005445 436.89 1.12
E 31 87 0.025515 0.003222 387.92 2.22
E 31 88 0.032107 0.006731 455.87 1.98
E 32 37 0.030772 0.004554 429.10 0.55
E 32 44 0.027749 0.004572 411.72 3.40
E 32 48 0.027065 0.003875 419.46 51.24
E 32 50 0.027001 0.003719 411.06 0.81
E 32 54 0.036020 0.004134 617.79 0.00
E 32 57 0.025822 0.003643 404.90 17.88
E 32 62 0.026780 0.003649 422.00 7.52
E 32 65 0.029201 0.006701 431.98 0.16
E 32 68 0.033850 0.004268 466.89 0.06
E 32 69 0.026068 0.004387 411.90 0.71
E 32 70 0.027524 0.004500 424.58 53.56
E 32 76 0.026860 0.003750 380.38 12.64
E 32 77 0.034006 0.004331 471.08 100.71
E 32 78 0.025956 0.005130 433.13 0.91
E 32 80 0.001393 0.000000 116.00 103.34
E 32 81 0.034956 0.005361 459.83 0.44
E 32 82 0.026945 0.004037 410.02 5.96
E 32 83 0.027162 0.003929 384.13 2.10
E 32 87 0.027470 0.004457 421.47 1.23
E 32 88 0.031567 0.006664 444.74 0.90
E 32 90 0.028752 0.005591 437.29 0.44
E 33 35 0.028649 0.002684 420.53 0.96
E 33 36 0.029481 0.003501 414.78 0.63
E 33 37 0.037997 0.002205 542.65 4.52
E 33 38 0.028254 0.002538 420.59 6.95
E 33 39 0.028925 0.003195 427.91 0.88
E 33 40 0.032129 0.002845 447.15 2.23
E 33 41 0.030733 0.002504 426.60 2.52
E 33 42 0.032004 0.002520 533.68 33.86
E 33 43 0.030884 0.006454 446.85 3.01
E 33 44 0.032350 0.006584 465.73 5.80
E 33 46 0.028429 0.002568 435.25 2.44
E 33 48 0.038437 0.005902 643.63 1.08
E 33 49 0.028528 0.003671 429.40 2.44
E 33 50 0.037997 0.002205 531.10 0.47
E 33 51 0.030687 0.003362 454.40 2.15
E 33 52 0.035217 0.004044 482.01 2.17
E 33 53 0.029329 0.003716 437.61 0.95
E 33 54 0.029338 0.002503 456.24 0.79
E 33 56 0.028643 0.002442 438.32 0.50
E 33 57 0.034351 0.004791 519.06 1.50
E 33 59 0.032995 0.006200 437.41 2.27
E 33 61 0.029179 0.003412 418.33 2.27
E 33 63 0.032531 0.003240 453.39 2.36
E 33 64 0.037997 0.004410 542.45 2.39
E 33 65 0.040655 0.009950 452.72 0.43
E 33 66 0.031734 0.002841 439.96 2.27
E 33 67 0.032673 0.004825 467.53 3.22
E 33 68 0.034278 0.004061 455.66 0.62
E 33 69 0.036753 0.006162 514.69 1.07
E 33 70 0.003953 0.000000 436.00 1.28
E 33 72 0.037998 0.002205 745.56 4.57
E 33 74 0.031930 0.002725 459.05 0.44
E 33 75 0.027986 0.002616 429.77 0.51
E 33 77 0.034938 0.003857 454.94 0.48
E 33 79 0.032048 0.004103 445.20 0.84
E 33 81 0.035200 0.005258 505.00 0.78
E 33 84 0.028628 0.003013 431.98 10.54
E 33 87 0.034351 0.004791 503.98 9.06
E 33 88 0.031072 0.005718 473.86 4.87
E 33 89 0.027910 0.002456 426.90 378.42
E 33 91 0.031391 0.005615 444.37 0.00
E 34 42 0.025800 0.002330 403.53 4.34
E 34 44 0.039694 0.007462 602.79 24.22
E 34 54 0.036019 0.004317 559.29 0.00
E 34 67 0.032410 0.004088 471.21 9.33
E 34 68 0.033496 0.003798 465.56 0.06
E 34 70 0.036658 0.005276 471.17 223.12
E 34 72 0.024512 0.002290 376.35 31.36
E 34 73 0.024475 0.004458 358.31 3.53
E 34 74 0.031961 0.002364 435.96 2.36
E 34 77 0.036056 0.004843 485.36 31.54
E 34 79 0.034233 0.005992 577.02 42.88
E 34 80 0.002289 0.000000 228.00 107.18
E 34 81 0.035172 0.005216 479.12 0.44
E 34 85 0.024620 0.002676 378.62 2.25
E 34 86 0.027160 0.004502 399.44 1.70
E 34 90 0.030201 0.006243 427.63 0.22
E 35 36 0.023713 0.000953 366.46 9.61
E 35 38 0.020200 0.001560 341.89 8.57
E 35 39 0.022990 0.003752 345.00 1.41
E 35 40 0.037392 0.002120 513.87 87.19
E 35 41 0.052573 0.002272 5584.00 108.19
E 35 42 0.032157 0.002422 499.04 0.57
E 35 43 0.030472 0.005614 445.19 300.73
E 35 46 0.022729 0.001421 349.65 91.41
E 35 49 0.024019 0.003287 366.04 91.46
E 35 51 0.030632 0.003329 428.27 82.93
E 35 52 0.035826 0.003698 509.22 84.21
E 35 53 0.028241 0.002869 428.99 2.50
E 35 54 0.028653 0.001974 413.38 84.33
E 35 56 0.025054 0.001756 382.25 0.22
E 35 59 0.032537 0.005822 441.78 79.99
E 35 61 0.029304 0.002263 431.51 79.84
E 35 63 0.003281 0.000000 352.00 97.34
E 35 66 0.033028 0.002573 445.00 80.24
E 35 67 0.032752 0.004743 436.88 4.30
E 35 68 0.039664 0.006925 569.62 76.52
E 35 72 0.003345 0.000000 360.00 1.66
E 35 74 0.035024 0.003671 491.72 2.04
E 35 75 0.019451 0.000837 315.88 253.00
E 35 77 0.043171 0.006275 497.81 0.08
E 35 79 0.033738 0.004202 440.91 0.02
E 35 81 0.037360 0.002459 478.44 83.34
E 35 84 0.024401 0.002330 371.91 343.79
E 35 88 0.036810 0.004071 679.36 0.00
E 35 89 0.023100 0.002542 350.90 16.19
E 35 91 0.033984 0.004409 516.97 0.00
E 36 37 0.031976 0.003222 499.74 2.88
E 36 38 0.023964 0.001442 388.81 1.04
E 36 39 0.023728 0.003416 383.02 5.51
E 36 40 0.037695 0.001957 532.84 18.54
E 36 41 0.030550 0.001662 448.86 22.38
E 36 42 0.025823 0.000967 385.90 10.03
E 36 43 0.030805 0.005939 428.13 0.47
E 36 44 0.054789 0.001526 572.35 105.54
E 36 46 0.023445 0.001433 349.44 20.95
E 36 48 0.036809 0.005427 414.47 0.04
E 36 49 0.024062 0.003382 397.52 20.96
E 36 50 0.036810 0.005427 645.91 1.76
E 36 51 0.030679 0.003252 444.56 17.38
E 36 52 0.035217 0.002883 501.30 17.69
E 36 53 0.028029 0.002416 418.90 0.21
E 36 54 0.029541 0.002050 415.75 18.91
E 36 56 0.024958 0.001713 389.71 0.12
E 36 57 0.031213 0.003222 438.84 0.04
E 36 59 0.032479 0.005633 467.02 18.70
E 36 61 0.029086 0.001801 431.13 18.68
E 36 63 0.034577 0.002544 521.05 20.33
E 36 64 0.034097 0.004410 457.40 20.67
E 36 65 0.043765 0.013059 666.58 3.46
E 36 66 0.031632 0.002480 441.55 18.74
E 36 67 0.032641 0.004766 445.97 14.93
E 36 68 0.039028 0.006337 548.88 9.63
E 36 69 0.031213 0.003222 476.65 43.50
E 36 72 0.036809 0.005427 820.34 22.58
E 36 74 0.031837 0.001987 447.93 0.30
E 36 75 0.022861 0.000787 356.04 0.36
E 36 77 0.034809 0.003781 467.97 1.07
E 36 79 0.034834 0.005103 462.05 0.52
E 36 81 0.038534 0.005973 509.02 16.58
E 36 84 0.024683 0.002891 385.15 0.13
E 36 86 0.027248 0.004563 422.50 0.24
E 36 87 0.031213 0.003694 454.51 0.26
E 36 88 0.032909 0.003391 457.97 0.94
E 36 89 0.022873 0.002080 361.10 10.49
E 36 91 0.032487 0.004631 423.48 0.00
E 37 38 0.026087 0.002368 2680.00 9.57
E 37 39 0.005506 0.000096 572.00 6.72
E 37 40 0.033824 0.004039 479.42 0.56
E 37 41 0.033097 0.005236 438.33 0.54
E 37 43 0.005858 0.000256 616.00 0.12
E 37 44 0.030677 0.004242 435.32 102.05
E 37 48 0.030636 0.004419 448.39 3.26
E 37 50 0.030744 0.004405 456.07 0.81
E 37 51 0.033418 0.004046 457.56 0.58
E 37 52 0.030343 0.004082 422.19 0.57
E 37 53 0.031977 0.003256 400.37 0.58
E 37 54 0.033703 0.004198 507.71 0.30
E 37 55 0.033335 0.002544 459.31 0.62
E 37 57 0.030719 0.004444 444.88 3.93
E 37 58 0.030884 0.004652 445.07 0.55
E 37 60 0.030921 0.004719 448.47 0.55
E 37 62 0.035347 0.007271 473.77 2.69
E 37 63 0.033395 0.004526 468.71 0.51
E 37 64 0.030843 0.004410 453.96 0.50
E 37 65 0.030750 0.006181 423.99 0.82
E 37 68 0.034104 0.004015 489.20 0.15
E 37 69 0.030781 0.004273 443.02 0.40
E 37 70 0.030556 0.004250 439.35 9.05
E 37 71 0.032651 0.006438 471.92 0.62
E 37 72 0.035031 0.015857 487.47 37.81
E 37 74 0.038438 0.002442 537.12 1.23
E 37 76 0.030805 0.004759 424.23 2.23
E 37 77 0.035700 0.005024 493.27 3.36
E 37 78 0.032911 0.000170 613.98 0.36
E 37 79 0.031745 0.004169 462.54 3.78
E 37 81 0.035047 0.005334 470.74 0.09
E 37 82 0.030791 0.004588 449.43 1.23
E 37 83 0.030766 0.004687 425.67 2.55
E 37 87 0.030713 0.004115 444.00 1.63
E 37 88 0.032068 0.006651 451.13 1.37
E 37 90 0.030326 0.006500 458.36 0.43
E 38 39 0.023021 0.003749 347.68 0.25
E 38 40 0.037390 0.002296 538.54 50.86
E 38 42 0.032004 0.002132 548.69 3.90
E 38 43 0.029989 0.006171 416.75 5.86
E 38 46 0.022717 0.001436 373.07 59.56
E 38 48 0.031383 0.002714 393.93 668.56
E 38 49 0.023890 0.003024 351.88 59.58
E 38 50 0.032062 0.002510 483.20 3.63
E 38 51 0.030427 0.003175 468.83 47.17
E 38 52 0.035824 0.003698 457.60 48.14
E 38 53 0.028051 0.002511 442.36 1.30
E 38 54 0.028472 0.002289 419.77 51.85
E 38 56 0.025025 0.001781 373.33 14.99
E 38 57 0.027651 0.002510 520.58 0.70
E 38 59 0.031580 0.004101 459.86 53.30
E 38 61 0.028905 0.002055 441.82 53.26
E 38 63 0.034549 0.002510 516.00 55.37
E 38 64 0.026087 0.002368 2680.00 56.28
E 38 65 0.026087 0.002368 2680.00 11.63
E 38 66 0.033203 0.002996 463.17 53.36
E 38 67 0.033394 0.005857 492.60 0.21
E 38 68 0.039662 0.006925 538.22 54.49
E 38 69 0.031213 0.002510 438.75 5.06
E 38 72 0.036134 0.002510 652.94 0.33
E 38 74 0.035791 0.003002 499.87 2.11
E 38 77 0.043170 0.006275 573.37 20.17
E 38 79 0.034671 0.002069 511.57 11.59
E 38 81 0.037358 0.002296 549.31 56.61
E 38 84 0.024229 0.002315 383.69 4.27
E 38 87 0.030365 0.002917 615.92 6.08
E 38 88 0.036808 0.004071 505.76 20.85
E 38 89 0.023135 0.002758 351.51 0.00
E 38 91 0.034208 0.005465 505.01 0.00
E 39 40 0.037391 0.003095 550.42 44.92
E 39 41 0.030138 0.002374 438.55 54.95
E 39 42 0.032004 0.003095 464.55 6.08
E 39 43 0.030471 0.005614 441.26 3.34
E 39 46 0.023730 0.003759 359.29 49.07
E 39 48 0.029179 0.000509 444.04 13.75
E 39 49 0.024019 0.003861 391.65 49.08
E 39 50 0.005506 0.000096 572.00 2.65
E 39 51 0.030632 0.003329 452.74 42.62
E 39 52 0.035451 0.003053 505.09 43.26
E 39 53 0.028240 0.003195 409.37 2.35
E 39 54 0.028593 0.003053 415.29 45.31
E 39 56 0.025049 0.003555 377.12 2.52
E 39 57 0.029178 0.000678 522.64 4.97
E 39 59 0.032498 0.005663 459.39 43.47
E 39 61 0.029164 0.003606 445.52 43.43
E 39 63 0.034606 0.000509 555.65 49.72
E 39 64 0.005506 0.000096 572.00 50.65
E 39 65 0.005506 0.000096 572.00 12.96
E 39 66 0.031717 0.003842 432.84 43.56
E 39 67 0.032734 0.004661 437.37 0.13
E 39 68 0.039663 0.006925 651.43 30.06
E 39 69 0.032402 0.000509 747.66 22.18
E 39 72 0.005505 0.000096 572.00 0.20
E 39 74 0.031943 0.003169 455.59 1.00
E 39 75 0.021982 0.003610 369.65 15.68
E 39 77 0.043171 0.006275 577.96 1.39
E 39 79 0.033936 0.004302 515.68 1.02
E 39 81 0.037359 0.003095 499.13 45.80
E 39 84 0.024184 0.003410 367.68 1.32
E 39 87 0.029858 0.000509 577.39 2.02
E 39 88 0.036809 0.004071 494.89 3.38
E 39 89 0.023530 0.003350 376.02 51.50
E 39 91 0.033214 0.005088 494.46 0.00
E 40 42 0.031353 0.001073 451.48 3.45
E 40 43 0.032050 0.006023 467.98 1.55
E 40 44 0.033450 0.003952 474.58 29.47
E 40 48 0.039629 0.006169 463.96 108.81
E 40 50 0.039376 0.006666 506.39 0.96
E 40 53 0.031805 0.002399 461.41 1.71
E 40 54 0.033480 0.002649 454.69 0.00
E 40 56 0.030904 0.001591 437.40 53.97
E 40 57 0.039438 0.005003 485.53 36.70
E 40 65 0.033675 0.005882 457.16 0.25
E 40 67 0.032365 0.004575 495.30 2.79
E 40 68 0.034325 0.004267 491.40 0.05
E 40 69 0.038800 0.005721 507.44 0.68
E 40 70 0.033675 0.002588 469.09 275.79
E 40 72 0.032000 0.001933 442.53 56.50
E 40 74 0.032728 0.002248 459.63 1.71
E 40 76 0.042917 0.012686 559.75 16.68
E 40 77 0.036197 0.005502 475.89 65.92
E 40 79 0.033193 0.004005 464.31 70.17
E 40 81 0.035031 0.005292 499.24 0.34
E 40 82 0.041244 0.008843 521.89 4.80
E 40 83 0.041956 0.011928 533.63 2.58
E 40 84 0.037151 0.003731 414.09 1.08
E 40 86 0.031638 0.003702 443.98 3.48
E 40 87 0.033451 0.003023 476.90 2.14
E 40 88 0.033389 0.005670 514.76 2.01
E 40 90 0.032548 0.006370 441.21 0.37
E 41 42 0.030590 0.001750 447.80 3.03
E 41 44 0.031162 0.005570 460.26 3.58
E 41 48 0.030086 0.004171 435.33 52.20
E 41 50 0.030010 0.003935 437.31 0.80
E 41 53 0.030357 0.001774 436.09 4.15
E 41 54 0.030219 0.001974 449.17 0.00
E 41 57 0.028830 0.003790 412.68 18.11
E 41 62 0.029685 0.004045 431.32 7.55
E 41 65 0.031922 0.006418 482.95 0.17
E 41 67 0.031661 0.003431 456.99 2.97
E 41 68 0.034146 0.004116 502.27 0.06
E 41 69 0.026200 0.003317 432.61 0.69
E 41 70 0.031684 0.003700 422.63 55.10
E 41 72 0.029905 0.001805 444.75 75.59
E 41 74 0.030925 0.001646 491.25 3.70
E 41 76 0.029881 0.004201 426.61 12.68
E 41 77 0.035491 0.005230 488.49 99.73
E 41 78 0.025193 0.005130 406.88 0.91
E 41 80 0.001393 0.000000 116.00 103.39
E 41 81 0.035073 0.005223 491.37 0.44
E 41 82 0.029892 0.005868 471.62 5.95
E 41 83 0.029881 0.004201 452.61 2.11
E 41 85 0.030110 0.001342 427.38 0.07
E 41 86 0.030575 0.004908 436.99 4.34
E 41 87 0.031750 0.003970 476.70 1.25
E 41 88 0.033643 0.007236 497.58 0.93
E 41 90 0.030192 0.006199 455.83 0.44
E 42 43 0.032004 0.003647 466.67 0.39
E 42 46 0.026196 0.001537 407.38 3.62
E 42 47 0.028256 0.002877 443.50 3.40
E 42 49 0.026213 0.003850 394.69 3.54
E 42 51 0.030626 0.003604 429.47 3.74
E 42 52 0.027342 0.001770 423.59 3.72
E 42 53 0.032004 0.006299 605.48 2.85
E 42 54 0.035985 0.001418 521.48 3.38
E 42 55 0.025792 0.002364 374.28 4.61
E 42 56 0.032157 0.001696 515.51 4.14
E 42 59 0.032681 0.006157 475.80 3.04
E 42 61 0.028968 0.001977 438.14 3.10
E 42 63 0.032122 0.003291 448.99 7.95
E 42 66 0.031885 0.002631 457.21 2.99
E 42 67 0.032380 0.005045 460.03 2.63
E 42 68 0.034022 0.004019 463.75 2.85
E 42 71 0.032447 0.006070 448.45 4.38
E 42 72 0.025810 0.001871 376.68 1.40
E 42 73 0.025972 0.004666 391.17 2.67
E 42 74 0.031918 0.002043 464.87 18.81
E 42 77 0.035369 0.004454 466.29 1.91
E 42 79 0.034206 0.001640 436.65 2.52
E 42 81 0.035293 0.005250 476.37 1.80
E 42 84 0.033969 0.004876 418.99 0.66
E 42 85 0.025655 0.002477 415.26 0.90
E 42 86 0.027459 0.004420 418.73 1.56
E 42 90 0.029971 0.006310 440.31 0.25
E 43 44 0.030108 0.006195 419.96 27.66
E 43 46 0.030697 0.005936 451.31 4.35
E 43 48 0.031045 0.003222 356.91 1.03
E 43 49 0.030420 0.005753 452.04 4.35
E 43 51 0.030691 0.005195 440.80 4.11
E 43 52 0.035172 0.004500 470.59 4.17
E 43 53 0.031042 0.006534 443.04 1.03
E 43 54 0.030648 0.006080 448.70 4.25
E 43 56 0.031098 0.006624 440.97 1.87
E 43 57 0.031045 0.001357 448.92 1.15
E 43 59 0.032995 0.006200 451.20 3.84
E 43 61 0.030466 0.005377 457.66 3.83
E 43 63 0.032468 0.005995 507.37 4.77
E 43 66 0.031750 0.005551 452.00 3.87
E 43 67 0.032732 0.005554 501.87 1.65
E 43 68 0.034025 0.005745 458.41 1.95
E 43 69 0.031045 0.002035 620.07 1.89
E 43 72 0.036134 0.001357 594.89 5.21
E 43 74 0.031888 0.005745 436.36 3.95
E 43 75 0.030324 0.005703 419.63 2.67
E 43 77 0.034776 0.005565 506.81 5.55
E 43 79 0.032043 0.005507 459.92 3.54
E 43 81 0.035069 0.005946 493.71 3.31
E 43 84 0.031185 0.006739 449.19 1330.52
E 43 87 0.031045 0.001357 459.67 126.15
E 43 88 0.030913 0.005946 500.02 137.04
E 43 89 0.029906 0.005435 405.95 5.00
E 44 48 0.031773 0.006249 470.52 3.31
E 44 50 0.027835 0.003786 419.27 30.63
E 44 51 0.033135 0.006484 466.72 33.91
E 44 52 0.034418 0.007274 526.92 32.73
E 44 53 0.036472 0.009271 486.48 185.35
E 44 54 0.029465 0.004132 422.84 28.65
E 44 55 0.039694 0.007462 530.24 23.42
E 44 57 0.027631 0.003607 431.76 163.61
E 44 58 0.033021 0.007123 461.24 3.93
E 44 59 0.033269 0.008537 495.99 38.25
E 44 60 0.033021 0.007123 522.85 4.25
E 44 61 0.029960 0.005789 441.77 38.58
E 44 62 0.035792 0.007869 511.10 5.87
E 44 63 0.033290 0.004034 458.63 26.32
E 44 64 0.027721 0.003925 403.01 5.13
E 44 65 0.029088 0.006463 429.39 15.71
E 44 68 0.033864 0.004263 496.34 108.77
E 44 69 0.027573 0.003736 419.49 13.84
E 44 70 0.027861 0.003963 411.14 0.16
E 44 71 0.038215 0.007074 488.57 22.97
E 44 72 0.037912 0.015857 636.46 1.60
E 44 74 0.037912 0.006190 571.11 12.94
E 44 76 0.038132 0.007021 515.41 2.89
E 44 77 0.034938 0.004183 469.12 0.95
E 44 78 0.038719 0.007760 544.94 18.95
E 44 79 0.031877 0.004289 431.87 3.63
E 44 80 0.040993 0.010402 600.05 2.49
E 44 81 0.035288 0.005661 469.08 37.44
E 44 82 0.027692 0.004251 393.41 0.00
E 44 83 0.036187 0.008225 505.69 5.86
E 44 85 0.042746 0.008650 441.71 10.52
E 44 87 0.027989 0.004482 427.63 11.11
E 44 88 0.031851 0.006754 449.80 20.46
E 44 90 0.038215 0.007074 506.35 92.96
E 46 53 0.027815 0.002434 410.95 1.87
E 46 54 0.028245 0.001981 428.39 0.00
E 46 56 0.025042 0.001789 407.47 201.59
E 46 67 0.032371 0.004600 479.35 2.56
E 46 68 0.038556 0.004507 629.53 0.01
E 46 74 0.031851 0.002019 440.03 3.78
E 46 75 0.022762 0.001425 358.31 95.96
E 46 77 0.034507 0.004330 485.71 103.96
E 46 79 0.034301 0.004025 488.47 145.74
E 46 84 0.025018 0.002979 363.35 2.65
E 46 86 0.027516 0.004998 398.42 3.65
E 47 67 0.032712 0.006982 459.06 2.74
E 47 68 0.038620 0.004523 522.52 0.06
E 47 72 0.026707 0.004346 388.71 24.49
E 47 73 0.020008 0.004353 299.12 3.80
E 47 74 0.035622 0.002760 482.76 3.06
E 47 77 0.037706 0.003659 467.56 25.04
E 47 79 0.034233 0.000339 472.98 149.61
E 47 85 0.021223 0.002506 333.38 3.77
E 47 86 0.027008 0.004291 412.03 2.19
E 47 90 0.030170 0.006089 418.65 0.15
E 48 50 0.021306 0.003701 338.16 1.58
E 48 51 0.032642 0.002980 505.62 109.58
E 48 52 0.034968 0.002917 503.27 107.48
E 48 53 0.031976 0.003816 414.68 0.28
E 48 54 0.035791 0.002917 448.93 116.25
E 48 57 0.025391 0.003698 421.04 0.27
E 48 58 0.020955 0.004174 335.45 47.55
E 48 60 0.020955 0.003450 345.27 46.53
E 48 62 0.020530 0.003135 343.51 0.33
E 48 63 0.036808 0.004395 484.19 97.32
E 48 64 0.025553 0.003701 385.32 61.96
E 48 65 0.029257 0.006332 453.08 8.76
E 48 68 0.040097 0.006445 567.31 119.82
E 48 69 0.025020 0.004777 429.74 3.12
E 48 70 0.026251 0.003334 398.30 1.55
E 48 71 0.033411 0.007454 484.34 140.43
E 48 72 0.005921 0.000512 624.00 186.47
E 48 74 0.039523 0.003440 466.88 0.32
E 48 76 0.020524 0.003100 328.35 0.04
E 48 77 0.043171 0.006275 583.56 0.83
E 48 79 0.034233 0.002917 534.83 2.28
E 48 80 0.019656 0.003364 300.57 0.20
E 48 81 0.038361 0.007002 543.27 141.73
E 48 82 0.021639 0.003718 353.63 0.03
E 48 83 0.020086 0.003012 324.65 0.70
E 48 87 0.028508 0.003924 412.73 1.25
E 48 88 0.035036 0.007217 524.55 24.20
E 48 91 0.034478 0.006148 438.44 0.00
E 49 53 0.027828 0.003606 410.38 1.87
E 49 54 0.028396 0.004282 403.50 0.00
E 49 56 0.025047 0.003276 377.01 201.73
E 49 67 0.032382 0.004540 459.08 2.54
E 49 68 0.038169 0.004918 429.47 0.01
E 49 74 0.031853 0.003568 437.12 3.64
E 49 75 0.024020 0.003247 380.86 96.05
E 49 77 0.034569 0.004679 507.07 103.61
E 49 79 0.033863 0.003392 449.45 144.84
E 49 84 0.025058 0.003115 387.53 2.66
E 49 86 0.027385 0.004576 397.50 3.62
E 50 51 0.032643 0.002980 452.10 1.17
E 50 52 0.035057 0.002318 502.18 1.06
E 50 53 0.030501 0.001696 396.22 0.17
E 50 54 0.035791 0.001823 437.00 0.48
E 50 55 0.031300 0.001611 438.58 2.42
E 50 57 0.024949 0.003457 431.95 1.06
E 50 58 0.020620 0.003881 317.65 0.83
E 50 60 0.020621 0.001613 339.41 0.84
E 50 62 0.020609 0.001048 327.07 1.04
E 50 63 0.036887 0.003133 507.07 0.71
E 50 64 0.025453 0.003790 410.97 0.68
E 50 65 0.029450 0.005945 428.40 0.32
E 50 68 0.040097 0.006445 507.51 0.45
E 50 69 0.026350 0.002628 428.25 1.54
E 50 70 0.026660 0.002343 401.30 6.77
E 50 71 0.029915 0.004636 515.40 2.00
E 50 72 0.036132 0.001413 505.96 4.75
E 50 74 0.039523 0.001950 480.46 0.20
E 50 76 0.020474 0.001093 329.89 0.82
E 50 77 0.042237 0.006512 547.04 3.14
E 50 78 0.028962 0.004071 404.02 1.68
E 50 79 0.034232 0.001470 519.16 3.73
E 50 81 0.035173 0.005401 481.19 0.35
E 50 82 0.021833 0.003685 343.53 0.78
E 50 83 0.020452 0.001006 325.02 7.55
E 50 87 0.025757 0.003479 397.31 1.67
E 50 88 0.031741 0.006694 459.09 1.30
E 50 90 0.032402 0.006106 444.08 1.35
E 50 91 0.030366 0.001823 422.00 0.00
E 51 53 0.030687 0.003289 446.54 1.65
E 51 54 0.030800 0.003370 456.95 0.00
E 51 56 0.030684 0.003315 442.41 63.13
E 51 57 0.033387 0.003776 502.47 35.95
E 51 65 0.033030 0.008844 458.98 0.27
E 51 67 0.032742 0.004625 457.46 5.43
E 51 68 0.034623 0.004273 464.80 0.05
E 51 69 0.032488 0.002785 404.57 0.67
E 51 70 0.032556 0.003418 461.39 309.51
E 51 72 0.033111 0.005087 430.88 64.47
E 51 74 0.031777 0.003323 456.71 1.76
E 51 77 0.035529 0.004465 502.57 75.98
E 51 79 0.032419 0.004286 460.09 66.26
E 51 81 0.035121 0.005142 483.33 0.37
E 51 84 0.030685 0.003315 446.48 1.12
E 51 86 0.029944 0.004459 434.41 3.69
E 51 87 0.033025 0.003995 496.87 2.22
E 51 88 0.031681 0.006580 460.12 1.98
E 51 90 0.029775 0.006219 462.30 0.41
E 52 53 0.035217 0.003746 467.72 1.66
E 52 54 0.034697 0.002536 472.12 0.00
E 52 56 0.035731 0.003423 498.41 60.16
E 52 57 0.035282 0.002958 472.77 35.58
E 52 65 0.033232 0.007662 524.55 0.26
E 52 67 0.032384 0.004360 493.05 5.11
E 52 68 0.034612 0.003993 465.95 0.04
E 52 69 0.035396 0.002572 523.62 0.64
E 52 70 0.033233 0.003053 477.65 300.81
E 52 72 0.027690 0.002140 411.77 62.64
E 52 73 0.025624 0.003829 400.32 21.62
E 52 74 0.032030 0.002359 453.39 1.75
E 52 77 0.035555 0.004316 499.92 73.61
E 52 79 0.035823 0.004986 478.92 66.65
E 52 81 0.035461 0.005357 465.80 0.36
E 52 83 0.030367 0.000000 588.26 2.68
E 52 84 0.035732 0.003423 495.39 1.10
E 52 85 0.027132 0.002148 403.00 0.33
E 52 86 0.027622 0.004960 437.29 3.66
E 52 87 0.034418 0.003945 509.67 2.17
E 52 88 0.035450 0.008219 446.26 1.95
E 52 90 0.030085 0.006542 431.03 0.40
E 53 54 0.029285 0.003325 436.58 1.07
E 53 56 0.028487 0.003301 412.36 0.54
E 53 57 0.033545 0.004706 450.78 0.28
E 53 59 0.032995 0.006200 480.18 1.73
E 53 61 0.029141 0.002797 436.54 1.73
E 53 63 0.032532 0.003240 471.53 1.81
E 53 64 0.034097 0.004410 488.68 1.83
E 53 65 0.043765 0.013059 713.70 2.64
E 53 66 0.031887 0.002904 433.40 1.73
E 53 67 0.032673 0.004825 468.69 0.53
E 53 68 0.034215 0.004070 471.04 0.68
E 53 69 0.033545 0.004706 492.62 4.54
E 53 72 0.036133 0.001018 623.90 5.01
E 53 74 0.031888 0.002573 460.62 0.13
E 53 75 0.027606 0.002529 398.44 1.39
E 53 77 0.034925 0.003946 476.64 0.98
E 53 79 0.031946 0.004240 441.19 0.93
E 53 81 0.035201 0.005258 496.26 0.56
E 53 84 0.028446 0.003446 425.61 0.49
E 53 87 0.033805 0.005379 446.81 2.35
E 53 88 0.031074 0.005961 455.24 1.31
E 53 89 0.027669 0.002476 409.65 3.40
E 53 91 0.031598 0.005861 457.04 0.00
E 54 55 0.036019 0.001654 543.74 0.00
E 54 56 0.028831 0.001798 430.31 56.28
E 54 57 0.033892 0.002544 452.75 38.02
E 54 58 0.035862 0.002578 580.98 0.00
E 54 59 0.033122 0.006106 462.10 0.00
E 54 60 0.035862 0.000611 561.32 0.00
E 54 61 0.029264 0.002021 441.11 0.00
E 54 63 0.033016 0.003326 472.13 0.00
E 54 64 0.034570 0.007869 517.99 0.00
E 54 65 0.033703 0.007582 489.64 0.26
E 54 66 0.031561 0.002465 436.11 0.00
E 54 67 0.032921 0.004791 468.12 39.16
E 54 68 0.034288 0.004217 512.25 0.04
E 54 69 0.034193 0.001738 452.75 1.21
E 54 70 0.033477 0.003101 456.51 289.52
E 54 71 0.035405 0.003418 589.90 0.00
E 54 72 0.036017 0.007274 441.95 55.54
E 54 74 0.031980 0.002096 444.15 0.78
E 54 76 0.010499 0.001600 1080.00 6.17
E 54 77 0.034992 0.003933 485.69 67.59
E 54 79 0.032165 0.003855 463.68 74.22
E 54 81 0.035320 0.005336 478.58 0.26
E 54 84 0.028752 0.002311 416.32 1.08
E 54 86 0.036020 0.003053 514.49 3.30
E 54 87 0.033560 0.003618 438.60 2.11
E 54 88 0.031234 0.006077 453.85 2.04
E 54 90 0.033789 0.007247 476.54 0.36
E 55 62 0.024058 0.000746 441.96 10.65
E 55 65 0.029463 0.002148 479.20 0.30
E 55 67 0.039073 0.006219 458.70 16.83
E 55 68 0.038273 0.006635 488.18 0.06
E 55 70 0.036658 0.005276 507.09 216.92
E 55 72 0.024373 0.002177 391.84 31.51
E 55 73 0.020206 0.004826 333.27 3.53
E 55 74 0.035475 0.002586 535.27 2.36
E 55 76 0.025844 0.001823 455.72 23.76
E 55 77 0.035835 0.004755 478.73 31.59
E 55 78 0.022867 0.003204 385.76 1.04
E 55 79 0.034233 0.002578 539.42 41.54
E 55 80 0.024262 0.000000 610.27 105.05
E 55 81 0.038846 0.005201 495.98 0.44
E 55 83 0.005682 0.000128 536.00 1.58
E 55 85 0.021309 0.002690 321.78 2.24
E 55 86 0.027095 0.004431 398.49 1.64
E 55 90 0.030269 0.006194 443.31 0.22
E 56 59 0.032514 0.005818 469.21 175.07
E 56 61 0.029405 0.002214 439.23 174.11
E 56 63 0.031786 0.002701 466.14 229.74
E 56 66 0.031913 0.002975 460.95 176.41
E 56 67 0.032532 0.004738 444.63 3.23
E 56 68 0.039665 0.006925 500.78 396.77
E 56 74 0.031867 0.002053 466.08 1.17
E 56 75 0.024792 0.001538 399.02 3.26
E 56 77 0.043256 0.005427 558.39 0.05
E 56 79 0.031498 0.004058 447.31 0.11
E 56 81 0.034159 0.004606 489.80 253.75
E 56 84 0.025034 0.002616 384.95 0.73
E 56 88 0.003089 0.000000 328.00 0.00
E 56 89 0.024938 0.002566 398.27 1.21
E 56 91 0.031472 0.005798 458.63 0.00
E 57 58 0.025767 0.004070 413.05 16.88
E 57 60 0.025597 0.002793 420.60 16.59
E 57 62 0.026567 0.002375 367.17 0.67
E 57 63 0.036751 0.003241 481.29 34.65
E 57 64 0.033046 0.006136 487.64 20.70
E 57 65 0.028904 0.005973 427.38 3.83
E 57 68 0.039458 0.005978 511.61 18.16
E 57 69 0.019139 0.001601 318.33 8.35
E 57 70 0.026125 0.002251 397.12 12.86
E 57 74 0.038438 0.002442 499.92 0.50
E 57 76 0.027821 0.004240 438.17 0.09
E 57 77 0.043171 0.006275 528.24 8.09
E 57 79 0.031779 0.004070 456.80 2.87
E 57 81 0.038476 0.006770 494.30 41.33
E 57 82 0.025005 0.006654 383.17 0.06
E 57 87 0.025770 0.003228 392.59 0.95
E 57 88 0.032596 0.006814 454.30 2.87
E 57 91 0.031646 0.005869 467.35 0.00
E 58 62 0.020448 0.003719 316.71 7.46
E 58 65 0.032605 0.008329 436.40 0.16
E 58 68 0.013603 0.000512 1468.00 0.06
E 58 69 0.025863 0.002520 371.74 0.80
E 58 70 0.031353 0.005636 423.96 58.66
E 58 76 0.020347 0.003698 313.87 12.28
E 58 78 0.019941 0.003491 314.48 0.90
E 58 80 0.019483 0.003629 291.06 100.19
E 58 81 0.038020 0.005067 484.32 0.45
E 58 82 0.021690 0.003836 330.22 5.76
E 58 83 0.020742 0.004100 325.48 2.05
E 58 87 0.029008 0.005114 376.87 1.18
E 58 88 0.034987 0.009158 533.27 0.84
E 59 67 0.032482 0.004964 455.73 3.04
E 59 68 0.034161 0.006157 481.30 0.05
E 59 72 0.033100 0.007722 453.11 70.65
E 59 74 0.032613 0.005184 475.11 1.87
E 59 75 0.032820 0.003940 447.34 12.65
E 59 77 0.035527 0.006398 478.78 86.23
E 59 79 0.032859 0.005912 480.33 121.45
E 59 81 0.034946 0.006118 484.14 0.41
E 59 84 0.032458 0.005739 463.27 1.38
E 59 86 0.032688 0.006631 462.67 3.49
E 59 88 0.032787 0.006398 469.95 2.46
E 59 90 0.033050 0.007288 469.16 0.42
E 60 62 0.019291 0.001961 299.97 7.47
E 60 65 0.033098 0.008904 498.93 0.16
E 60 68 0.036699 0.003844 434.28 0.06
E 60 69 0.025863 0.001727 382.14 0.82
E 60 70 0.031908 0.004240 479.02 61.47
E 60 72 0.004002 0.000128 384.00 76.60
E 60 76 0.019240 0.001954 309.11 12.15
E 60 77 0.002065 0.000000 200.00 22.94
E 60 78 0.019135 0.002050 303.10 0.90
E 60 80 0.018463 0.002341 276.39 98.95
E 60 81 0.038020 0.005067 515.46 0.45
E 60 82 0.021687 0.003574 342.13 5.67
E 60 83 0.019266 0.001844 314.42 2.03
E 60 87 0.029347 0.004110 402.15 1.17
E 60 88 0.034987 0.009159 412.99 0.83
E 60 90 0.001841 0.000000 172.00 0.43
E 61 67 0.032498 0.004794 458.98 3.04
E 61 68 0.034161 0.004118 460.62 0.05
E 61 72 0.002641 0.000000 272.00 71.23
E 61 74 0.031830 0.002018 442.96 1.89
E 61 75 0.029065 0.001833 429.05 12.69
E 61 77 0.035528 0.004430 466.25 86.84
E 61 79 0.031978 0.004185 479.28 123.22
E 61 81 0.034946 0.005012 471.24 0.41
E 61 84 0.029380 0.003110 446.20 1.39
E 61 86 0.028949 0.004621 425.62 3.53
E 61 88 0.030757 0.005457 467.35 2.46
E 61 90 0.029536 0.006204 469.49 0.43
E 62 63 0.037431 0.003816 526.43 8.12
E 62 64 0.025488 0.003828 364.19 8.00
E 62 65 0.033965 0.008793 523.65 0.58
E 62 69 0.028805 0.002510 527.16 1.03
E 62 70 0.036019 0.005163 487.16 4.16
E 62 71 0.033059 0.006730 475.44 12.61
E 62 76 0.018129 0.001180 294.30 0.13
E 62 78 0.017165 0.002323 264.65 54.40
E 62 80 0.017200 0.000728 298.21 6.25
E 62 81 0.037660 0.001950 443.18 69.01
E 62 82 0.021781 0.003752 357.61 1.29
E 62 83 0.018649 0.001173 304.08 53.09
E 62 87 0.030196 0.003935 400.97 10.96
E 62 88 0.034323 0.006557 465.22 0.00
E 63 65 0.033395 0.006120 474.73 0.21
E 63 67 0.032204 0.003740 448.87 20.93
E 63 68 0.034059 0.003828 472.39 0.05
E 63 69 0.037002 0.003610 504.32 0.55
E 63 70 0.033346 0.003188 462.97 73.47
E 63 72 0.032826 0.003169 450.98 62.42
E 63 74 0.032857 0.003258 483.47 1.84
E 63 76 0.036594 0.002968 519.96 14.54
E 63 77 0.036207 0.005434 523.24 81.10
E 63 78 0.034389 0.000339 427.70 0.98
E 63 79 0.033007 0.004151 475.60 42.71
E 63 81 0.034765 0.005365 481.96 0.39
E 63 82 0.036979 0.006167 506.95 5.14
E 63 83 0.036594 0.001943 518.73 2.29
E 63 86 0.032122 0.004571 462.30 3.82
E 63 87 0.033231 0.003484 469.59 1.89
E 63 88 0.033183 0.006536 449.24 1.22
E 63 90 0.032819 0.006500 475.93 0.38
E 64 65 0.029227 0.006281 424.80 0.20
E 64 68 0.038780 0.007869 501.33 0.05
E 64 69 0.035156 0.005915 465.56 0.54
E 64 70 0.026702 0.003616 373.91 68.18
E 64 72 0.037354 0.015857 533.90 65.51
E 64 74 0.037658 0.005654 483.83 1.97
E 64 76 0.024938 0.003736 384.23 14.13
E 64 77 0.040643 0.008141 575.39 85.12
E 64 78 0.031893 0.004071 516.68 0.94
E 64 79 0.035487 0.007869 484.91 36.20
E 64 81 0.035038 0.005392 464.73 0.40
E 64 82 0.025528 0.003980 372.30 5.40
E 64 83 0.025003 0.003751 378.47 2.25
E 64 87 0.025788 0.003716 383.58 1.52
E 64 88 0.031897 0.006972 441.71 1.21
E 64 90 0.034030 0.008692 442.45 0.39
E 65 68 0.034019 0.006845 463.63 0.26
E 65 69 0.028905 0.005973 427.95 0.11
E 65 70 0.029109 0.006575 420.53 10.43
E 65 71 0.032652 0.007491 472.51 0.30
E 65 72 0.035850 0.012754 473.95 2.20
E 65 74 0.038438 0.007802 636.13 1.14
E 65 76 0.033955 0.009526 513.02 3.86
E 65 77 0.035701 0.006845 517.19 138.03
E 65 78 0.037998 0.007802 430.06 1.70
E 65 79 0.031917 0.006082 435.96 0.00
E 65 81 0.035047 0.005977 478.03 0.26
E 65 82 0.029767 0.006632 421.48 1.35
E 65 83 0.029100 0.006577 414.56 0.15
E 65 87 0.029074 0.006303 451.68 0.13
E 65 88 0.032172 0.006937 445.69 0.02
E 65 90 0.033524 0.009498 516.64 0.40
E 65 91 0.031435 0.005977 456.97 9.69
E 66 67 0.032569 0.004669 463.24 3.03
E 66 68 0.034104 0.003989 465.18 0.05
E 66 72 0.032042 0.002429 433.62 70.08
E 66 74 0.031771 0.002410 454.38 1.85
E 66 75 0.031639 0.001611 407.62 12.59
E 66 77 0.035526 0.004430 466.42 85.67
E 66 79 0.031666 0.003901 463.99 119.72
E 66 81 0.034946 0.005012 466.00 0.41
E 66 84 0.031913 0.002975 453.28 1.38
E 66 85 0.031104 0.002404 449.40 5.16
E 66 86 0.031886 0.004502 462.50 3.46
E 66 88 0.031718 0.005175 461.51 2.46
E 66 90 0.032023 0.005845 460.90 0.42
E 67 68 0.033447 0.004360 464.87 4.23
E 67 71 0.033272 0.007462 482.67 11.24
E 67 72 0.032411 0.004088 440.89 0.39
E 67 73 0.030706 0.005540 521.69 3.49
E 67 74 0.032799 0.004690 478.11 0.69
E 67 75 0.032537 0.006038 425.61 0.90
E 67 77 0.034632 0.004460 485.51 3.73
E 67 79 0.032096 0.004671 470.46 3.09
E 67 81 0.034301 0.005106 463.22 6.77
E 67 84 0.032532 0.004738 440.07 0.79
E 67 86 0.032466 0.005161 417.31 1.11
E 67 88 0.031856 0.005380 438.33 1.61
E 67 89 0.032550 0.004653 449.69 2.24
E 67 90 0.032401 0.005936 467.86 1.93
E 68 69 0.040096 0.006445 482.43 0.49
E 68 70 0.033674 0.003741 453.87 516.70
E 68 71 0.033833 0.006094 481.25 0.06
E 68 72 0.033859 0.003855 487.31 35.50
E 68 74 0.034169 0.003885 466.72 0.98
E 68 77 0.036326 0.005556 505.05 80.95
E 68 79 0.034503 0.004479 472.13 101.07
E 68 81 0.035191 0.005226 490.72 0.08
E 68 84 0.039617 0.007555 513.54 0.72
E 68 85 0.032898 0.003083 456.54 3.05
E 68 86 0.033685 0.004462 462.59 1.83
E 68 87 0.034020 0.003765 483.30 1.00
E 68 88 0.034357 0.006190 463.13 1.22
E 68 90 0.034187 0.006514 492.07 0.39
E 69 70 0.026126 0.002251 374.53 16.83
E 69 72 0.005474 0.000192 568.00 8.98
E 69 74 0.038438 0.002487 455.42 3.15
E 69 76 0.029433 0.004240 513.58 0.93
E 69 77 0.043171 0.006275 541.11 10.41
E 69 79 0.031780 0.004070 454.78 10.08
E 69 81 0.038525 0.006012 539.34 0.63
E 69 82 0.025672 0.007505 384.13 7.02
E 69 83 0.002833 0.000000 296.00 1.77
E 69 87 0.025818 0.003272 405.33 0.41
E 69 88 0.032232 0.006335 471.79 0.28
E 70 71 0.032641 0.006319 465.66 214.74
E 70 72 0.037064 0.010741 506.32 11.05
E 70 74 0.037732 0.006493 521.39 1.57
E 70 76 0.037064 0.005936 526.81 1.03
E 70 77 0.035700 0.005024 477.32 0.11
E 70 78 0.039668 0.005718 561.17 8.60
E 70 79 0.031825 0.004360 455.62 0.19
E 70 80 0.039182 0.005003 520.12 0.33
E 70 81 0.035042 0.005294 484.78 327.25
E 70 82 0.026293 0.003868 420.68 7.00
E 70 83 0.026565 0.002334 397.43 9.68
E 70 85 0.038845 0.006596 550.61 0.15
E 70 86 0.002321 0.000000 232.00 0.00
E 70 87 0.026640 0.003148 395.98 0.00
E 70 88 0.032102 0.007033 456.34 0.00
E 70 90 0.034124 0.008073 467.65 114.00
E 70 91 0.031447 0.006044 439.76 0.00
E 71 72 0.032607 0.006127 474.86 33.03
E 71 73 0.032585 0.006313 454.47 3.54
E 71 74 0.032497 0.006438 449.13 2.22
E 71 76 0.032734 0.006369 463.65 17.19
E 71 77 0.036615 0.005956 525.20 33.60
E 71 78 0.032779 0.006570 439.12 1.01
E 71 79 0.034232 0.003324 576.54 44.05
E 71 80 0.030197 0.004240 385.21 104.71
E 71 81 0.035170 0.006438 493.96 0.43
E 71 83 0.032704 0.006451 470.15 1.53
E 71 85 0.033121 0.006640 458.20 2.15
E 71 86 0.032583 0.006313 454.41 1.63
E 71 90 0.032851 0.006784 445.95 0.23
E 72 73 0.024376 0.004458 377.57 4.39
E 72 74 0.031983 0.002327 468.26 5.84
E 72 76 0.035031 0.015858 514.04 18.44
E 72 77 0.036106 0.004924 452.77 31.52
E 72 79 0.035030 0.015857 455.70 1.71
E 72 81 0.035289 0.005233 512.77 50.28
E 72 83 0.036133 0.000452 640.17 1.60
E 72 85 0.024332 0.002586 365.27 1.82
E 72 86 0.027213 0.004594 407.77 1.36
E 72 87 0.036133 0.002917 471.08 1.53
E 72 88 0.036810 0.004071 774.73 1.14
E 72 90 0.030164 0.006127 452.29 6.73
E 72 91 0.003409 0.000000 368.00 4.34
E 73 74 0.039089 0.004409 524.37 0.30
E 73 77 0.038879 0.005427 563.06 1.12
E 73 79 0.034233 0.002714 559.05 0.87
E 73 85 0.021172 0.004392 354.62 0.59
E 73 86 0.027090 0.004486 412.25 0.33
E 73 89 0.024909 0.005201 403.72 1.96
E 73 90 0.030123 0.006235 414.89 4.31
E 74 77 0.035525 0.004430 479.89 0.78
E 74 79 0.031923 0.003678 461.59 1.59
E 74 81 0.035052 0.005051 500.12 1.05
E 74 84 0.031920 0.002530 456.70 2.67
E 74 85 0.031305 0.002193 442.34 6.02
E 74 86 0.031929 0.004502 451.92 10.44
E 74 87 0.037658 0.003694 446.61 5.48
E 74 88 0.031713 0.005175 471.59 4.02
E 74 89 0.031818 0.002273 463.45 7.28
E 74 90 0.031978 0.006360 457.30 228.79
E 74 91 0.031991 0.006262 448.93 0.00
E 75 84 0.024326 0.002355 407.24 0.89
E 75 89 0.023154 0.002834 349.15 26.15
E 76 77 0.043172 0.006275 483.95 0.74
E 76 78 0.018144 0.002877 294.85 1.55
E 76 80 0.018047 0.000995 305.38 6.41
E 76 81 0.038395 0.004240 455.46 17.70
E 76 82 0.021636 0.003587 342.88 0.13
E 76 83 0.018653 0.001309 285.41 1.34
E 76 87 0.030365 0.004206 462.73 6.87
E 76 88 0.036811 0.004240 480.30 8.21
E 76 90 0.033590 0.004918 444.09 0.13
E 77 79 0.035366 0.004395 491.46 0.10
E 77 81 0.035817 0.005199 486.99 67.63
E 77 84 0.005537 0.000704 576.00 12.87
E 77 85 0.036136 0.005183 488.14 3.20
E 77 86 0.035415 0.004343 473.01 65.38
E 77 87 0.034938 0.003857 496.25 239.01
E 77 89 0.035356 0.004162 513.49 0.00
E 77 90 0.036488 0.006173 504.67 1.96
E 77 91 0.035064 0.006239 459.45 0.00
E 78 80 0.016010 0.002209 254.44 1.18
E 78 82 0.027314 0.002883 547.60 1.67
E 78 83 0.018754 0.002983 287.76 0.18
E 79 81 0.035223 0.005582 455.30 76.22
E 79 84 0.031390 0.003924 450.88 1.24
E 79 86 0.034232 0.001551 446.84 2.00
E 79 87 0.031917 0.004225 452.59 3.21
E 79 89 0.034210 0.002629 459.24 4.87
E 79 90 0.031371 0.006370 447.85 10.47
E 79 91 0.032474 0.005520 453.94 0.00
E 80 83 0.018563 0.001322 291.03 2.14
E 81 82 0.035004 0.005583 489.75 4.54
E 81 84 0.038100 0.003731 505.89 0.99
E 81 86 0.035172 0.005216 481.01 2.98
E 81 87 0.035231 0.005537 503.93 1.76
E 81 88 0.035255 0.005938 502.50 1.94
E 81 90 0.035170 0.006370 496.17 1.43
E 82 83 0.021605 0.003497 358.25 0.15
E 82 87 0.025598 0.004394 377.64 0.18
E 82 88 0.031678 0.006809 451.18 0.60
E 83 87 0.030366 0.002917 453.11 3.43
E 83 88 0.003089 0.000000 328.00 1.22
E 84 89 0.024869 0.003058 368.24 12.74
E 84 91 0.031558 0.006099 429.29 28.14
E 85 86 0.027089 0.004406 393.88 0.21
E 85 90 0.030433 0.006411 427.23 0.17
E 86 89 0.026963 0.004211 402.47 4.45
E 86 90 0.030023 0.006259 427.31 0.79
E 87 88 0.032423 0.006371 457.02 4.57
E 87 91 0.031490 0.005786 453.50 1.64
E 88 91 0.032202 0.006838 442.60 8.36
END

SECTION Terminals
Root 73
Terminals 29
T 5
T 88
T 53
T 58
T 27
T 34
T 26
T 3
T 33
T 23
T 62
T 9
T 61
T 20
T 24
T 6
T 81
T 19
T 31
T 12
T 1
T 71
T 48
T 6
T 82
T 66
T 2
T 76
T 77
END

EOF