SECTION Comment
CREATOR "Carlos Araujo"
REMARK "Instance for QoS Multicast Routing Problem"
QoS METRICS "delay, jitter, bandwidth and estimate of link duration"
END

SECTION Graph
Nodes 30
Edges 103

E 1 2 0.023144 0.004762 364.19 0.42
E 1 4 0.021170 0.004330 346.83 4.19
E 1 5 0.021887 0.002035 302.33 25.64
E 1 6 0.020295 0.004176 287.26 3.40
E 1 10 0.022261 0.004932 365.06 3.45
E 1 11 0.008258 0.000768 800.00 19.27
E 1 12 0.022260 0.004932 346.27 24.99
E 1 14 0.025050 0.007236 430.72 122.86
E 1 15 0.021855 0.004056 351.94 0.50
E 1 17 0.022447 0.005037 342.56 0.13
E 1 23 0.001051 0.000000 48.00 3.60
E 1 25 0.021460 0.004671 337.37 1.80
E 1 28 0.020218 0.002741 317.40 49.02
E 2 10 0.021225 0.003731 348.86 0.55
E 2 11 0.007410 0.001856 752.00 6.64
E 2 12 0.025674 0.005707 381.41 0.62
E 2 14 0.022755 0.005815 427.04 11.48
E 2 15 0.023146 0.006348 445.88 0.82
E 2 17 0.021659 0.004266 343.11 0.21
E 2 25 0.021096 0.001922 272.05 23.26
E 2 28 0.024854 0.005428 460.54 5.01
E 3 18 0.017905 0.004466 303.04 16.93
E 3 20 0.021416 0.005449 310.50 654.58
E 4 5 0.018508 0.002436 288.52 1.23
E 4 6 0.017843 0.000991 294.99 19.52
E 4 10 0.019434 0.001150 317.66 3.61
E 4 12 0.020768 0.002738 319.34 3.21
E 4 15 0.022378 0.006414 315.03 0.02
E 4 28 0.016324 0.001832 319.24 0.64
E 6 8 0.017344 0.002851 285.73 3.43
E 6 11 0.018493 0.003749 267.79 119.83
E 6 12 0.019876 0.002108 300.24 1.78
E 6 13 0.017285 0.002671 263.54 0.59
E 6 17 0.017629 0.001979 291.70 9.46
E 6 24 0.017878 0.003770 301.74 1.14
E 6 26 0.017877 0.003770 266.94 1.90
E 6 29 0.017878 0.003770 292.27 2.77
E 6 30 0.017877 0.003770 287.80 0.95
E 7 9 0.021006 0.005211 332.84 1.45
E 7 16 0.021235 0.005874 341.33 2.10
E 7 18 0.024684 0.008311 315.47 203.80
E 7 20 0.021579 0.006038 351.86 28.46
E 8 11 0.017696 0.004390 266.77 273.43
E 8 13 0.016023 0.002980 320.40 31.60
E 8 24 0.012757 0.000390 203.31 101.00
E 8 26 0.012756 0.000390 208.73 0.65
E 8 29 0.012758 0.000430 193.75 10.55
E 8 30 0.012896 0.000939 200.01 1.70
E 9 14 0.019371 0.004729 311.16 0.34
E 9 16 0.020310 0.004257 330.32 2.80
E 9 20 0.021110 0.004692 328.87 0.74
E 10 12 0.023258 0.005254 381.82 0.35
E 10 14 0.022357 0.003793 382.41 41.79
E 10 15 0.022581 0.004781 345.73 1.73
E 10 17 0.019524 0.002621 329.32 0.50
E 10 23 0.018972 0.005766 281.65 7.95
E 10 25 0.019631 0.000977 334.16 8.20
E 10 28 0.019928 0.001238 294.87 7.77
E 11 12 0.002961 0.000000 312.00 19.17
E 11 13 0.015590 0.003901 265.08 35.13
E 11 14 0.001905 0.000000 180.00 0.38
E 11 17 0.023411 0.005839 367.21 7.10
E 11 24 0.018646 0.005503 305.71 2.56
E 11 26 0.018224 0.004952 295.56 0.00
E 11 29 0.018646 0.005503 281.82 15.09
E 11 30 0.018224 0.004952 284.11 1108.34
E 12 14 0.026291 0.007123 437.99 32.93
E 12 15 0.022003 0.004489 331.13 1.72
E 12 17 0.021720 0.003188 314.16 0.36
E 12 25 0.022571 0.004477 349.66 36.41
E 12 28 0.021849 0.002937 343.62 35.27
E 13 15 0.001361 0.000000 112.00 3.88
E 13 22 0.016410 0.004291 268.87 33.03
E 13 23 0.017762 0.005409 292.66 1.63
E 13 24 0.016799 0.003392 272.19 20.50
E 13 26 0.015837 0.002516 261.20 7.00
E 13 29 0.018382 0.004297 353.82 2.67
E 13 30 0.015838 0.002516 303.05 3.39
E 14 15 0.021155 0.004035 345.41 16.08
E 14 16 0.018127 0.004424 291.87 272.32
E 14 17 0.021375 0.003350 504.05 16.33
E 14 20 0.020234 0.004149 324.32 217.37
E 14 23 0.020920 0.008565 347.14 294.21
E 14 25 0.022139 0.003534 362.41 4.26
E 14 28 0.022033 0.004028 307.95 15.15
E 15 17 0.022394 0.006513 353.22 1.55
E 15 22 0.009012 0.003360 836.00 0.47
E 15 23 0.021751 0.006327 318.25 9.88
E 15 25 0.022551 0.004373 348.64 6.57
E 15 28 0.022350 0.004535 344.79 4.25
E 16 18 0.018687 0.002587 323.64 22.77
E 16 20 0.021188 0.004807 339.12 40.13
E 17 28 0.021548 0.003392 379.91 7.18
E 19 27 0.016713 0.005279 262.06 1.76
E 21 27 0.003282 0.000064 236.00 2.23
E 22 23 0.019382 0.006655 270.31 0.45
E 24 26 0.012586 0.000219 204.83 0.48
E 24 29 0.012531 0.000402 187.05 0.19
E 24 30 0.012740 0.000748 198.72 0.87
E 25 28 0.017442 0.001263 286.37 0.06
E 26 29 0.012523 0.000439 189.13 0.19
E 26 30 0.012726 0.000760 205.28 1.00
E 29 30 0.012740 0.000748 195.27 0.08
END

SECTION Terminals
Root 9
Terminals 6
T 4
T 13
T 26
T 11
T 30
T 17
END

EOF