SECTION Comment
CREATOR "Carlos Araujo"
REMARK "Instance for QoS Multicast Routing Problem"
QoS METRICS "delay, jitter, bandwidth and estimate of link duration"
END

SECTION Graph
Nodes 100
Edges 1789

E 1 2 0.023396 0.005189 364.17 2.55
E 1 3 0.022089 0.003901 308.52 22.94
E 1 4 0.021408 0.004303 351.41 17.00
E 1 5 0.023432 0.005497 380.88 35.79
E 1 7 0.022204 0.004106 339.48 49.74
E 1 9 0.022650 0.004338 352.21 0.65
E 1 10 0.022969 0.005358 340.05 275.15
E 1 11 0.022453 0.004313 366.62 110.88
E 1 12 0.022969 0.005358 347.27 27.39
E 1 13 0.023454 0.005554 365.65 17.97
E 1 17 0.022935 0.005040 386.02 0.88
E 1 19 0.004818 0.000448 428.00 9.42
E 1 20 0.023690 0.004491 337.44 0.00
E 1 25 0.021666 0.004340 332.99 18.18
E 1 31 0.023187 0.006264 361.82 154.39
E 1 33 0.021861 0.002454 359.65 0.51
E 1 34 0.022225 0.005674 404.65 1.38
E 1 38 0.022203 0.003901 343.71 0.51
E 1 41 0.022089 0.003901 377.10 13.68
E 1 43 0.022889 0.005165 332.62 250.50
E 1 45 0.022706 0.004520 348.91 14.21
E 1 49 0.022642 0.004764 375.09 9.93
E 1 50 0.021991 0.004249 378.64 6.23
E 1 51 0.022055 0.002742 352.08 12.17
E 1 52 0.020266 0.003166 356.17 15.54
E 1 53 0.023778 0.004374 344.99 9.36
E 1 54 0.024090 0.005107 390.09 16.92
E 1 55 0.023209 0.008751 379.96 8.77
E 1 56 0.022751 0.005175 364.90 5.34
E 1 58 0.022720 0.004574 363.88 27.20
E 1 60 0.021453 0.002749 308.98 172.81
E 1 61 0.023383 0.005191 383.20 0.81
E 1 62 0.022872 0.004506 353.09 4.85
E 1 63 0.022220 0.003901 385.81 1.27
E 1 64 0.022432 0.004121 373.10 3.20
E 1 65 0.023354 0.007689 290.43 117.03
E 1 66 0.003554 0.000640 328.00 9.36
E 1 67 0.022482 0.004624 367.25 7.65
E 1 71 0.023936 0.006170 354.98 6.25
E 1 72 0.021990 0.002608 372.02 98.72
E 1 74 0.022084 0.003901 322.91 24.36
E 1 77 0.022892 0.004926 355.80 37.03
E 1 78 0.022280 0.004038 345.44 3.99
E 1 79 0.022984 0.005146 340.14 21.75
E 1 82 0.021861 0.003083 359.79 0.52
E 1 83 0.022701 0.004857 373.84 0.80
E 1 85 0.023147 0.005235 369.17 3.47
E 1 86 0.021626 0.004135 320.34 392.23
E 1 87 0.022086 0.003901 385.40 301.43
E 1 88 0.023609 0.004636 347.34 22.92
E 1 89 0.022766 0.005246 339.28 13.16
E 1 90 0.023675 0.004824 391.53 7.32
E 1 91 0.022806 0.004703 372.22 9.36
E 1 93 0.022484 0.004442 362.35 13.10
E 1 94 0.022190 0.004308 351.29 30.58
E 1 98 0.023844 0.006262 376.79 0.97
E 2 3 0.020630 0.002061 324.45 0.73
E 2 4 0.019510 0.002985 327.63 2.21
E 2 5 0.021755 0.004097 331.14 1.91
E 2 7 0.020671 0.002582 337.27 0.02
E 2 9 0.022144 0.004636 325.62 0.01
E 2 10 0.021940 0.004924 380.59 0.41
E 2 11 0.024869 0.006581 409.38 2.14
E 2 12 0.023529 0.005239 353.69 0.67
E 2 20 0.023454 0.005152 386.50 3.77
E 2 25 0.021096 0.003638 337.14 1.21
E 2 31 0.022667 0.006398 400.65 566.59
E 2 33 0.021580 0.002340 345.73 0.08
E 2 38 0.021416 0.003020 373.87 0.13
E 2 41 0.021680 0.003332 341.94 1.16
E 2 42 0.020066 0.004492 338.26 0.18
E 2 43 0.021450 0.004197 364.38 1.57
E 2 45 0.022042 0.005434 350.52 0.15
E 2 47 0.021207 0.002364 323.92 1.57
E 2 49 0.022473 0.005114 356.11 183.83
E 2 50 0.022129 0.004474 409.76 2.64
E 2 53 0.021589 0.004016 344.10 2.18
E 2 54 0.023998 0.005675 389.85 4.30
E 2 56 0.022314 0.005897 359.60 6.42
E 2 58 0.020342 0.003186 357.63 26.26
E 2 59 0.014442 0.002337 270.04 1.20
E 2 60 0.018290 0.002578 299.77 0.00
E 2 61 0.021702 0.004681 367.34 142.55
E 2 62 0.019031 0.003986 280.69 22.95
E 2 63 0.022199 0.004083 348.34 86.23
E 2 64 0.020925 0.003751 321.77 3.90
E 2 67 0.022554 0.004262 384.23 0.18
E 2 68 0.020011 0.002048 320.46 0.17
E 2 69 0.021640 0.003758 351.70 4.44
E 2 71 0.019399 0.005330 326.37 2.10
E 2 72 0.021480 0.003666 349.60 0.89
E 2 74 0.021974 0.004230 360.82 0.48
E 2 77 0.021745 0.004692 383.90 2.73
E 2 78 0.024683 0.008480 358.05 0.00
E 2 79 0.022037 0.005272 347.76 5.73
E 2 81 0.019985 0.001930 323.24 0.15
E 2 82 0.021800 0.002869 331.67 0.13
E 2 84 0.020011 0.002634 322.56 0.90
E 2 85 0.020651 0.004490 350.82 0.20
E 2 86 0.023388 0.007414 397.20 3.92
E 2 87 0.021385 0.002800 340.46 0.38
E 2 88 0.022904 0.004531 370.94 1.26
E 2 89 0.021302 0.003799 361.14 1.25
E 2 90 0.022622 0.004523 388.75 4.29
E 2 91 0.021305 0.003922 339.25 1.94
E 2 92 0.014691 0.002285 219.01 0.86
E 2 93 0.015613 0.002427 224.33 4.21
E 2 94 0.020875 0.004201 334.75 0.11
E 3 7 0.020867 0.002968 347.20 0.18
E 3 9 0.021115 0.003993 330.88 0.11
E 3 20 0.022091 0.004711 352.74 6.82
E 3 25 0.021596 0.003566 334.08 2.40
E 3 33 0.021153 0.001642 322.32 0.16
E 3 38 0.018812 0.004154 306.23 0.17
E 3 41 0.019116 0.003791 306.31 0.17
E 3 42 0.021138 0.003616 338.62 0.23
E 3 45 0.023024 0.005264 385.50 0.32
E 3 47 0.019825 0.004095 307.64 0.36
E 3 50 0.020778 0.003754 334.84 0.74
E 3 53 0.020876 0.003150 326.81 1.22
E 3 54 0.023114 0.004984 344.57 4.98
E 3 56 0.022166 0.005088 334.70 3.93
E 3 63 0.021679 0.003847 366.03 27.00
E 3 67 0.022182 0.003871 337.50 0.34
E 3 68 0.021187 0.003357 337.80 0.22
E 3 69 0.019789 0.004121 332.30 18.02
E 3 72 0.020950 0.003648 340.33 5.02
E 3 74 0.021304 0.003833 335.20 0.18
E 3 75 0.017070 0.003935 256.50 0.36
E 3 78 0.024683 0.008480 374.97 0.04
E 3 81 0.021144 0.002875 307.54 0.20
E 3 82 0.018812 0.003339 307.12 0.17
E 3 84 0.021187 0.003357 350.91 1.75
E 3 87 0.021410 0.003477 345.66 0.07
E 3 88 0.020334 0.004266 298.25 0.67
E 3 89 0.020901 0.003970 316.89 0.65
E 3 90 0.023583 0.004749 330.65 1.83
E 3 91 0.020527 0.003109 402.09 1.18
E 3 94 0.022002 0.005048 410.76 0.16
E 4 5 0.016706 0.001436 268.58 0.11
E 4 6 0.017546 0.001831 285.07 0.36
E 4 10 0.019244 0.001150 348.86 1.54
E 4 12 0.020839 0.002949 343.98 1.40
E 4 15 0.016468 0.003198 274.02 1.69
E 4 17 0.018464 0.002210 303.06 60.39
E 4 22 0.016246 0.003901 250.69 3.29
E 4 24 0.015914 0.001404 280.41 2.47
E 4 26 0.017321 0.002621 279.86 1.42
E 4 28 0.016508 0.001832 267.21 655.70
E 4 29 0.017096 0.001696 291.27 2.48
E 4 30 0.015743 0.001908 240.81 2.48
E 4 31 0.021073 0.005396 345.06 0.24
E 4 37 0.022150 0.002590 336.09 5.41
E 4 39 0.016005 0.002926 244.29 40.65
E 4 43 0.017860 0.000724 323.69 20.43
E 4 44 0.015931 0.003562 253.19 0.70
E 4 45 0.019341 0.003364 318.34 2.47
E 4 46 0.015102 0.004155 290.59 0.02
E 4 49 0.022568 0.005539 348.55 2.42
E 4 56 0.020165 0.003647 319.21 1.09
E 4 57 0.021020 0.004625 379.95 0.87
E 4 59 0.015989 0.001904 250.81 2.25
E 4 62 0.018046 0.003263 272.47 0.04
E 4 64 0.020787 0.003457 347.70 6.21
E 4 67 0.020365 0.002964 332.26 1.51
E 4 70 0.016131 0.003673 271.91 1.06
E 4 77 0.018690 0.001372 286.68 0.06
E 4 79 0.018706 0.001289 309.67 0.84
E 4 83 0.019616 0.003133 294.57 2.76
E 4 85 0.020499 0.003290 309.12 2.08
E 4 91 0.018610 0.001289 311.17 5.84
E 4 92 0.016111 0.002050 270.94 2.60
E 4 94 0.018683 0.004146 301.34 5.62
E 4 99 0.015681 0.002783 254.61 1.26
E 4 100 0.015907 0.002649 239.22 1.47
E 5 6 0.023216 0.004254 366.75 4.73
E 5 8 0.023559 0.004539 362.05 2.09
E 5 10 0.023992 0.004001 369.83 0.52
E 5 11 0.021580 0.002985 357.64 301.89
E 5 12 0.023175 0.004113 353.57 0.42
E 5 13 0.023042 0.003842 365.99 2.24
E 5 14 0.023334 0.004086 376.58 9.76
E 5 17 0.022470 0.002843 337.53 89.81
E 5 18 0.024692 0.003238 359.20 5.53
E 5 23 0.024143 0.005949 348.33 0.00
E 5 24 0.024260 0.003731 361.71 3.53
E 5 26 0.024994 0.005729 432.47 1.39
E 5 29 0.024259 0.003731 331.08 3.50
E 5 30 0.025070 0.005032 355.88 3.50
E 5 31 0.023775 0.005463 377.92 3.10
E 5 32 0.024939 0.003562 359.50 22.88
E 5 34 0.022998 0.003356 373.04 4.98
E 5 40 0.024188 0.005868 373.85 163.87
E 5 43 0.022774 0.003955 384.82 1.00
E 5 45 0.019280 0.002968 287.24 2.24
E 5 49 0.023323 0.005521 356.72 7.50
E 5 52 0.023113 0.003628 378.28 306.21
E 5 56 0.021167 0.004430 314.84 4.61
E 5 57 0.023946 0.004867 383.19 0.33
E 5 58 0.022951 0.002958 331.69 2.26
E 5 59 0.022168 0.004443 340.98 2.84
E 5 60 0.023240 0.004382 398.82 4.39
E 5 61 0.023226 0.004321 357.13 11.19
E 5 62 0.018274 0.002834 289.15 8.39
E 5 64 0.021466 0.003948 339.14 2.71
E 5 65 0.024447 0.004387 351.36 0.82
E 5 67 0.022845 0.004935 372.08 0.70
E 5 73 0.022054 0.002964 381.23 4.35
E 5 77 0.022383 0.003473 337.07 0.36
E 5 79 0.023135 0.004084 359.24 5.32
E 5 83 0.022359 0.004399 391.84 3.61
E 5 85 0.022132 0.003814 379.04 0.58
E 5 86 0.022072 0.003321 333.23 1.70
E 5 91 0.021990 0.002807 338.24 7.23
E 5 92 0.022059 0.003722 344.74 1.90
E 5 93 0.019124 0.002521 330.16 822.71
E 5 94 0.021887 0.001131 359.70 1.33
E 5 98 0.024900 0.004827 377.87 3.16
E 5 99 0.016345 0.000933 252.80 1.61
E 6 8 0.019605 0.002979 296.62 0.02
E 6 10 0.024192 0.003971 373.02 2.41
E 6 12 0.022529 0.003950 354.36 1.49
E 6 13 0.019976 0.002736 321.20 1.09
E 6 14 0.023619 0.004077 369.38 34.93
E 6 17 0.019485 0.002699 320.00 0.71
E 6 18 0.023526 0.002229 361.45 66.62
E 6 23 0.023091 0.005644 372.32 1.03
E 6 24 0.018932 0.003118 312.26 2.82
E 6 26 0.018844 0.002930 284.80 1.05
E 6 29 0.018980 0.003053 282.87 2.79
E 6 30 0.018969 0.002991 289.10 2.79
E 6 31 0.021563 0.005421 343.26 28.41
E 6 32 0.023515 0.002035 381.85 40.40
E 6 34 0.021630 0.004023 378.06 0.01
E 6 40 0.024244 0.005872 378.99 0.49
E 6 43 0.023794 0.004410 379.88 0.00
E 6 44 0.016960 0.002575 300.73 240.13
E 6 49 0.022690 0.005649 341.19 5.20
E 6 52 0.021849 0.003248 346.67 0.08
E 6 57 0.024129 0.005106 428.60 0.94
E 6 58 0.023515 0.002035 326.29 0.69
E 6 59 0.018967 0.002400 310.19 2.58
E 6 60 0.022355 0.003128 328.19 1.76
E 6 61 0.024255 0.003657 367.13 0.00
E 6 62 0.021016 0.002691 381.15 0.07
E 6 65 0.023513 0.004387 341.16 4.09
E 6 70 0.017508 0.003250 244.26 4.61
E 6 77 0.022234 0.003731 358.05 37.53
E 6 79 0.022250 0.003354 328.78 0.02
E 6 83 0.021058 0.003792 323.95 1.84
E 6 85 0.021712 0.003871 319.58 2.86
E 6 86 0.021848 0.002345 324.40 0.00
E 6 91 0.021573 0.002244 439.27 10.33
E 6 92 0.019013 0.002663 329.69 2.58
E 6 93 0.021237 0.003166 351.62 0.03
E 6 98 0.022979 0.005026 391.09 2.21
E 6 99 0.017730 0.002400 299.00 2.08
E 6 100 0.017112 0.002478 262.72 2.88
E 7 9 0.021187 0.004224 347.72 0.03
E 7 11 0.022934 0.006249 370.02 1.20
E 7 16 0.020818 0.004204 335.16 0.00
E 7 19 0.024568 0.005304 399.65 2.27
E 7 20 0.022300 0.004918 341.67 0.31
E 7 21 0.022853 0.004022 398.90 16.29
E 7 33 0.022943 0.004141 373.51 0.06
E 7 36 0.023021 0.004695 406.20 0.06
E 7 38 0.021686 0.004728 346.90 0.06
E 7 41 0.020933 0.002907 336.48 0.50
E 7 42 0.020660 0.003683 323.80 0.07
E 7 45 0.020812 0.002205 315.62 0.07
E 7 50 0.021125 0.003853 334.60 3.69
E 7 51 0.024464 0.004952 532.73 3.12
E 7 53 0.020730 0.003827 327.68 5.99
E 7 54 0.020893 0.005076 345.60 1.60
E 7 55 0.022674 0.006993 316.15 0.57
E 7 60 0.020867 0.004618 362.64 0.14
E 7 63 0.021244 0.003981 329.97 29.75
E 7 64 0.024842 0.004507 391.02 10.76
E 7 65 0.020885 0.003961 326.90 0.39
E 7 66 0.024568 0.005304 377.38 5.14
E 7 68 0.020581 0.004489 342.12 0.07
E 7 71 0.024841 0.004507 428.06 1.37
E 7 72 0.021104 0.003819 330.75 1.00
E 7 74 0.021258 0.004118 338.34 0.24
E 7 75 0.021887 0.004163 375.16 1.49
E 7 76 0.024226 0.005427 344.95 89.62
E 7 78 0.021618 0.004749 426.94 1.92
E 7 81 0.020753 0.004475 330.18 0.06
E 7 82 0.021476 0.003187 321.55 0.06
E 7 84 0.020514 0.004320 336.78 2.25
E 7 87 0.021172 0.004114 343.58 0.14
E 7 88 0.021306 0.003848 354.02 1.15
E 7 89 0.021351 0.004420 337.78 1.34
E 7 90 0.021313 0.004189 334.77 1.61
E 7 94 0.020134 0.004194 374.15 0.90
E 7 96 0.022810 0.004729 367.10 2.45
E 7 97 0.024568 0.005304 409.19 3.10
E 8 10 0.025084 0.004810 373.40 1.99
E 8 12 0.023168 0.003998 342.04 1.10
E 8 13 0.019143 0.002467 314.29 0.76
E 8 14 0.024761 0.004914 382.81 22.85
E 8 17 0.024309 0.005207 362.26 1.80
E 8 18 0.022791 0.002601 306.98 410.33
E 8 23 0.024375 0.005644 371.08 1.13
E 8 24 0.015079 0.001281 239.90 1.34
E 8 26 0.015241 0.001239 259.87 0.75
E 8 29 0.015151 0.001266 254.15 1.33
E 8 30 0.015172 0.001648 254.59 1.33
E 8 31 0.023224 0.005276 360.64 50.72
E 8 32 0.023413 0.000848 474.07 15.20
E 8 34 0.021630 0.004023 368.58 0.01
E 8 37 0.021028 0.003301 313.00 3.96
E 8 40 0.024244 0.005872 401.83 0.31
E 8 43 0.023918 0.004636 367.61 0.00
E 8 44 0.013215 0.001766 199.27 38.73
E 8 49 0.023551 0.006112 357.15 22.52
E 8 52 0.021401 0.003248 353.41 104.44
E 8 56 0.021886 0.004681 364.21 2.77
E 8 57 0.024345 0.005233 400.89 0.40
E 8 58 0.023413 0.000848 327.58 1.40
E 8 59 0.020172 0.002745 293.76 1.26
E 8 60 0.022023 0.003312 350.78 0.02
E 8 61 0.024256 0.003957 393.52 1.78
E 8 62 0.020502 0.002564 338.22 0.22
E 8 65 0.022563 0.004387 370.82 3.70
E 8 67 0.021344 0.001628 348.70 1.97
E 8 73 0.025240 0.004900 444.99 75.54
E 8 77 0.024015 0.005104 352.10 1.77
E 8 79 0.023140 0.003477 381.09 0.02
E 8 83 0.022598 0.004606 367.55 1.34
E 8 85 0.022732 0.003416 367.85 2.26
E 8 86 0.021578 0.002991 311.13 0.00
E 8 91 0.024175 0.008650 467.05 1.86
E 8 92 0.020173 0.004399 324.78 1.26
E 8 93 0.022257 0.004625 390.81 0.07
E 8 98 0.024728 0.005026 400.15 1.67
E 9 11 0.022543 0.005718 337.86 0.71
E 9 19 0.020590 0.002714 321.28 2.57
E 9 20 0.022043 0.004952 351.40 0.48
E 9 21 0.022186 0.003958 344.35 43.60
E 9 25 0.020934 0.003673 344.39 0.40
E 9 33 0.022128 0.004277 380.68 26.99
E 9 35 0.019965 0.004410 371.76 0.06
E 9 36 0.022124 0.005003 349.38 11.14
E 9 38 0.020697 0.004557 334.42 11.19
E 9 41 0.021149 0.003634 321.24 1.15
E 9 42 0.020351 0.003837 344.59 14.38
E 9 45 0.023978 0.004127 297.80 0.21
E 9 50 0.020650 0.004103 333.85 3.03
E 9 51 0.020529 0.004353 377.40 1.86
E 9 54 0.020862 0.004856 328.45 19.78
E 9 55 0.022281 0.005578 358.21 0.78
E 9 60 0.019381 0.003125 315.92 0.10
E 9 63 0.020542 0.003830 328.26 97.72
E 9 64 0.020605 0.001545 353.53 14.59
E 9 65 0.020424 0.003261 336.82 0.05
E 9 66 0.020590 0.003596 407.96 2.23
E 9 68 0.020251 0.004780 329.74 14.58
E 9 71 0.020480 0.002883 352.45 1.64
E 9 72 0.020668 0.003946 331.98 1.83
E 9 74 0.020615 0.003916 323.48 0.34
E 9 75 0.019437 0.003925 309.62 2.15
E 9 76 0.022463 0.005427 387.53 64.06
E 9 78 0.021291 0.004749 388.15 1.59
E 9 81 0.019817 0.002680 349.66 0.77
E 9 82 0.020681 0.003925 330.96 11.20
E 9 84 0.020189 0.004639 326.10 0.32
E 9 87 0.020997 0.003978 331.70 0.11
E 9 88 0.020590 0.004228 345.85 2.18
E 9 89 0.020783 0.004004 338.40 2.28
E 9 90 0.020719 0.003874 318.33 2.12
E 9 96 0.021960 0.004624 338.26 2.40
E 9 97 0.020590 0.003448 385.60 1.29
E 10 12 0.023290 0.005067 360.17 0.15
E 10 13 0.024217 0.003855 355.83 0.37
E 10 14 0.024105 0.004194 396.02 0.11
E 10 16 0.021209 0.000000 390.26 0.39
E 10 17 0.022278 0.002963 350.70 1.80
E 10 23 0.022621 0.006194 356.49 1.55
E 10 24 0.023656 0.004146 371.53 0.68
E 10 26 0.023840 0.004618 354.43 0.32
E 10 28 0.019967 0.001216 324.02 0.54
E 10 29 0.023377 0.004715 359.79 0.68
E 10 30 0.023376 0.004715 368.93 0.68
E 10 34 0.025729 0.004613 387.23 2.65
E 10 37 0.022505 0.003266 359.45 2.46
E 10 40 0.025732 0.004897 390.91 0.63
E 10 43 0.022333 0.003044 342.36 0.30
E 10 45 0.021272 0.004063 330.36 0.82
E 10 49 0.022695 0.005129 338.70 27.41
E 10 51 0.026932 0.005342 401.78 2.42
E 10 52 0.025678 0.004453 399.43 3.28
E 10 56 0.021939 0.004684 362.58 0.43
E 10 57 0.022867 0.004111 362.39 2.91
E 10 59 0.025729 0.005111 381.75 0.89
E 10 60 0.027211 0.004250 408.18 0.13
E 10 61 0.022259 0.003660 342.03 38.06
E 10 62 0.022536 0.002869 349.10 8.88
E 10 64 0.022544 0.004010 360.64 0.78
E 10 65 0.023334 0.003871 394.57 0.40
E 10 67 0.021999 0.004008 334.72 0.21
E 10 71 0.022300 0.003699 367.96 0.75
E 10 73 0.023768 0.003406 455.58 2.28
E 10 77 0.022204 0.002996 351.90 0.34
E 10 79 0.022289 0.003558 354.16 4.50
E 10 83 0.022522 0.003777 351.12 0.65
E 10 85 0.022328 0.003489 354.63 0.21
E 10 86 0.022492 0.002946 359.03 0.82
E 10 91 0.021957 0.002659 345.39 0.30
E 10 92 0.024164 0.006237 395.34 0.69
E 10 93 0.025449 0.003222 485.72 1.97
E 10 94 0.020762 0.003611 324.28 0.22
E 10 98 0.020286 0.001434 340.09 0.75
E 11 12 0.022621 0.003696 357.98 2.16
E 11 13 0.017450 0.002412 275.27 1.08
E 11 19 0.022280 0.004947 319.93 8.74
E 11 20 0.024338 0.004749 422.52 0.29
E 11 21 0.022882 0.005540 331.81 0.76
E 11 24 0.018707 0.006190 359.01 3.35
E 11 26 0.018231 0.005503 308.47 2.05
E 11 29 0.018707 0.006190 253.24 3.35
E 11 30 0.018231 0.005503 284.47 3.34
E 11 33 0.022834 0.005410 359.82 2.34
E 11 34 0.019340 0.004755 314.41 0.00
E 11 35 0.024487 0.004975 408.86 2.95
E 11 36 0.018306 0.004466 298.45 2.23
E 11 38 0.023433 0.006106 391.48 2.36
E 11 43 0.023526 0.003222 399.29 289.06
E 11 44 0.030706 0.000000 330.58 11.99
E 11 48 0.006930 0.001408 692.00 17.13
E 11 49 0.023440 0.005793 358.98 234.86
E 11 50 0.023328 0.005258 303.02 0.32
E 11 51 0.017855 0.002896 320.82 0.22
E 11 52 0.019010 0.002895 292.98 0.08
E 11 55 0.022364 0.006106 348.44 1.17
E 11 60 0.019681 0.000766 304.48 0.84
E 11 63 0.023481 0.005946 362.67 5.12
E 11 64 0.020605 0.001545 381.95 6.01
E 11 65 0.023141 0.004942 584.44 2.78
E 11 66 0.022280 0.004947 369.31 0.20
E 11 67 0.022632 0.003596 332.50 1.71
E 11 70 0.018707 0.006190 284.01 7.93
E 11 71 0.019163 0.004198 305.94 0.42
E 11 72 0.022996 0.004872 324.90 87.55
E 11 74 0.022518 0.004839 369.07 3.84
E 11 75 0.005026 0.001344 512.00 14.99
E 11 76 0.024726 0.005427 382.78 1.16
E 11 77 0.020191 0.001583 363.20 1204.59
E 11 78 0.018988 0.003597 310.99 19.93
E 11 79 0.022974 0.004968 388.07 0.37
E 11 80 0.024487 0.004975 383.64 0.76
E 11 82 0.023433 0.006106 392.86 2.36
E 11 83 0.020098 0.002874 322.62 1.61
E 11 85 0.020761 0.002405 324.75 2.36
E 11 86 0.019104 0.002472 312.10 391.71
E 11 87 0.022733 0.003128 423.60 0.99
E 11 88 0.023366 0.005201 387.62 0.00
E 11 89 0.023374 0.005531 389.32 4.16
E 11 90 0.023597 0.005701 380.66 18.06
E 11 96 0.022165 0.005470 357.89 0.06
E 11 97 0.022280 0.004947 369.37 0.06
E 11 100 0.015630 0.004096 261.37 1.69
E 12 13 0.023318 0.003991 369.18 0.41
E 12 14 0.023304 0.004550 385.02 0.18
E 12 17 0.022244 0.003893 353.60 2.15
E 12 23 0.023048 0.006168 350.39 1.86
E 12 24 0.024019 0.003731 394.84 0.52
E 12 26 0.024374 0.004719 383.27 0.15
E 12 28 0.021744 0.003288 321.59 0.54
E 12 29 0.023787 0.003693 344.53 0.52
E 12 30 0.023580 0.003499 362.78 0.52
E 12 31 0.022171 0.005800 346.53 32.36
E 12 34 0.023558 0.003945 356.51 1.70
E 12 37 0.022345 0.003777 330.63 2.38
E 12 40 0.023010 0.003906 357.96 0.49
E 12 43 0.022887 0.004492 373.02 0.46
E 12 45 0.022430 0.004347 334.94 1.19
E 12 49 0.022801 0.005128 376.96 13.27
E 12 51 0.022010 0.002405 350.93 2.06
E 12 52 0.023632 0.004052 382.35 3.40
E 12 56 0.022707 0.004912 351.15 0.52
E 12 57 0.022871 0.004499 369.27 0.64
E 12 59 0.023180 0.003803 361.75 0.46
E 12 60 0.022965 0.004049 402.69 0.09
E 12 61 0.022849 0.004596 348.86 75.52
E 12 62 0.022829 0.004523 342.11 6.27
E 12 64 0.022412 0.004178 359.23 0.57
E 12 65 0.026015 0.005682 398.11 0.22
E 12 67 0.023089 0.005206 364.44 0.14
E 12 71 0.020704 0.003731 310.55 0.76
E 12 73 0.024912 0.004288 366.80 7.99
E 12 77 0.022889 0.004626 378.70 0.35
E 12 79 0.022831 0.004550 362.52 2.77
E 12 83 0.022877 0.004299 370.24 0.49
E 12 85 0.022702 0.004182 361.38 0.22
E 12 86 0.022193 0.003139 345.20 0.96
E 12 91 0.022770 0.004995 364.24 0.27
E 12 92 0.024164 0.006237 373.23 0.50
E 12 93 0.003266 0.000480 292.00 1.83
E 12 94 0.022069 0.003844 355.94 0.14
E 12 98 0.022602 0.004347 355.84 0.56
E 13 14 0.022981 0.003477 332.62 0.96
E 13 17 0.019633 0.002544 309.46 4.23
E 13 18 0.023039 0.002431 432.00 3.65
E 13 22 0.016716 0.003851 289.36 0.01
E 13 23 0.019789 0.005723 315.03 1.45
E 13 24 0.020307 0.002453 308.03 0.05
E 13 26 0.019036 0.001599 307.77 0.24
E 13 28 0.019081 0.003234 332.92 1.10
E 13 29 0.021160 0.002808 341.03 0.05
E 13 30 0.019162 0.003053 332.06 0.05
E 13 31 0.023468 0.005917 390.52 23.35
E 13 32 0.023039 0.001492 386.47 1.21
E 13 34 0.019702 0.004274 312.09 0.80
E 13 40 0.019273 0.002807 321.17 1.49
E 13 43 0.024246 0.004423 390.59 3.60
E 13 44 0.005202 0.001216 476.00 1.90
E 13 49 0.023637 0.005456 332.95 118.35
E 13 51 0.017135 0.002707 261.93 7.09
E 13 52 0.019021 0.002357 299.34 2.40
E 13 57 0.024485 0.004655 378.97 0.14
E 13 58 0.022904 0.001131 393.43 20.85
E 13 59 0.022698 0.002849 346.17 0.09
E 13 60 0.020926 0.001696 366.42 19.41
E 13 61 0.024210 0.003295 354.76 43.27
E 13 62 0.022452 0.001093 371.04 6.73
E 13 65 0.022014 0.004387 320.40 0.08
E 13 67 0.023197 0.003822 356.26 0.08
E 13 71 0.018295 0.003118 288.64 2.49
E 13 73 0.021104 0.003680 380.65 100.36
E 13 77 0.023372 0.004353 355.16 2.57
E 13 79 0.023111 0.003951 353.06 1.98
E 13 83 0.022154 0.004441 348.78 0.02
E 13 85 0.022842 0.003695 352.96 1.11
E 13 86 0.018759 0.002310 306.08 5.75
E 13 92 0.023973 0.005945 369.24 0.08
E 13 93 0.024940 0.000509 331.65 2.32
E 13 97 0.014990 0.003053 248.68 1.35
E 13 98 0.023918 0.005767 329.21 0.03
E 14 15 0.021031 0.003961 316.69 0.98
E 14 16 0.018127 0.004498 337.33 4.53
E 14 17 0.022794 0.003363 345.58 0.30
E 14 18 0.024127 0.003957 352.25 0.19
E 14 23 0.023202 0.006235 353.56 0.23
E 14 24 0.024558 0.002985 365.49 1.43
E 14 26 0.025461 0.004488 424.51 1.25
E 14 28 0.021869 0.003623 379.26 0.15
E 14 29 0.023481 0.002985 389.48 1.42
E 14 30 0.023243 0.002899 339.28 1.42
E 14 31 0.024053 0.005282 344.66 2.41
E 14 32 0.024513 0.003986 343.53 0.07
E 14 34 0.024084 0.004532 395.37 26.11
E 14 37 0.022404 0.003629 361.57 75.18
E 14 40 0.024320 0.004547 360.51 0.76
E 14 43 0.022840 0.004121 357.11 0.17
E 14 49 0.022941 0.004779 363.13 8.46
E 14 50 0.017929 0.004672 273.31 52.56
E 14 52 0.024713 0.005346 386.59 0.95
E 14 57 0.023707 0.004083 367.01 0.96
E 14 58 0.022763 0.003455 369.34 15.32
E 14 59 0.023622 0.004689 421.39 1.52
E 14 60 0.020505 0.004602 316.62 2.20
E 14 61 0.024007 0.005028 400.48 1.13
E 14 62 0.022158 0.002966 335.17 5.33
E 14 64 0.023109 0.004528 369.55 3.74
E 14 65 0.020021 0.004498 296.15 0.52
E 14 67 0.022471 0.004394 355.45 0.02
E 14 71 0.021429 0.003443 330.77 0.03
E 14 72 0.017862 0.004672 316.93 0.64
E 14 73 0.019161 0.004194 317.90 15.23
E 14 77 0.022906 0.003592 354.42 25.78
E 14 78 0.018915 0.004167 313.40 6.57
E 14 79 0.023027 0.004406 368.13 15.26
E 14 83 0.022817 0.003747 355.54 0.72
E 14 85 0.023150 0.004292 370.28 2.12
E 14 86 0.021767 0.003316 413.80 0.39
E 14 90 0.018718 0.004121 281.59 630.03
E 14 91 0.022532 0.003392 320.01 0.06
E 14 92 0.024440 0.005527 403.91 1.38
E 14 93 0.021095 0.001260 429.66 512.46
E 14 98 0.022739 0.003366 345.50 0.99
E 15 16 0.019297 0.005088 334.46 0.06
E 15 22 0.016190 0.004378 259.83 0.00
E 15 24 0.016798 0.001526 278.42 2.41
E 15 26 0.019766 0.002460 354.23 0.75
E 15 28 0.017426 0.003199 272.97 147.59
E 15 29 0.018031 0.002405 275.85 2.44
E 15 30 0.016332 0.001993 274.70 2.43
E 15 31 0.020621 0.004853 332.95 0.30
E 15 37 0.020392 0.003930 314.74 6.85
E 15 39 0.016423 0.003724 256.46 0.22
E 15 44 0.014509 0.001272 227.42 0.02
E 15 46 0.015392 0.002096 230.10 0.70
E 15 49 0.020297 0.004028 355.04 46.24
E 15 60 0.021387 0.003410 347.99 8.87
E 15 61 0.022640 0.004900 366.54 0.02
E 15 70 0.016008 0.003626 263.11 0.39
E 15 71 0.018904 0.004034 303.57 0.06
E 15 83 0.019598 0.003901 365.53 1.23
E 15 86 0.019931 0.004384 337.66 0.00
E 15 99 0.014509 0.001272 250.15 1.63
E 15 100 0.014578 0.001203 248.39 1.80
E 16 19 0.019308 0.003212 302.02 0.75
E 16 21 0.017930 0.000848 350.83 11.53
E 16 22 0.019297 0.005088 318.74 0.00
E 16 23 0.017559 0.004736 1672.00 6.51
E 16 26 0.021136 0.003138 330.50 1.47
E 16 27 0.018249 0.001734 310.35 2.04
E 16 28 0.019055 0.004573 325.13 53.64
E 16 34 0.022268 0.005639 366.41 10.50
E 16 46 0.018985 0.004593 303.66 0.11
E 16 49 0.024854 0.004410 360.35 4.51
E 16 50 0.019371 0.002462 330.41 246.62
E 16 51 0.020095 0.004655 330.12 29.55
E 16 52 0.024600 0.005088 420.79 0.04
E 16 60 0.018946 0.003288 324.82 6.37
E 16 65 0.020675 0.004191 316.33 1.30
E 16 66 0.018763 0.002809 292.10 13.18
E 16 70 0.019297 0.005088 290.13 0.57
E 16 71 0.019029 0.004216 312.88 29.79
E 16 73 0.020085 0.002980 331.91 5.41
E 16 83 0.022870 0.005597 316.88 1.60
E 16 86 0.020653 0.004123 371.31 0.18
E 16 90 0.019974 0.003194 316.95 0.00
E 16 96 0.019329 0.002462 320.79 0.00
E 16 97 0.019268 0.003463 295.54 2.04
E 17 18 0.019837 0.003350 342.40 3.55
E 17 23 0.021715 0.006944 354.08 0.07
E 17 31 0.022028 0.005559 340.50 297.00
E 17 32 0.019277 0.003654 371.20 0.69
E 17 40 0.023904 0.004253 332.76 0.11
E 17 43 0.022276 0.003904 353.19 9.82
E 17 49 0.021151 0.003782 339.44 14.03
E 17 56 0.021415 0.004858 352.89 4.52
E 17 57 0.023185 0.004414 359.75 2.58
E 17 58 0.019883 0.002634 319.04 1.92
E 17 59 0.017331 0.001333 285.56 28.83
E 17 60 0.020823 0.002407 320.97 6.83
E 17 61 0.022816 0.004832 350.05 0.81
E 17 62 0.021178 0.002655 318.47 0.10
E 17 64 0.021875 0.003752 326.99 3.36
E 17 77 0.020615 0.002654 340.28 224.53
E 17 79 0.021952 0.003313 342.22 25.59
E 17 83 0.019479 0.003066 321.04 6.29
E 17 85 0.021919 0.003917 338.68 27.87
E 17 86 0.019427 0.003782 361.74 2.57
E 17 91 0.020456 0.003713 331.76 1.72
E 17 92 0.018218 0.002258 342.72 29.23
E 17 93 0.021209 0.007462 388.31 1.33
E 17 98 0.019775 0.002567 305.47 20.57
E 17 99 0.017288 0.001825 263.20 27.50
E 18 23 0.025324 0.006154 373.36 3.61
E 18 32 0.019699 0.002312 326.88 0.43
E 18 40 0.023204 0.002638 350.53 0.38
E 18 41 0.019570 0.002102 300.99 0.92
E 18 43 0.026125 0.004070 379.27 0.09
E 18 47 0.011519 0.000530 167.42 117.60
E 18 50 0.019443 0.002021 326.71 307.86
E 18 57 0.024746 0.005152 440.69 1.01
E 18 58 0.020396 0.002961 306.17 2.31
E 18 60 0.017079 0.004192 1612.00 0.65
E 18 61 0.024495 0.004096 408.78 5.32
E 18 64 0.027265 0.003844 417.73 1011.75
E 18 67 0.021055 0.002850 372.97 0.50
E 18 72 0.021002 0.003780 336.78 0.12
E 18 73 0.020735 0.003507 346.51 117.09
E 18 77 0.024313 0.005088 390.65 2.93
E 18 79 0.022603 0.002247 332.38 530.87
E 18 84 0.019320 0.003189 318.76 34.30
E 18 85 0.025022 0.004509 400.66 5.91
E 18 87 0.021408 0.004539 343.00 0.01
E 18 88 0.020041 0.004009 301.87 1.38
E 18 89 0.021059 0.004507 312.28 1.96
E 18 90 0.020727 0.004155 386.35 95.17
E 18 91 0.020773 0.003223 376.41 0.26
E 18 94 0.021143 0.004891 335.66 0.00
E 18 98 0.021870 0.003473 402.90 2.80
E 19 21 0.014618 0.002019 224.17 0.00
E 19 23 0.019878 0.006268 331.11 497.14
E 19 27 0.016296 0.002752 240.81 0.00
E 19 28 0.017622 0.004313 355.75 10.37
E 19 33 0.016818 0.003567 270.86 2.98
E 19 34 0.018042 0.005060 304.54 4.10
E 19 36 0.017455 0.001956 267.90 1.92
E 19 46 0.015744 0.003413 249.63 0.00
E 19 48 0.016639 0.005330 227.51 142.02
E 19 49 0.004434 0.000320 380.00 1.94
E 19 51 0.017613 0.002796 299.57 0.31
E 19 52 0.017137 0.002766 247.47 1.66
E 19 55 0.016539 0.002585 270.93 279.06
E 19 63 0.020718 0.002318 369.59 2.60
E 19 64 0.019174 0.001583 309.76 5.03
E 19 65 0.020723 0.003885 328.98 2.93
E 19 66 0.016008 0.002830 261.73 0.35
E 19 71 0.019100 0.004090 331.83 3.83
E 19 73 0.018721 0.000226 311.37 63.99
E 19 76 0.015405 0.003210 246.44 0.00
E 19 78 0.017264 0.002431 271.09 116.11
E 19 80 0.015210 0.003351 251.32 233.28
E 19 83 0.020123 0.001131 360.00 2.83
E 19 86 0.018663 0.002204 259.17 16.74
E 19 90 0.022603 0.004749 400.28 0.01
E 19 96 0.018612 0.003336 288.37 7.74
E 19 97 0.017188 0.003318 277.61 0.97
E 20 21 0.006578 0.000672 648.00 3.57
E 20 25 0.022751 0.004193 351.93 0.16
E 20 33 0.023881 0.004713 347.86 1.43
E 20 35 0.021017 0.005003 316.81 1.69
E 20 38 0.021973 0.005037 350.12 1.45
E 20 41 0.022028 0.004642 332.34 2.27
E 20 42 0.021680 0.004828 337.36 1.87
E 20 45 0.024199 0.004869 418.47 5.95
E 20 47 0.020870 0.000000 236.65 1.26
E 20 50 0.022119 0.004868 349.56 0.34
E 20 51 0.008547 0.002272 836.00 0.35
E 20 53 0.023686 0.005252 369.66 0.30
E 20 54 0.022298 0.005510 349.19 0.32
E 20 55 0.023222 0.005468 375.28 1.05
E 20 56 0.025956 0.004216 389.55 1.16
E 20 60 0.021534 0.003991 363.01 0.31
E 20 63 0.022014 0.004808 345.11 58.30
E 20 64 0.025954 0.004216 405.38 0.44
E 20 65 0.021567 0.005012 325.69 2.12
E 20 67 0.026718 0.003943 430.97 0.28
E 20 69 0.023103 0.004980 375.16 0.62
E 20 72 0.022119 0.004868 345.96 13.57
E 20 74 0.022016 0.004911 348.14 8.60
E 20 75 0.021195 0.004189 333.57 1.56
E 20 78 0.025310 0.004551 428.17 5.25
E 20 82 0.021963 0.004572 326.13 1.46
E 20 87 0.022035 0.004952 346.05 0.21
E 20 88 0.021992 0.004608 352.64 7.10
E 20 89 0.022061 0.004760 368.81 5.37
E 20 90 0.022012 0.004808 345.00 0.90
E 20 91 0.025956 0.004216 400.68 0.20
E 20 94 0.025311 0.004533 382.15 0.21
E 20 96 0.022013 0.003973 342.27 0.66
E 21 27 0.013767 0.002013 225.99 0.14
E 21 33 0.019159 0.001389 343.47 54.94
E 21 35 0.016881 0.003312 247.24 22.38
E 21 36 0.017621 0.004026 300.10 26.32
E 21 38 0.017719 0.003038 269.55 15.81
E 21 48 0.014565 0.001066 238.67 8.73
E 21 50 0.024358 0.003974 383.21 20.52
E 21 51 0.010228 0.002336 988.00 0.00
E 21 55 0.019403 0.003698 297.77 0.33
E 21 63 0.025211 0.006275 395.50 1.50
E 21 65 0.019794 0.003081 306.82 21.47
E 21 66 0.019172 0.004895 266.05 0.00
E 21 71 0.019172 0.002672 302.11 0.23
E 21 75 0.018258 0.003804 285.43 0.00
E 21 76 0.015599 0.002571 245.10 0.05
E 21 80 0.015237 0.002513 231.24 0.02
E 21 82 0.018970 0.002934 304.23 15.79
E 21 88 0.023206 0.004673 311.19 34.84
E 21 89 0.023074 0.002290 419.68 24.92
E 21 90 0.022551 0.003521 338.64 0.00
E 21 96 0.019009 0.003929 295.75 0.28
E 21 97 0.019172 0.002238 238.61 0.79
E 22 24 0.016539 0.003033 255.97 2.23
E 22 26 0.016572 0.004212 306.13 3.91
E 22 28 0.016498 0.003670 264.62 0.40
E 22 29 0.017057 0.003392 291.10 2.25
E 22 30 0.016119 0.004212 294.03 2.25
E 22 34 0.018154 0.004391 285.32 0.00
E 22 37 0.019964 0.003256 322.89 17.09
E 22 39 0.016526 0.004472 262.48 1.26
E 22 44 0.015216 0.002911 248.81 0.00
E 22 46 0.015356 0.003756 234.63 7.01
E 22 70 0.016053 0.004070 245.50 3.02
E 22 99 0.015696 0.001866 295.28 1.34
E 22 100 0.015724 0.002982 216.79 1.78
E 23 24 0.025618 0.009837 408.30 3.20
E 23 26 0.027030 0.009215 365.26 1.75
E 23 28 0.019239 0.003324 306.60 0.18
E 23 29 0.025811 0.008044 371.60 4.13
E 23 30 0.025810 0.008044 429.73 4.12
E 23 31 0.018050 0.006127 301.88 0.04
E 23 32 0.024336 0.005453 387.71 0.64
E 23 34 0.019550 0.005793 315.08 1.08
E 23 40 0.019812 0.005442 318.47 0.16
E 23 43 0.024829 0.004887 382.84 3.44
E 23 49 0.021512 0.006506 353.31 8.51
E 23 51 0.018878 0.005965 314.05 0.01
E 23 52 0.019859 0.006342 341.43 0.07
E 23 56 0.023583 0.003731 434.77 6.17
E 23 57 0.023469 0.005136 381.35 0.81
E 23 58 0.025746 0.006627 416.34 389.25
E 23 59 0.023676 0.006537 358.46 4.85
E 23 60 0.019063 0.004733 303.29 0.83
E 23 61 0.024450 0.006498 380.69 0.28
E 23 65 0.025787 0.009045 472.20 2.50
E 23 71 0.018641 0.004596 289.52 0.32
E 23 73 0.027312 0.009692 533.60 13.71
E 23 77 0.024844 0.005945 348.33 0.91
E 23 78 0.018648 0.005349 297.52 95.76
E 23 79 0.023130 0.005413 341.53 0.78
E 23 83 0.024241 0.005834 380.31 4.55
E 23 85 0.024673 0.005874 373.38 2.39
E 23 86 0.018931 0.005464 298.32 6.25
E 23 92 0.025685 0.007485 432.88 3.81
E 23 97 0.019100 0.005581 304.62 173.45
E 23 98 0.024834 0.005347 378.27 2.18
E 24 26 0.014166 0.000746 228.71 0.17
E 24 31 0.021411 0.002934 317.98 28.08
E 24 34 0.022459 0.003335 339.00 1.49
E 24 37 0.022634 0.002915 349.72 0.08
E 24 39 0.016697 0.003523 268.70 4.81
E 24 40 0.027042 0.007870 420.38 3.39
E 24 43 0.027382 0.006241 411.73 3.49
E 24 44 0.013035 0.001165 185.37 1.61
E 24 49 0.023765 0.004279 351.58 99.06
E 24 52 0.023830 0.004387 352.60 4.72
E 24 57 0.024558 0.002883 449.78 1.64
E 24 60 0.022105 0.002155 339.93 1.33
E 24 61 0.024939 0.002980 384.88 134.34
E 24 62 0.020841 0.002229 350.60 21.78
E 24 65 0.025422 0.004387 405.17 0.11
E 24 70 0.013077 0.001230 207.23 0.06
E 24 77 0.024148 0.003807 367.63 4.29
E 24 79 0.023366 0.003176 355.45 5.06
E 24 85 0.009268 0.000384 868.00 3.53
E 24 93 0.019965 0.000791 253.48 4.50
E 24 99 0.018247 0.002069 284.14 11.46
E 24 100 0.013481 0.001780 208.53 0.02
E 25 32 0.020451 0.003535 356.38 0.01
E 25 33 0.022564 0.004240 366.15 1.64
E 25 38 0.022509 0.005007 348.42 1.63
E 25 41 0.021570 0.003485 317.23 2.05
E 25 42 0.021148 0.003499 317.34 2.18
E 25 45 0.020809 0.004440 311.69 1.37
E 25 47 0.021282 0.002789 303.33 0.04
E 25 50 0.021712 0.004108 331.07 1.89
E 25 53 0.021045 0.003577 335.73 0.04
E 25 54 0.022408 0.004802 367.50 0.01
E 25 56 0.020177 0.003754 335.59 3.55
E 25 58 0.016551 0.000689 266.44 12.18
E 25 61 0.018958 0.001696 278.77 0.01
E 25 63 0.021676 0.004151 346.00 5.72
E 25 64 0.020869 0.001391 343.11 4.73
E 25 67 0.021583 0.003916 331.89 3.16
E 25 68 0.021031 0.003475 339.33 2.20
E 25 69 0.021640 0.003758 327.88 0.11
E 25 72 0.021578 0.004144 329.57 2.32
E 25 74 0.021507 0.003977 340.27 1.50
E 25 78 0.024684 0.008480 364.52 43.21
E 25 81 0.021025 0.003383 331.68 1.92
E 25 82 0.022105 0.004036 397.17 1.63
E 25 84 0.021031 0.003475 326.41 1.27
E 25 87 0.021565 0.003652 341.24 0.90
E 25 88 0.022464 0.004350 344.84 1.32
E 25 89 0.021922 0.004276 385.09 0.00
E 25 90 0.021209 0.004719 356.43 0.22
E 25 91 0.018391 0.001410 293.20 1.41
E 25 94 0.018988 0.003170 311.07 0.94
E 26 29 0.014104 0.000769 222.88 0.17
E 26 30 0.014643 0.001613 239.64 0.16
E 26 34 0.022584 0.002736 342.53 0.80
E 26 37 0.021781 0.002522 332.13 6.50
E 26 39 0.016013 0.002401 243.62 0.11
E 26 40 0.025695 0.005819 381.70 1.70
E 26 43 0.024826 0.004297 428.52 4.02
E 26 44 0.013057 0.001288 209.78 1.63
E 26 49 0.023860 0.005048 360.86 29.60
E 26 51 0.022904 0.000678 306.45 2.41
E 26 52 0.022954 0.003785 355.46 2.29
E 26 57 0.024678 0.004644 383.14 0.06
E 26 59 0.021484 0.003123 356.85 0.11
E 26 61 0.025018 0.002694 369.91 32.89
E 26 62 0.021262 0.001357 332.95 6.59
E 26 65 0.021712 0.004113 368.28 0.13
E 26 70 0.013037 0.001386 207.35 0.06
E 26 73 0.020798 0.001454 294.58 182.08
E 26 77 0.023672 0.004862 356.28 1.96
E 26 79 0.022790 0.001538 374.52 2.80
E 26 83 0.023409 0.005302 343.06 0.15
E 26 85 0.027313 0.000493 650.51 1.14
E 26 86 0.020832 0.002680 313.96 4.97
E 26 92 0.021390 0.004584 328.55 0.10
E 26 98 0.025194 0.006614 377.73 0.27
E 26 99 0.018712 0.002689 326.11 0.00
E 26 100 0.013510 0.001807 217.75 0.06
E 27 33 0.017305 0.003214 287.41 0.03
E 27 36 0.017848 0.003903 287.55 1.85
E 27 46 0.015306 0.002555 245.14 494.10
E 27 48 0.011559 0.000915 172.00 0.66
E 27 55 0.019447 0.004134 301.67 0.01
E 27 65 0.020936 0.004681 338.42 1.90
E 27 66 0.015486 0.002321 244.04 534.58
E 27 71 0.017974 0.002654 314.72 0.12
E 27 76 0.016402 0.004200 271.05 0.71
E 27 80 0.017137 0.004353 260.89 0.02
E 27 96 0.019700 0.004183 295.36 1.64
E 27 97 0.017356 0.003455 281.20 50.30
E 28 31 0.024429 0.004862 402.44 4.52
E 28 34 0.019198 0.003265 311.28 1.84
E 28 37 0.020206 0.003695 342.88 94.06
E 28 39 0.018334 0.006378 306.98 0.31
E 28 40 0.018323 0.002629 294.29 22.77
E 28 43 0.018705 0.001834 299.31 18.42
E 28 46 0.015747 0.003312 263.37 150.41
E 28 49 0.001969 0.000000 188.00 11.41
E 28 51 0.018201 0.003053 304.34 0.99
E 28 52 0.018151 0.002996 292.39 0.37
E 28 56 0.019918 0.003663 337.56 0.20
E 28 60 0.021732 0.003546 328.24 0.75
E 28 61 0.019199 0.002035 304.73 1.14
E 28 66 0.018155 0.003392 274.12 0.87
E 28 70 0.016356 0.004325 271.57 5.44
E 28 71 0.019387 0.004436 320.85 1.13
E 28 73 0.019508 0.001413 280.13 12.56
E 28 77 0.018730 0.001287 281.10 475.48
E 28 79 0.019388 0.001840 275.28 1.03
E 28 83 0.001777 0.000000 164.00 3.96
E 28 86 0.019657 0.004056 325.50 2.92
E 28 97 0.018042 0.003415 341.76 0.32
E 28 98 0.018463 0.001710 286.06 5.28
E 29 31 0.021393 0.002159 373.71 28.96
E 29 34 0.022459 0.003053 351.76 1.49
E 29 37 0.022467 0.002960 359.14 0.04
E 29 39 0.016398 0.002854 266.78 7.80
E 29 40 0.027042 0.007870 394.02 3.35
E 29 43 0.026409 0.005936 453.25 3.46
E 29 44 0.013012 0.001128 198.90 1.63
E 29 49 0.023764 0.004279 379.53 98.97
E 29 52 0.023035 0.003995 350.75 4.72
E 29 57 0.021276 0.001748 315.81 1.61
E 29 60 0.020549 0.001377 283.58 1.32
E 29 61 0.025198 0.002534 385.85 133.17
E 29 62 0.021177 0.002008 310.95 21.75
E 29 65 0.021659 0.004387 303.79 0.11
E 29 70 0.013100 0.001202 204.26 0.05
E 29 77 0.021677 0.002114 334.94 4.26
E 29 79 0.022274 0.001463 352.64 5.02
E 29 85 0.012885 0.000288 1204.00 3.48
E 29 93 0.019437 0.001244 331.51 4.47
E 29 98 0.022566 0.000377 343.88 0.00
E 29 99 0.019568 0.002506 318.04 13.41
E 29 100 0.013481 0.001780 217.63 0.03
E 30 31 0.022204 0.003922 347.34 28.42
E 30 34 0.022587 0.003295 414.04 1.48
E 30 37 0.022286 0.005349 366.68 0.04
E 30 39 0.015990 0.003085 280.54 7.86
E 30 40 0.026635 0.006309 404.12 3.35
E 30 43 0.025569 0.005234 416.81 3.46
E 30 44 0.013264 0.001288 209.95 1.63
E 30 49 0.024133 0.005279 321.89 98.72
E 30 52 0.023034 0.003995 407.89 4.71
E 30 57 0.021856 0.002405 378.94 1.61
E 30 60 0.022348 0.002590 451.42 1.36
E 30 61 0.024778 0.003232 404.99 133.31
E 30 62 0.022633 0.005597 342.92 21.82
E 30 64 0.023108 0.004206 383.03 21.99
E 30 65 0.022495 0.004387 364.81 0.10
E 30 70 0.013620 0.001405 220.17 0.05
E 30 77 0.021856 0.002405 335.33 4.26
E 30 79 0.022451 0.002827 364.97 5.03
E 30 85 0.008227 0.000768 796.00 3.49
E 30 93 0.023922 0.003392 307.54 4.48
E 30 98 0.012549 0.001280 1220.00 0.00
E 30 99 0.018420 0.003127 342.34 13.45
E 30 100 0.013488 0.001772 227.58 0.03
E 31 37 0.020212 0.004206 332.58 57.81
E 31 43 0.023852 0.004843 375.50 0.43
E 31 45 0.024020 0.005930 371.43 687.88
E 31 56 0.023549 0.005490 372.62 26.68
E 31 57 0.022530 0.005341 339.64 59.01
E 31 58 0.025414 0.005597 386.29 0.56
E 31 59 0.019324 0.004503 326.08 31.85
E 31 60 0.017277 0.001722 282.36 6.88
E 31 61 0.022743 0.005189 369.93 1.16
E 31 62 0.019280 0.003308 311.30 231.14
E 31 64 0.021897 0.005462 355.81 20.88
E 31 67 0.022222 0.005554 377.92 44.71
E 31 71 0.020708 0.005213 349.71 572.44
E 31 77 0.022336 0.005540 351.57 1.00
E 31 79 0.021963 0.005527 350.05 4.75
E 31 85 0.022297 0.005622 343.02 5.53
E 31 86 0.020917 0.004716 331.66 0.00
E 31 91 0.024197 0.005324 392.39 15.22
E 31 92 0.019456 0.004538 295.21 30.83
E 31 93 0.019121 0.003411 315.01 3.93
E 31 94 0.022274 0.004099 336.71 18.01
E 31 95 0.021852 0.003901 349.91 98.91
E 31 98 0.022294 0.003935 385.76 134.27
E 32 40 0.023261 0.002594 382.04 0.46
E 32 41 0.020353 0.002309 347.15 9.76
E 32 43 0.026125 0.004070 359.17 0.39
E 32 50 0.020039 0.002806 319.11 43.75
E 32 53 0.019966 0.002506 320.90 0.82
E 32 54 0.020826 0.004828 346.06 0.02
E 32 56 0.019534 0.002165 345.75 49.24
E 32 57 0.025028 0.004500 384.66 0.67
E 32 58 0.018319 0.002421 316.64 6.45
E 32 60 0.019789 0.004189 332.38 0.28
E 32 61 0.023767 0.002683 348.75 5.59
E 32 64 0.027264 0.003344 412.59 2.14
E 32 67 0.020433 0.003497 308.58 2.10
E 32 72 0.019940 0.002771 312.63 0.51
E 32 73 0.020129 0.003036 340.19 68.19
E 32 77 0.024153 0.004176 425.09 36.57
E 32 79 0.022733 0.001442 402.31 13.06
E 32 84 0.020008 0.003375 323.65 24.41
E 32 85 0.024768 0.004564 377.30 2.93
E 32 87 0.020871 0.004621 319.51 0.01
E 32 88 0.019998 0.003986 329.66 64.73
E 32 89 0.020245 0.004140 353.74 36.36
E 32 90 0.019755 0.003225 321.88 122.03
E 32 91 0.020082 0.003223 331.65 4.63
E 32 94 0.020115 0.004410 356.78 0.02
E 32 98 0.022370 0.003466 353.37 3.03
E 33 35 0.017208 0.003400 276.44 0.08
E 33 41 0.021965 0.002734 370.11 0.60
E 33 45 0.023920 0.005224 439.26 0.21
E 33 47 0.011749 0.000128 1120.00 2.86
E 33 48 0.015442 0.000339 281.01 0.94
E 33 50 0.022543 0.005239 359.44 3.01
E 33 51 0.001649 0.000000 148.00 1.89
E 33 53 0.023883 0.005050 424.72 2.01
E 33 54 0.025541 0.004372 426.66 2.07
E 33 55 0.017469 0.003011 269.75 0.92
E 33 56 0.020067 0.000848 314.83 1105.04
E 33 63 0.022952 0.003908 365.42 153.29
E 33 64 0.020697 0.001391 383.55 10.17
E 33 65 0.018245 0.003278 290.24 0.14
E 33 66 0.016883 0.003612 277.19 2.51
E 33 67 0.023581 0.003920 340.89 0.38
E 33 69 0.021208 0.002035 309.10 1.55
E 33 72 0.021102 0.001611 340.27 1.61
E 33 74 0.021541 0.002442 371.67 0.39
E 33 75 0.017692 0.004034 281.85 2.78
E 33 76 0.015965 0.002714 255.79 80.33
E 33 78 0.021187 0.004609 325.90 0.00
E 33 80 0.016293 0.003004 262.60 44.98
E 33 87 0.023441 0.003731 380.90 0.26
E 33 88 0.023266 0.005323 418.97 2.07
E 33 89 0.022694 0.004786 364.06 1.99
E 33 90 0.020879 0.003283 349.20 2.00
E 33 91 0.020191 0.003053 291.10 26.47
E 33 94 0.022111 0.005201 338.04 0.18
E 33 96 0.018935 0.003507 298.73 2.56
E 33 97 0.017322 0.003675 277.33 2.56
E 34 37 0.020283 0.004064 318.91 10.16
E 34 39 0.018777 0.004805 312.08 11.34
E 34 40 0.019116 0.004031 302.65 0.41
E 34 43 0.024719 0.005105 370.40 0.00
E 34 46 0.017646 0.001922 249.15 1.37
E 34 49 0.024159 0.005033 366.10 7.99
E 34 51 0.018327 0.004306 301.54 11.53
E 34 52 0.019183 0.004129 300.71 0.06
E 34 57 0.024702 0.004817 414.15 0.55
E 34 59 0.023225 0.003715 359.50 1.41
E 34 60 0.022225 0.005674 367.99 1.11
E 34 61 0.024981 0.003286 386.53 5.05
E 34 62 0.008756 0.000960 804.00 0.06
E 34 65 0.022200 0.004560 366.72 2.18
E 34 71 0.019381 0.004603 320.35 0.43
E 34 73 0.021761 0.003406 378.82 39.52
E 34 77 0.024052 0.005610 356.22 5.70
E 34 79 0.023377 0.003731 366.68 0.08
E 34 83 0.022369 0.003938 353.76 1.14
E 34 85 0.024079 0.003473 377.89 3.90
E 34 86 0.019558 0.004028 310.16 0.00
E 34 92 0.024165 0.006238 398.90 1.41
E 34 98 0.025194 0.006615 447.07 1.52
E 35 36 0.017625 0.004500 280.73 0.07
E 35 38 0.017730 0.005754 289.60 0.09
E 35 48 0.015942 0.003308 235.21 0.41
E 35 50 0.024176 0.004070 521.05 2.09
E 35 55 0.017049 0.003322 273.48 0.56
E 35 63 0.019529 0.003860 312.80 33.98
E 35 65 0.018318 0.003454 297.82 0.29
E 35 74 0.019586 0.004070 320.65 0.45
E 35 75 0.018095 0.003641 288.11 1.55
E 35 76 0.016477 0.002979 260.39 38.45
E 35 80 0.016453 0.002955 261.16 8.92
E 35 82 0.017132 0.003000 280.05 0.09
E 35 87 0.019995 0.004214 317.17 1.77
E 35 88 0.023447 0.004274 332.55 1.20
E 35 90 0.020436 0.003709 328.02 6.61
E 35 96 0.018861 0.003718 305.66 4.31
E 36 48 0.017590 0.003911 289.26 1.44
E 36 50 0.024176 0.004070 358.49 3.17
E 36 51 0.015949 0.002374 244.19 2.34
E 36 55 0.019339 0.003783 292.34 0.66
E 36 63 0.020297 0.002754 324.38 51.66
E 36 65 0.020546 0.003683 294.33 0.15
E 36 66 0.017998 0.004127 269.84 1.65
E 36 71 0.017670 0.002640 266.39 1.64
E 36 75 0.018883 0.004320 292.88 1.85
E 36 76 0.017574 0.003764 278.28 46.22
E 36 80 0.017501 0.004089 273.10 16.25
E 36 86 0.019309 0.001272 317.63 0.66
E 36 88 0.023300 0.003788 328.92 2.30
E 36 90 0.022232 0.004333 320.85 2.00
E 36 96 0.019549 0.003778 333.49 2.27
E 36 97 0.017681 0.004167 285.53 1.32
E 37 39 0.022423 0.002973 325.64 25.70
E 37 44 0.021800 0.002583 354.24 7.74
E 37 46 0.020360 0.002968 338.54 8.81
E 37 52 0.020306 0.003660 312.67 2.88
E 37 59 0.023091 0.003957 379.06 0.02
E 37 60 0.020875 0.002876 344.62 27.56
E 37 62 0.022387 0.002747 376.80 1.96
E 37 64 0.022767 0.005800 431.61 0.07
E 37 70 0.022408 0.003145 353.26 34.36
E 37 86 0.020013 0.003727 326.65 0.82
E 37 92 0.022772 0.005671 351.12 0.03
E 37 93 0.020870 0.001696 496.56 6.01
E 37 99 0.021628 0.002070 319.99 43.09
E 37 100 0.021918 0.001967 316.48 2.58
E 38 41 0.018564 0.004115 289.74 0.62
E 38 45 0.021760 0.004588 335.58 0.25
E 38 47 0.019038 0.003912 301.68 2.74
E 38 50 0.021148 0.003742 354.28 2.95
E 38 53 0.023001 0.005318 363.81 1.99
E 38 54 0.024443 0.005013 374.38 2.05
E 38 55 0.022601 0.006993 412.49 0.95
E 38 56 0.020937 0.001696 465.00 52.26
E 38 63 0.020495 0.004834 311.74 162.90
E 38 64 0.020935 0.001696 362.69 8.61
E 38 65 0.018325 0.000170 315.70 0.15
E 38 67 0.023174 0.003595 462.77 0.34
E 38 69 0.020601 0.003988 327.21 1.43
E 38 72 0.021590 0.004579 340.58 1.58
E 38 74 0.020663 0.004789 344.40 0.58
E 38 75 0.018301 0.004167 305.16 2.69
E 38 78 0.021574 0.004551 336.01 0.00
E 38 87 0.021176 0.004405 332.51 0.47
E 38 88 0.020508 0.004254 331.00 2.07
E 38 89 0.021110 0.004294 340.09 1.96
E 38 90 0.020913 0.004840 331.30 1.97
E 38 91 0.020937 0.002544 331.48 19.03
E 38 94 0.021453 0.004533 343.71 0.17
E 39 40 0.016225 0.002661 247.44 2.26
E 39 44 0.015838 0.002839 241.76 0.45
E 39 46 0.015113 0.003212 247.85 5.58
E 39 70 0.016025 0.003426 264.76 1.78
E 39 96 0.017203 0.003251 255.22 2.06
E 39 99 0.015738 0.002500 254.08 6.81
E 39 100 0.015838 0.002732 266.85 1.41
E 40 43 0.025148 0.005863 437.63 2.35
E 40 49 0.023936 0.006072 367.53 9.73
E 40 51 0.016122 0.002160 261.92 0.01
E 40 52 0.017219 0.002454 284.52 0.11
E 40 56 0.025555 0.007061 367.90 15.82
E 40 57 0.025161 0.005323 404.20 0.58
E 40 58 0.024906 0.004474 379.99 10.73
E 40 59 0.024379 0.005665 377.51 3.37
E 40 60 0.019834 0.002601 299.60 0.67
E 40 61 0.024530 0.005727 365.02 2.26
E 40 64 0.024959 0.006421 409.21 15.07
E 40 65 0.025843 0.008084 413.29 0.90
E 40 67 0.009699 0.003552 980.00 0.01
E 40 71 0.018379 0.003239 308.85 0.01
E 40 73 0.025514 0.005766 448.39 52.15
E 40 77 0.024978 0.005648 374.57 43.25
E 40 79 0.024559 0.005863 389.86 0.18
E 40 83 0.024294 0.005783 382.85 1.03
E 40 85 0.024672 0.005209 355.50 1.58
E 40 86 0.018680 0.002739 291.23 1.15
E 40 91 0.025549 0.007428 411.83 0.22
E 40 92 0.025815 0.006294 389.24 3.10
E 40 93 0.024656 0.007123 442.71 1.42
E 40 98 0.024962 0.004933 360.79 2.14
E 41 42 0.020274 0.003290 313.08 1.31
E 41 45 0.023024 0.005264 357.58 0.32
E 41 47 0.019589 0.002267 303.40 0.47
E 41 50 0.020908 0.002641 327.05 0.85
E 41 53 0.021060 0.003699 330.96 2.00
E 41 54 0.023127 0.005185 356.66 2.71
E 41 56 0.022378 0.005088 334.34 1.12
E 41 63 0.022199 0.004083 358.99 18.98
E 41 64 0.021773 0.001583 396.27 0.98
E 41 67 0.022182 0.003871 355.85 0.21
E 41 68 0.020475 0.002510 342.34 1.35
E 41 69 0.020359 0.003874 301.37 0.92
E 41 72 0.021528 0.004026 328.87 0.71
E 41 73 0.021488 0.004230 348.41 247.57
E 41 74 0.021396 0.003764 325.46 0.43
E 41 75 0.017711 0.003646 263.98 25.03
E 41 78 0.024683 0.008480 423.55 0.00
E 41 81 0.021325 0.003158 329.68 1.04
E 41 82 0.017200 0.002340 288.75 0.62
E 41 84 0.020399 0.002794 338.59 0.16
E 41 87 0.021260 0.003175 342.16 0.18
E 41 88 0.020577 0.004464 323.89 0.87
E 41 89 0.021144 0.004332 312.61 0.91
E 41 91 0.022377 0.003109 343.09 0.36
E 41 94 0.022002 0.005048 317.55 0.15
E 42 45 0.022924 0.005100 366.65 0.08
E 42 47 0.019326 0.003116 302.33 2.60
E 42 50 0.019506 0.002265 331.06 3.72
E 42 53 0.019078 0.002428 293.25 2.15
E 42 54 0.021434 0.004911 324.45 3.82
E 42 56 0.022167 0.005088 319.72 26.43
E 42 60 0.018172 0.003731 313.85 0.00
E 42 63 0.019750 0.003251 297.92 260.91
E 42 67 0.022183 0.003871 381.92 0.22
E 42 69 0.019078 0.004126 309.81 2.73
E 42 72 0.019929 0.003212 307.51 2.02
E 42 74 0.020592 0.003971 321.81 0.14
E 42 78 0.026296 0.005880 599.63 0.00
E 42 81 0.018974 0.002313 313.25 0.21
E 42 84 0.018951 0.003072 300.48 1.53
E 42 87 0.021105 0.004119 322.57 2.11
E 42 88 0.019871 0.004150 309.34 2.66
E 42 89 0.020357 0.004070 328.46 2.52
E 42 90 0.019624 0.003181 332.02 0.26
E 42 91 0.020043 0.002756 327.12 8.89
E 42 94 0.021384 0.004517 329.55 0.12
E 43 45 0.020170 0.005010 314.32 1.77
E 43 49 0.023479 0.005352 365.02 2.59
E 43 52 0.024719 0.005105 354.29 236.12
E 43 56 0.020779 0.004559 317.97 2.86
E 43 57 0.022871 0.004064 335.87 1.91
E 43 58 0.020064 0.002996 324.51 1.17
E 43 59 0.024622 0.005088 360.02 3.76
E 43 60 0.023337 0.005330 342.04 6.01
E 43 61 0.022023 0.004397 334.17 1.01
E 43 62 0.018860 0.002294 317.35 55.61
E 43 64 0.022768 0.004770 374.99 3.72
E 43 65 0.026499 0.005970 376.75 2.02
E 43 67 0.021791 0.003873 348.50 1.25
E 43 73 0.023030 0.003489 364.85 8.10
E 43 77 0.020856 0.003521 334.02 1.38
E 43 79 0.022032 0.003565 364.33 2.56
E 43 83 0.023313 0.004622 399.44 3.74
E 43 85 0.021514 0.003630 340.37 4.45
E 43 91 0.019873 0.003046 311.99 1.63
E 43 92 0.025569 0.005234 363.94 3.44
E 43 93 0.021207 0.001102 611.79 1.62
E 43 94 0.019075 0.003183 309.94 1.78
E 43 98 0.020060 0.003023 312.54 3.18
E 44 60 0.013407 0.000678 268.03 2.61
E 44 62 0.020191 0.001357 277.20 100.57
E 44 70 0.013335 0.001501 210.86 0.53
E 44 99 0.015973 0.002862 261.21 0.89
E 44 100 0.013696 0.002107 213.95 0.86
E 45 47 0.022421 0.005070 379.72 1.70
E 45 50 0.022377 0.004221 355.48 2.96
E 45 53 0.023023 0.005264 356.77 2.58
E 45 54 0.023684 0.005566 358.84 5.18
E 45 56 0.020713 0.004655 320.30 7.69
E 45 58 0.020103 0.004511 311.06 25.02
E 45 61 0.020314 0.004079 322.13 167.25
E 45 62 0.020042 0.003886 312.77 26.69
E 45 63 0.022301 0.004595 333.23 76.71
E 45 64 0.021451 0.004853 349.38 11.00
E 45 67 0.021629 0.004834 353.29 0.18
E 45 68 0.022925 0.005100 339.43 0.07
E 45 69 0.022876 0.005153 395.15 3.22
E 45 72 0.021924 0.003128 353.48 0.83
E 45 74 0.022208 0.003214 367.60 0.40
E 45 77 0.020295 0.004737 333.34 3.29
E 45 78 0.025713 0.008480 417.61 0.00
E 45 79 0.021204 0.004099 365.03 6.61
E 45 81 0.022924 0.005100 374.53 0.10
E 45 82 0.021998 0.004768 349.79 0.06
E 45 84 0.022925 0.005100 347.89 0.52
E 45 85 0.020624 0.003864 329.38 0.26
E 45 87 0.022222 0.005142 381.45 0.22
E 45 88 0.023534 0.003586 341.72 1.39
E 45 89 0.022146 0.005766 352.35 1.37
E 45 91 0.020933 0.005201 340.64 1.02
E 45 93 0.021774 0.003957 261.51 4.64
E 45 94 0.020444 0.003922 328.92 0.10
E 46 51 0.016435 0.002623 228.58 0.02
E 46 52 0.017105 0.002544 243.12 3.09
E 46 66 0.014835 0.003346 241.12 0.01
E 46 70 0.016060 0.003844 231.68 0.72
E 46 71 0.019379 0.004596 294.98 1.02
E 46 73 0.019510 0.001808 429.93 32.95
E 46 96 0.017787 0.003350 250.45 501.18
E 46 97 0.017383 0.003562 272.43 0.03
E 47 50 0.021207 0.002832 322.31 0.46
E 47 53 0.022332 0.004178 346.13 23.73
E 47 54 0.023679 0.005219 368.21 0.00
E 47 67 0.024454 0.003441 490.18 1.31
E 47 68 0.016986 0.001580 274.03 2.60
E 47 69 0.020356 0.003731 328.37 1.84
E 47 72 0.021519 0.003322 356.15 15.20
E 47 74 0.001905 0.000000 180.00 0.43
E 47 81 0.017106 0.001735 285.33 2.59
E 47 82 0.021790 0.004167 341.18 2.73
E 47 84 0.017401 0.002310 294.83 0.55
E 47 87 0.021125 0.002192 347.70 2.44
E 47 88 0.021842 0.004336 357.98 0.22
E 47 89 0.022711 0.004817 346.86 0.08
E 47 94 0.022436 0.005809 330.62 2.13
E 48 50 0.003313 0.000000 356.00 396.87
E 48 55 0.018581 0.002140 298.26 0.21
E 48 75 0.018875 0.003976 287.69 0.74
E 48 76 0.015911 0.003053 250.18 0.05
E 48 80 0.016029 0.003576 252.49 1.74
E 48 88 0.002033 0.000000 196.00 0.33
E 48 96 0.019505 0.003488 287.31 10.74
E 49 51 0.026858 0.004014 445.94 18.26
E 49 52 0.024003 0.004809 352.88 118.24
E 49 56 0.021703 0.004345 353.68 6.07
E 49 57 0.022673 0.005077 353.37 20.05
E 49 59 0.022607 0.005273 362.87 101.65
E 49 60 0.022714 0.005503 439.76 13.75
E 49 61 0.021909 0.004108 358.80 114.92
E 49 62 0.024439 0.006052 351.99 4.19
E 49 64 0.022705 0.005149 364.50 5.32
E 49 65 0.026121 0.004894 361.88 22.01
E 49 66 0.001713 0.000000 156.00 13.68
E 49 67 0.021699 0.004656 358.14 26.72
E 49 71 0.021531 0.002531 332.27 3.50
E 49 73 0.024849 0.003519 381.68 0.54
E 49 77 0.022073 0.004125 357.48 18.29
E 49 78 0.010693 0.001696 988.00 72.33
E 49 79 0.022190 0.004739 356.71 45.77
E 49 83 0.022993 0.005437 357.95 80.05
E 49 85 0.022509 0.005072 360.11 12.15
E 49 86 0.022902 0.003466 320.14 1.44
E 49 91 0.021418 0.004281 330.53 29.45
E 49 92 0.022709 0.005189 370.41 98.44
E 49 93 0.022498 0.005241 366.65 4.54
E 49 99 0.022512 0.005414 364.65 6.57
E 50 53 0.019998 0.002587 310.05 1.17
E 50 54 0.021246 0.004809 337.01 2.63
E 50 55 0.025889 0.009973 388.65 164.98
E 50 60 0.020203 0.002779 334.41 2.79
E 50 63 0.020498 0.003501 338.80 0.54
E 50 67 0.002385 0.000000 240.00 1.81
E 50 68 0.019463 0.002100 304.09 3.76
E 50 69 0.020255 0.004410 318.17 78.46
E 50 72 0.020434 0.003403 324.14 0.00
E 50 74 0.020649 0.004029 320.28 0.79
E 50 75 0.021974 0.004760 391.76 0.46
E 50 76 0.023356 0.004537 323.67 0.55
E 50 80 0.023355 0.007259 353.51 154.69
E 50 81 0.019414 0.002302 309.40 3.92
E 50 82 0.021009 0.003063 312.45 2.93
E 50 84 0.019462 0.003029 296.23 1.68
E 50 87 0.021114 0.004186 343.53 1.73
E 50 88 0.020830 0.004395 337.62 15.88
E 50 89 0.021249 0.004154 336.55 3.20
E 50 90 0.020668 0.003486 329.01 0.43
E 50 94 0.024601 0.006219 377.63 5.18
E 51 52 0.016613 0.002106 271.45 0.08
E 51 55 0.020287 0.003828 315.16 53.15
E 51 60 0.018212 0.002714 391.49 2.42
E 51 63 0.019988 0.003477 286.01 2.79
E 51 64 0.022660 0.004150 352.55 3.34
E 51 65 0.020621 0.003701 402.08 7.61
E 51 66 0.018254 0.003016 287.11 2.99
E 51 71 0.018627 0.003411 286.23 1.48
E 51 73 0.020580 0.002961 299.30 34.52
E 51 78 0.017467 0.002915 309.11 0.00
E 51 83 0.023557 0.006174 381.18 4.19
E 51 85 0.021971 0.000712 321.90 11.93
E 51 86 0.018905 0.003387 300.74 0.00
E 51 90 0.021489 0.002652 436.83 0.55
E 51 96 0.021545 0.003828 284.96 0.14
E 51 97 0.016793 0.002860 256.85 0.02
E 52 57 0.024994 0.005020 421.94 0.78
E 52 59 0.023226 0.003715 391.86 4.51
E 52 60 0.020450 0.003157 328.90 2.19
E 52 61 0.025210 0.004749 412.03 1.23
E 52 64 0.023243 0.003788 453.22 2.48
E 52 65 0.023092 0.004535 363.81 4.41
E 52 71 0.018524 0.003460 287.10 0.82
E 52 73 0.021968 0.003406 321.32 36.00
E 52 77 0.024346 0.006077 370.90 159.33
E 52 79 0.023489 0.003937 370.03 0.34
E 52 83 0.022584 0.004141 330.87 3.77
E 52 85 0.024381 0.003586 371.00 21.22
E 52 86 0.018708 0.002759 295.95 11.22
E 52 92 0.024165 0.006238 430.43 4.47
E 52 97 0.017624 0.004020 273.28 0.04
E 52 98 0.025618 0.008819 414.42 4.75
E 53 54 0.021338 0.004967 325.36 0.03
E 53 56 0.023961 0.005152 347.49 4.27
E 53 63 0.022935 0.005311 362.70 2.22
E 53 64 0.024328 0.004308 387.63 1.76
E 53 67 0.023558 0.004570 377.61 3.70
E 53 68 0.017980 0.002073 289.69 2.11
E 53 69 0.018923 0.004458 298.57 0.59
E 53 72 0.020088 0.003148 306.05 30.50
E 53 74 0.022206 0.004639 348.70 1.18
E 53 78 0.024748 0.008481 459.57 94.10
E 53 81 0.017936 0.002047 280.10 1.89
E 53 82 0.024510 0.005796 427.38 1.99
E 53 84 0.017980 0.002819 291.83 0.68
E 53 87 0.021145 0.003995 336.43 1.17
E 53 88 0.020247 0.004037 308.71 0.00
E 53 89 0.020883 0.004514 308.83 0.00
E 53 90 0.005458 0.000288 508.00 92.66
E 53 91 0.023718 0.004848 358.22 1.33
E 53 94 0.023389 0.004517 377.10 1.78
E 54 56 0.025684 0.004197 473.39 5.63
E 54 60 0.020225 0.004802 321.65 3.26
E 54 63 0.021340 0.004567 326.49 2.75
E 54 64 0.024262 0.004410 456.71 1.83
E 54 67 0.024709 0.004098 381.45 5.51
E 54 68 0.021413 0.004792 329.45 3.85
E 54 69 0.022789 0.005132 372.95 0.18
E 54 72 0.021345 0.004892 340.98 1.81
E 54 74 0.021322 0.004813 330.00 6.02
E 54 78 0.024769 0.008480 363.45 33.07
E 54 81 0.023071 0.004840 376.33 3.35
E 54 82 0.023848 0.004910 337.46 4.00
E 54 84 0.021412 0.004792 338.97 1.01
E 54 87 0.021299 0.004749 339.37 1.89
E 54 88 0.022736 0.004700 356.57 41.38
E 54 89 0.022938 0.005409 343.82 0.00
E 54 91 0.027651 0.003618 441.58 1.69
E 54 94 0.021303 0.004203 314.62 2.74
E 55 63 0.021344 0.004259 335.30 0.00
E 55 64 0.001809 0.000000 168.00 0.69
E 55 65 0.018243 0.003202 305.44 0.86
E 55 66 0.016642 0.002783 249.53 118.70
E 55 71 0.026003 0.010612 397.81 0.37
E 55 72 0.027201 0.007350 501.18 0.17
E 55 74 0.022420 0.005468 345.32 4.18
E 55 75 0.018009 0.003388 288.29 98.61
E 55 76 0.016949 0.002514 268.03 1.70
E 55 78 0.020625 0.002868 367.91 33.07
E 55 80 0.016539 0.002386 241.04 0.55
E 55 82 0.023210 0.008751 430.49 0.95
E 55 87 0.025007 0.011194 371.37 2.41
E 55 88 0.025889 0.009973 376.66 4.95
E 55 89 0.026296 0.009973 390.90 15.61
E 55 90 0.020689 0.003455 314.69 49.88
E 55 96 0.018962 0.003645 309.02 1.50
E 55 97 0.016770 0.002960 280.53 26.21
E 56 57 0.022573 0.004596 346.89 15.27
E 56 58 0.021170 0.004978 322.89 15.88
E 56 60 0.023581 0.004409 451.14 0.28
E 56 61 0.020896 0.004397 326.24 12.58
E 56 62 0.020865 0.004237 320.44 18.61
E 56 63 0.023651 0.002985 404.47 12.33
E 56 64 0.021699 0.004585 342.09 24.66
E 56 67 0.021645 0.005389 353.86 0.25
E 56 68 0.022167 0.005088 398.90 31.26
E 56 73 0.020771 0.004325 360.37 0.67
E 56 74 0.020021 0.001102 358.13 12.67
E 56 77 0.021064 0.005052 335.36 1.42
E 56 78 0.024681 0.008480 419.03 2.16
E 56 79 0.021855 0.004838 347.23 6.96
E 56 81 0.022167 0.005088 383.54 17.33
E 56 82 0.021702 0.002251 377.28 53.78
E 56 84 0.022167 0.005088 275.65 1.47
E 56 85 0.021523 0.004552 342.82 1.75
E 56 87 0.021954 0.001764 338.54 33.68
E 56 91 0.021246 0.004757 340.51 6.57
E 56 93 0.018382 0.001908 352.51 1.35
E 56 94 0.021191 0.005212 323.34 5.01
E 56 98 0.021450 0.005255 334.54 849.27
E 57 58 0.022630 0.004133 339.78 8.65
E 57 59 0.023149 0.003675 363.24 1.37
E 57 60 0.023985 0.004667 353.91 0.06
E 57 61 0.022635 0.004378 354.01 15.11
E 57 62 0.023039 0.003019 316.16 4.50
E 57 65 0.024075 0.004387 427.12 0.04
E 57 67 0.022672 0.004126 354.41 0.04
E 57 71 0.022847 0.004815 370.55 0.07
E 57 73 0.023446 0.003180 382.33 230.31
E 57 77 0.023114 0.004106 355.37 0.48
E 57 79 0.022964 0.004094 341.34 0.62
E 57 83 0.022495 0.004988 354.79 0.31
E 57 85 0.023004 0.004169 358.65 0.36
E 57 86 0.023335 0.004676 384.74 3.72
E 57 91 0.022412 0.004032 345.04 4.80
E 57 92 0.024440 0.005527 390.60 1.82
E 57 93 0.020642 0.000792 363.33 1.32
E 57 94 0.022417 0.004018 355.51 0.00
E 57 98 0.022837 0.004107 346.32 1.06
E 58 60 0.020029 0.003271 334.22 13.81
E 58 61 0.022006 0.004560 350.69 17.79
E 58 64 0.025414 0.001459 379.54 28.00
E 58 67 0.021498 0.004066 330.53 11.13
E 58 73 0.021615 0.005382 343.50 0.15
E 58 77 0.020454 0.002076 333.11 2.01
E 58 78 0.001745 0.000000 160.00 2.35
E 58 79 0.021713 0.003287 347.69 1.43
E 58 85 0.024441 0.004342 387.64 12.81
E 58 91 0.019484 0.002676 307.75 46.08
E 58 94 0.018431 0.002786 286.34 9.93
E 58 98 0.016621 0.001304 275.70 57.57
E 59 60 0.022891 0.003694 357.65 1.08
E 59 61 0.024549 0.004348 392.45 120.64
E 59 62 0.019120 0.002266 315.02 19.13
E 59 64 0.020973 0.003793 355.80 30.84
E 59 65 0.023883 0.004387 344.91 0.10
E 59 77 0.023677 0.003920 393.79 3.50
E 59 79 0.022946 0.003392 394.28 4.62
E 59 83 0.020782 0.003724 343.97 0.53
E 59 85 0.021661 0.002205 358.64 2.74
E 59 92 0.016701 0.002596 262.69 45.00
E 59 93 0.016211 0.002268 268.30 4.03
E 59 98 0.024304 0.003138 687.94 0.48
E 59 99 0.015424 0.002705 236.12 8.53
E 60 61 0.024523 0.003750 378.90 15.06
E 60 62 0.017474 0.002350 289.58 7.32
E 60 64 0.023098 0.006755 420.87 0.45
E 60 65 0.017767 0.002943 298.81 20.27
E 60 67 0.022182 0.003053 392.04 0.00
E 60 71 0.018456 0.002751 328.57 1.99
E 60 72 0.018943 0.003680 284.53 5.99
E 60 73 0.019075 0.003026 302.08 20.50
E 60 77 0.021439 0.002587 334.20 2.82
E 60 79 0.023056 0.004113 351.35 2.45
E 60 83 0.023431 0.003543 333.61 0.68
E 60 85 0.022354 0.003053 424.69 0.74
E 60 86 0.018550 0.002733 320.35 3.59
E 60 87 0.021150 0.005420 316.93 0.00
E 60 90 0.018957 0.003150 294.76 5.36
E 60 91 0.020737 0.003157 330.04 0.08
E 60 92 0.023327 0.005779 390.71 0.69
E 60 93 0.017291 0.001900 277.22 2.74
E 60 94 0.018971 0.001696 328.02 0.00
E 60 98 0.021745 0.002318 336.59 0.58
E 61 62 0.020845 0.003421 333.56 191.89
E 61 64 0.021465 0.004181 347.88 41.29
E 61 65 0.022904 0.004387 377.00 29.09
E 61 67 0.021724 0.004289 354.52 7.51
E 61 73 0.022112 0.003489 394.55 15.01
E 61 77 0.021905 0.004066 343.15 360.53
E 61 79 0.022141 0.003936 344.41 6.81
E 61 83 0.025132 0.005476 380.03 137.81
E 61 85 0.021512 0.003598 340.84 1.70
E 61 91 0.020981 0.004134 323.73 23.90
E 61 92 0.025132 0.005828 404.08 120.96
E 61 93 0.024250 0.003240 326.15 0.00
E 61 94 0.020543 0.003773 333.94 31.64
E 61 98 0.022003 0.004617 305.82 106.93
E 62 64 0.020696 0.003562 326.93 40.99
E 62 67 0.022096 0.004187 354.05 10.49
E 62 77 0.019569 0.002666 290.60 367.45
E 62 79 0.021301 0.002922 352.30 0.09
E 62 83 0.021453 0.002186 336.91 26.95
E 62 85 0.020853 0.003778 324.08 6.17
E 62 91 0.018778 0.002007 276.44 21.63
E 62 92 0.019915 0.004223 298.77 20.60
E 62 93 0.017806 0.002477 288.47 5.43
E 62 99 0.018500 0.003226 304.90 5.85
E 63 64 0.024361 0.004715 356.37 2.52
E 63 67 0.024013 0.006445 415.01 7.92
E 63 69 0.022633 0.004233 344.47 213.87
E 63 72 0.020538 0.003538 330.69 23.18
E 63 74 0.020648 0.003728 316.17 21.00
E 63 75 0.019690 0.003424 322.76 2.25
E 63 76 0.020147 0.003336 317.21 0.57
E 63 78 0.023128 0.004821 320.05 0.81
E 63 80 0.020608 0.006720 336.75 8.13
E 63 82 0.020542 0.003422 327.87 163.71
E 63 87 0.021145 0.004093 332.09 8.09
E 63 88 0.020570 0.003847 339.95 1.91
E 63 89 0.020528 0.003562 332.23 1.27
E 63 90 0.020709 0.003737 336.08 1.01
E 63 91 0.024073 0.003882 481.67 13.66
E 63 94 0.023920 0.006190 380.47 6.81
E 63 96 0.020422 0.003320 312.20 2.14
E 63 97 0.019456 0.001611 288.64 5.85
E 64 66 0.019174 0.002968 428.53 2.90
E 64 67 0.021975 0.003976 328.89 11.27
E 64 72 0.020869 0.000000 508.32 2.42
E 64 73 0.026028 0.003428 413.10 29.13
E 64 74 0.020934 0.002103 314.49 4.38
E 64 77 0.021348 0.004048 325.69 2.94
E 64 78 0.022356 0.004644 333.48 9.77
E 64 79 0.021740 0.003993 356.33 10.68
E 64 82 0.021700 0.002251 388.84 8.01
E 64 83 0.021144 0.004153 334.50 5.16
E 64 86 0.023107 0.005088 397.51 2.35
E 64 87 0.022732 0.002431 331.94 4.91
E 64 89 0.026296 0.001560 427.28 3.40
E 64 90 0.022394 0.003138 331.28 4.57
E 64 91 0.021824 0.003797 343.96 0.44
E 64 92 0.020827 0.003807 351.50 63.91
E 64 93 0.021077 0.004015 326.62 10.02
E 64 94 0.022437 0.005809 343.84 5.46
E 64 99 0.020777 0.003949 350.47 0.12
E 65 66 0.020569 0.003931 311.31 5.00
E 65 71 0.019851 0.003392 409.77 1.32
E 65 73 0.020182 0.003986 338.77 277.94
E 65 74 0.020859 0.004804 339.87 0.28
E 65 76 0.018004 0.003220 265.13 192.56
E 65 77 0.021660 0.004387 325.69 0.71
E 65 79 0.021886 0.004387 349.41 2.93
E 65 83 0.023037 0.005412 345.01 0.06
E 65 85 0.024870 0.003731 353.67 2.92
E 65 86 0.022611 0.005271 359.68 1.21
E 65 87 0.020621 0.004182 337.37 0.25
E 65 90 0.020018 0.003658 303.69 2.29
E 65 92 0.022597 0.004387 347.93 0.10
E 65 96 0.018390 0.003278 295.63 3.57
E 65 97 0.018383 0.003531 313.47 3.33
E 65 98 0.024600 0.007208 546.57 0.06
E 66 71 0.018694 0.003788 295.97 2.22
E 66 73 0.018721 0.001526 489.94 29.17
E 66 76 0.015153 0.003788 243.84 0.58
E 66 78 0.018585 0.003269 304.13 18.42
E 66 80 0.014683 0.003829 245.81 199.91
E 66 83 0.020123 0.000950 254.80 2.38
E 66 86 0.020188 0.002204 311.49 0.00
E 66 90 0.022603 0.004749 322.84 0.45
E 66 96 0.018658 0.003413 307.15 0.16
E 66 97 0.017338 0.003647 298.62 0.03
E 67 68 0.022183 0.003871 381.39 0.24
E 67 69 0.025277 0.006542 415.73 2.82
E 67 72 0.023300 0.002035 394.71 0.82
E 67 73 0.019824 0.002505 320.27 0.34
E 67 74 0.022718 0.003392 380.74 0.51
E 67 77 0.021721 0.004021 346.09 0.94
E 67 78 0.024682 0.008480 485.88 15.51
E 67 79 0.021836 0.003865 359.48 6.15
E 67 81 0.022183 0.003871 319.24 0.22
E 67 82 0.023581 0.003920 401.20 0.35
E 67 83 0.021101 0.003222 354.03 0.21
E 67 84 0.022183 0.003871 324.10 0.38
E 67 85 0.021663 0.004257 339.50 0.00
E 67 86 0.021249 0.004193 335.72 3.74
E 67 87 0.022959 0.003759 382.53 0.90
E 67 88 0.002865 0.000000 300.00 1.29
E 67 89 0.025956 0.006784 491.65 1.28
E 67 91 0.021641 0.004049 344.04 2.54
E 67 94 0.021651 0.004375 342.19 0.68
E 67 98 0.021405 0.003855 342.19 0.11
E 68 69 0.019017 0.004396 288.78 2.73
E 68 72 0.020016 0.003281 304.25 2.05
E 68 78 0.018494 0.000001 468.05 0.00
E 68 81 0.015896 0.001328 255.72 0.20
E 68 84 0.017056 0.003056 279.39 1.56
E 68 87 0.020824 0.001611 328.37 2.85
E 68 88 0.019588 0.004189 321.92 2.69
E 68 89 0.020551 0.003878 331.69 2.55
E 68 91 0.020044 0.002665 332.34 10.64
E 68 94 0.021384 0.004517 327.90 0.12
E 69 72 0.020330 0.004358 320.93 0.10
E 69 74 0.022061 0.004264 336.06 15.99
E 69 75 0.001393 0.000000 116.00 102.48
E 69 81 0.018776 0.004153 310.77 2.49
E 69 82 0.020452 0.003195 360.17 2.71
E 69 84 0.019066 0.004351 319.06 10.25
E 69 87 0.021369 0.002805 385.19 2.89
E 69 88 0.020532 0.004495 324.15 1.97
E 69 89 0.020980 0.004388 332.37 6.31
E 69 94 0.025277 0.006542 362.55 1.89
E 70 71 0.026636 0.004410 384.76 2.02
E 70 73 0.019512 0.003392 344.22 11.28
E 70 100 0.013497 0.001763 215.94 0.44
E 71 73 0.018721 0.000746 414.07 15.63
E 71 76 0.001521 0.000000 132.00 0.67
E 71 78 0.018657 0.003871 307.44 8.02
E 71 83 0.017831 0.002544 291.51 1.68
E 71 86 0.018924 0.003511 297.52 0.32
E 71 90 0.023387 0.004846 363.35 3.19
E 71 96 0.020300 0.004937 312.45 0.44
E 71 97 0.018573 0.003608 280.50 0.55
E 72 73 0.020058 0.003157 311.82 0.94
E 72 74 0.020607 0.003939 323.62 3.17
E 72 75 0.021693 0.005227 331.30 2.48
E 72 76 0.022905 0.006530 384.80 10.64
E 72 78 0.024685 0.008480 651.42 19.21
E 72 80 0.022904 0.002261 359.01 0.63
E 72 81 0.020042 0.003172 327.73 1.91
E 72 82 0.021590 0.003544 359.43 1.56
E 72 84 0.020016 0.003281 331.08 70.70
E 72 87 0.021113 0.004186 341.36 2.92
E 72 88 0.020617 0.004151 334.16 0.21
E 72 89 0.020964 0.004195 327.08 0.62
E 72 90 0.020619 0.003564 339.98 16.66
E 72 94 0.022438 0.005809 384.29 0.83
E 73 77 0.027030 0.010289 418.32 0.08
E 73 79 0.025278 0.003679 375.14 249.70
E 73 83 0.022839 0.004687 344.26 6.41
E 73 85 0.025253 0.004490 343.90 14.31
E 73 86 0.020835 0.004721 367.85 7.29
E 73 87 0.020957 0.004712 326.31 14.51
E 73 88 0.020053 0.004647 308.25 0.15
E 73 89 0.020147 0.003867 327.29 0.25
E 73 90 0.020111 0.003658 313.07 2.12
E 73 91 0.022790 0.004636 349.17 0.57
E 73 94 0.020868 0.008763 321.92 2.58
E 73 96 0.020094 0.003210 323.56 24.36
E 73 97 0.020360 0.005936 286.29 19.88
E 73 98 0.021660 0.004711 352.92 52.65
E 74 75 0.020100 0.004291 304.82 0.40
E 74 78 0.021493 0.006445 311.90 0.00
E 74 82 0.020606 0.003924 328.11 0.58
E 74 84 0.001521 0.000000 132.00 2.14
E 74 87 0.021133 0.004067 326.69 0.11
E 74 88 0.020656 0.004333 332.11 0.51
E 74 89 0.020853 0.004150 347.83 0.53
E 74 90 0.020724 0.003920 336.52 0.56
E 74 91 0.020141 0.002181 353.42 2.34
E 74 94 0.021453 0.004533 357.31 0.23
E 74 96 0.020481 0.004786 327.87 1.43
E 75 76 0.018220 0.003662 289.36 0.00
E 75 80 0.018091 0.003612 296.19 187.71
E 75 82 0.018199 0.003343 284.88 2.67
E 75 87 0.020519 0.004037 338.40 2.21
E 75 88 0.022367 0.005412 341.31 0.06
E 75 89 0.022716 0.005205 336.74 0.02
E 75 90 0.020231 0.003776 300.86 0.05
E 76 80 0.015474 0.002529 242.52 0.22
E 76 88 0.023299 0.004537 399.72 12.16
E 76 90 0.023034 0.004905 348.42 0.00
E 76 96 0.018914 0.003725 308.99 0.36
E 76 97 0.001489 0.000000 128.00 0.72
E 77 79 0.021936 0.003286 341.16 2.75
E 77 83 0.020118 0.002965 315.38 4.46
E 77 85 0.021722 0.003621 341.20 0.64
E 77 91 0.019947 0.002352 323.74 2.30
E 77 92 0.024242 0.005220 365.15 2.30
E 77 93 0.020529 0.001102 255.96 3.89
E 77 94 0.019471 0.003269 319.10 2.00
E 77 98 0.020568 0.002210 332.95 3.68
E 78 81 0.018494 0.000000 427.41 0.00
E 78 82 0.021772 0.004551 380.90 0.00
E 78 84 0.018494 0.000000 513.09 9.25
E 78 85 0.022113 0.002186 317.11 17.66
E 78 86 0.018932 0.003529 303.53 60.02
E 78 87 0.022732 0.004791 370.32 39.02
E 78 89 0.026296 0.008480 468.76 18.58
E 78 90 0.023988 0.007191 428.60 23.27
E 78 91 0.023240 0.007258 381.92 10.61
E 78 94 0.024682 0.008480 412.07 13.38
E 78 96 0.021283 0.005352 401.15 324.36
E 78 97 0.017655 0.003549 299.66 509.00
E 79 83 0.021499 0.003328 334.23 5.13
E 79 85 0.021690 0.003610 342.33 4.41
E 79 91 0.021862 0.003532 336.10 2.02
E 79 92 0.024046 0.004981 396.62 4.62
E 79 93 0.022056 0.001102 361.33 0.04
E 79 94 0.020477 0.003547 339.47 3.85
E 79 98 0.021676 0.003172 325.52 4.45
E 80 88 0.024308 0.007259 398.85 2.11
E 80 89 0.026297 0.006445 346.94 3.38
E 80 90 0.024770 0.003646 283.45 34.89
E 80 96 0.018765 0.003575 290.06 51.07
E 81 84 0.017046 0.003086 272.94 0.47
E 81 87 0.021100 0.002714 369.89 0.71
E 81 88 0.019003 0.001357 340.78 2.61
E 81 89 0.021756 0.003940 315.35 2.49
E 81 91 0.020043 0.002665 365.03 3.82
E 81 94 0.021384 0.004517 332.33 0.08
E 82 87 0.021074 0.003835 335.25 0.48
E 82 88 0.020640 0.004311 321.87 2.06
E 82 89 0.020996 0.004038 338.12 1.94
E 82 90 0.020660 0.003638 319.56 1.98
E 82 91 0.021702 0.002544 377.29 19.80
E 82 94 0.021681 0.004851 350.57 0.17
E 83 85 0.021054 0.003414 346.16 3.79
E 83 86 0.020812 0.003528 352.99 3.20
E 83 92 0.020782 0.003724 346.26 2.98
E 83 93 0.019730 0.003301 321.78 5.14
E 83 97 0.001553 0.000000 136.00 1.37
E 83 99 0.020029 0.003175 306.97 0.09
E 84 87 0.020824 0.003641 299.82 0.16
E 84 88 0.019774 0.004541 312.50 2.52
E 84 89 0.020551 0.003878 314.57 2.07
E 84 91 0.020044 0.002665 328.61 1.24
E 84 94 0.020640 0.003731 372.22 0.21
E 85 86 0.024506 0.004132 374.01 18.95
E 85 91 0.021540 0.003371 337.72 1.41
E 85 92 0.020438 0.003406 313.60 3.57
E 85 93 0.020636 0.003328 312.46 1.34
E 85 94 0.024651 0.007055 356.80 1.02
E 85 98 0.024754 0.004501 375.26 1.15
E 86 90 0.002065 0.000000 200.00 7.23
E 86 97 0.010515 0.004416 1024.00 0.00
E 87 88 0.021154 0.004210 337.87 2.63
E 87 89 0.021153 0.004396 336.01 2.96
E 87 90 0.021079 0.004575 330.34 2.09
E 87 91 0.022419 0.002956 336.16 8.45
E 87 94 0.022708 0.005450 338.76 0.59
E 88 89 0.020922 0.004060 325.87 0.53
E 88 90 0.022858 0.004342 345.71 0.23
E 88 94 0.028162 0.005809 337.88 1.11
E 89 90 0.020616 0.003562 337.67 0.09
E 89 94 0.022437 0.005809 298.57 1.07
E 90 96 0.020746 0.003579 337.83 11.47
E 90 97 0.022775 0.005003 313.46 1.40
E 91 94 0.019367 0.003540 303.50 1.10
E 91 98 0.019361 0.002558 320.81 6.39
E 92 93 0.016724 0.002496 275.35 4.04
E 92 98 0.022599 0.002849 371.65 2.40
E 92 99 0.015892 0.002748 260.76 0.15
E 93 98 0.019852 0.000791 603.57 4.43
E 93 99 0.015550 0.002853 241.70 2.64
E 94 98 0.018462 0.002857 308.83 0.02
E 96 97 0.018710 0.003240 303.09 0.04
E 99 100 0.015524 0.002726 249.26 0.25
END

SECTION Terminals
Root 64
Terminals 27
T 30
T 9
T 41
T 98
T 60
T 35
T 62
T 38
T 43
T 65
T 23
T 18
T 4
T 92
T 68
T 85
T 54
T 73
T 93
T 5
T 71
T 32
T 96
T 6
T 70
T 48
T 33
END

EOF