SECTION Comment
CREATOR "Carlos Araujo"
REMARK "Instance for QoS Multicast Routing Problem"
QoS METRICS "delay, jitter, bandwidth and estimate of link duration"
END

SECTION Graph
Nodes 100
Edges 1408

E 1 2 0.023852 0.005772 359.63 2.44
E 1 3 0.023357 0.007689 381.83 4.62
E 1 5 0.023432 0.005497 349.74 21.06
E 1 6 0.020732 0.004093 294.99 6.00
E 1 7 0.023354 0.007689 372.32 79.80
E 1 9 0.029346 0.007689 311.83 18.90
E 1 10 0.022969 0.005358 359.90 7.78
E 1 11 0.022903 0.004739 381.67 8.26
E 1 12 0.022969 0.005358 358.65 3.89
E 1 13 0.023454 0.005554 351.02 188.22
E 1 14 0.023623 0.005847 363.72 34.86
E 1 15 0.021197 0.004014 373.00 3.72
E 1 18 0.021305 0.003489 353.47 0.59
E 1 20 0.023354 0.007689 370.14 23.03
E 1 25 0.021574 0.004850 341.30 9.63
E 1 32 0.021305 0.003489 344.36 0.01
E 1 33 0.002449 0.000000 248.00 0.61
E 1 34 0.022225 0.005674 352.60 33.70
E 1 37 0.022009 0.004525 366.32 8.56
E 1 38 0.023356 0.007689 409.65 4.20
E 1 41 0.023357 0.007689 441.56 2.26
E 1 43 0.022889 0.005165 388.53 35.46
E 1 45 0.022854 0.004745 355.28 0.34
E 1 49 0.022642 0.004764 377.05 3.23
E 1 50 0.003362 0.000000 304.00 6.14
E 1 51 0.021732 0.002205 282.65 28.09
E 1 52 0.020266 0.003166 322.64 33.58
E 1 53 0.036811 0.007689 558.83 27.73
E 1 54 0.023356 0.007689 372.07 26.34
E 1 56 0.023003 0.005020 366.10 0.13
E 1 57 0.022747 0.005227 348.71 32.64
E 1 58 0.022720 0.004574 358.64 34.16
E 1 61 0.023383 0.005191 360.97 0.32
E 1 62 0.022872 0.004506 349.55 0.01
E 1 63 0.023354 0.007689 388.68 178.71
E 1 65 0.023354 0.007689 282.72 0.18
E 1 67 0.022752 0.005044 372.09 61.05
E 1 71 0.023936 0.006170 399.74 0.28
E 1 73 0.024596 0.002578 344.73 0.27
E 1 74 0.024355 0.007689 465.32 23.01
E 1 77 0.022892 0.004926 352.96 4.54
E 1 78 0.022762 0.004468 363.95 1.24
E 1 79 0.022984 0.005146 394.40 35.86
E 1 83 0.022701 0.004857 372.57 2.72
E 1 85 0.023147 0.005235 365.54 112.31
E 1 86 0.021626 0.004135 343.63 30.36
E 1 87 0.023356 0.007689 431.42 1.85
E 1 89 0.001777 0.000000 164.00 1.19
E 1 90 0.023355 0.007689 327.51 2.41
E 1 93 0.022484 0.004442 358.78 45.02
E 1 94 0.022376 0.004680 373.98 1.32
E 2 3 0.021180 0.003634 318.42 0.32
E 2 7 0.020754 0.002544 332.30 8.60
E 2 9 0.021906 0.004240 313.95 0.92
E 2 10 0.021940 0.004924 327.93 12.62
E 2 12 0.023529 0.005239 379.92 2.82
E 2 13 0.008340 0.000960 752.00 0.75
E 2 14 0.022397 0.005716 367.17 4.34
E 2 15 0.023582 0.007123 292.13 1.19
E 2 18 0.019700 0.001564 295.71 25.35
E 2 20 0.022752 0.005276 346.06 3.59
E 2 25 0.020213 0.003315 345.04 199.92
E 2 32 0.020348 0.002455 308.93 202.84
E 2 38 0.020567 0.002299 322.39 6.80
E 2 41 0.021598 0.004127 324.18 1.28
E 2 42 0.022068 0.006630 325.59 0.81
E 2 43 0.021450 0.004197 340.75 4.37
E 2 45 0.021162 0.005351 353.10 19.64
E 2 47 0.020415 0.002063 300.26 0.73
E 2 50 0.021321 0.002902 312.89 3.09
E 2 53 0.020107 0.003066 290.36 0.74
E 2 54 0.024120 0.006004 339.72 3.28
E 2 56 0.022957 0.006596 393.30 1.30
E 2 57 0.021924 0.004625 353.60 4.40
E 2 58 0.020342 0.003186 318.79 7.06
E 2 59 0.014442 0.002337 215.04 0.39
E 2 61 0.021702 0.004681 358.77 0.06
E 2 63 0.021843 0.003137 314.23 2.82
E 2 64 0.020977 0.004070 351.29 1.80
E 2 67 0.022746 0.005030 383.35 31.78
E 2 68 0.018940 0.001794 289.71 3.46
E 2 69 0.020302 0.002459 330.30 3.58
E 2 71 0.019399 0.005330 317.52 2.40
E 2 72 0.021765 0.005108 311.60 1.07
E 2 73 0.020359 0.002945 308.43 2.11
E 2 74 0.022717 0.005242 385.23 3.59
E 2 79 0.022037 0.005272 354.28 4.40
E 2 81 0.018687 0.001292 281.39 1.45
E 2 82 0.022395 0.004494 483.61 2.30
E 2 84 0.018940 0.002912 290.83 3.47
E 2 85 0.020651 0.004490 334.59 77.94
E 2 86 0.023388 0.007414 435.35 4.23
E 2 87 0.020702 0.002727 355.30 3.26
E 2 88 0.021433 0.003052 286.34 4.52
E 2 89 0.020251 0.002652 363.53 1.70
E 2 90 0.022622 0.004523 316.81 2.14
E 2 91 0.021278 0.004233 413.75 1.10
E 2 93 0.015613 0.002427 257.06 4.98
E 2 94 0.020746 0.003752 320.41 2.14
E 3 7 0.021065 0.003434 328.51 2.67
E 3 9 0.020886 0.003749 368.82 2.76
E 3 16 0.022201 0.003707 309.70 0.72
E 3 20 0.021618 0.004653 335.10 39.06
E 3 25 0.021067 0.003392 367.85 44.83
E 3 35 0.015315 0.003361 251.86 46.88
E 3 38 0.018496 0.003978 282.80 1.52
E 3 41 0.018504 0.004111 287.49 5.09
E 3 42 0.021062 0.004213 351.85 0.70
E 3 45 0.021601 0.003449 293.82 19.04
E 3 47 0.019373 0.004515 310.84 0.17
E 3 50 0.020424 0.003932 326.27 1.73
E 3 53 0.021016 0.003627 328.39 1.22
E 3 54 0.022762 0.004865 358.50 33.42
E 3 63 0.021100 0.003299 338.72 5.01
E 3 68 0.021138 0.003828 317.32 36.11
E 3 69 0.019332 0.004491 299.08 37.23
E 3 72 0.020858 0.003992 329.47 1.11
E 3 74 0.021467 0.004177 326.19 38.94
E 3 75 0.017070 0.003935 335.20 47.07
E 3 81 0.020971 0.003180 301.16 3.89
E 3 82 0.018496 0.003978 303.45 0.96
E 3 84 0.021138 0.003828 345.58 36.12
E 3 87 0.021077 0.003816 337.43 9.22
E 3 88 0.020018 0.004378 307.92 4.66
E 3 89 0.020488 0.004126 328.94 9.14
E 3 90 0.023583 0.004749 313.50 5.33
E 4 6 0.017546 0.001831 279.92 4.89
E 4 12 0.020839 0.002949 322.58 1.46
E 4 15 0.022526 0.006558 361.29 16.60
E 4 24 0.015914 0.001417 253.41 0.92
E 4 26 0.017321 0.002621 273.86 15.93
E 4 28 0.016508 0.001832 357.68 22.22
E 4 29 0.016584 0.001781 260.34 4.29
E 4 30 0.015743 0.001908 256.76 0.18
E 4 31 0.021073 0.005396 356.05 172.00
E 4 39 0.017475 0.003537 314.48 1.46
E 4 44 0.017264 0.002875 268.04 8.03
E 4 61 0.018709 0.001747 339.51 0.00
E 4 62 0.018046 0.003263 291.13 0.72
E 4 70 0.017371 0.003256 291.52 1.90
E 4 77 0.018690 0.001372 300.21 14.73
E 4 92 0.016111 0.002050 252.88 8.12
E 4 99 0.015861 0.002937 255.46 8.06
E 4 100 0.017265 0.003279 294.86 7.05
E 5 6 0.022515 0.003932 353.85 14.80
E 5 8 0.022910 0.004410 333.39 6.37
E 5 10 0.024095 0.003866 366.68 1.32
E 5 11 0.021580 0.002985 336.86 0.20
E 5 12 0.022656 0.004041 357.36 2.12
E 5 13 0.022141 0.003374 362.47 0.35
E 5 14 0.022753 0.003565 353.28 3.12
E 5 17 0.021986 0.002693 336.03 89.81
E 5 23 0.023519 0.004225 425.43 37.27
E 5 26 0.027144 0.008904 445.17 14.93
E 5 30 0.032741 0.007915 388.24 16.91
E 5 31 0.023775 0.005463 355.25 0.74
E 5 34 0.022474 0.004240 363.60 3.50
E 5 37 0.022580 0.003986 344.21 1.70
E 5 40 0.023937 0.005173 376.95 10.24
E 5 43 0.022209 0.004071 346.46 3.13
E 5 49 0.023282 0.005997 355.00 0.51
E 5 52 0.022583 0.003013 344.55 3.50
E 5 56 0.021452 0.004644 335.68 16.30
E 5 57 0.023659 0.004584 374.21 3.11
E 5 58 0.023110 0.003464 356.08 3.70
E 5 59 0.020685 0.004518 370.64 0.74
E 5 60 0.023240 0.004382 352.94 4.98
E 5 61 0.022433 0.004440 351.75 3.52
E 5 62 0.018831 0.003508 283.48 8.97
E 5 64 0.021425 0.004213 328.46 28.01
E 5 67 0.022845 0.004935 340.23 15.64
E 5 73 0.002001 0.000000 192.00 59.43
E 5 77 0.021731 0.002839 340.99 14.96
E 5 78 0.021802 0.002544 272.99 3.54
E 5 79 0.023349 0.004958 378.15 3.14
E 5 83 0.022004 0.003621 364.90 7.96
E 5 85 0.021671 0.003550 330.47 5.57
E 5 86 0.021983 0.002810 381.68 3.61
E 5 91 0.021987 0.002693 339.30 0.98
E 5 92 0.020141 0.003376 318.67 1.21
E 5 93 0.018357 0.002590 292.89 3.83
E 5 94 0.021887 0.001131 370.82 2.09
E 5 98 0.025618 0.004410 340.26 11.29
E 5 99 0.016345 0.000933 287.46 4.59
E 6 8 0.018765 0.002920 309.41 0.07
E 6 10 0.024307 0.003699 372.71 3.23
E 6 11 0.019146 0.003698 325.79 4.80
E 6 12 0.021722 0.003808 331.90 34.75
E 6 13 0.019115 0.002644 303.74 0.64
E 6 14 0.022913 0.003583 363.16 1.81
E 6 17 0.018054 0.002229 294.91 11.78
E 6 23 0.021884 0.003290 322.00 2.04
E 6 24 0.017367 0.002975 285.39 1.23
E 6 26 0.017500 0.002952 269.50 3.94
E 6 29 0.017474 0.003034 278.25 1.61
E 6 30 0.017501 0.002952 296.55 2.47
E 6 31 0.021563 0.005421 327.33 7.45
E 6 34 0.021261 0.004383 339.39 2.83
E 6 37 0.019767 0.002912 297.26 1.33
E 6 40 0.021996 0.005119 368.37 4.88
E 6 43 0.023427 0.004817 395.23 1.81
E 6 44 0.016960 0.002575 259.29 0.96
E 6 49 0.022592 0.005990 342.57 9.78
E 6 52 0.020754 0.002544 319.80 2.83
E 6 56 0.022846 0.006106 391.94 2.69
E 6 57 0.023835 0.004848 363.60 1.83
E 6 59 0.018296 0.002295 288.63 17.47
E 6 60 0.022286 0.003116 374.98 25.57
E 6 61 0.023842 0.004108 364.16 2.59
E 6 62 0.020323 0.002596 417.87 17.61
E 6 64 0.020213 0.004173 323.82 4.95
E 6 67 0.020417 0.003750 309.93 9.71
E 6 70 0.017508 0.003250 275.26 1.28
E 6 71 0.011429 0.002432 1080.00 12.24
E 6 77 0.020354 0.003458 326.86 29.14
E 6 78 0.003586 0.000096 332.00 8.65
E 6 79 0.022155 0.004148 387.93 1.81
E 6 83 0.020248 0.003130 329.50 2.21
E 6 85 0.021168 0.003523 352.22 2.91
E 6 86 0.020190 0.001922 312.99 4.23
E 6 91 0.021516 0.002590 370.33 4.56
E 6 92 0.018340 0.002324 273.88 5.53
E 6 93 0.021237 0.003166 335.21 8.66
E 6 98 0.021209 0.001357 525.88 3.89
E 6 99 0.017730 0.002400 292.06 14.12
E 6 100 0.017112 0.002478 288.44 0.00
E 7 9 0.020771 0.004009 334.14 4.58
E 7 14 0.019103 0.004545 296.71 3.79
E 7 16 0.020818 0.004204 359.49 27.85
E 7 20 0.021921 0.004948 337.24 1.71
E 7 25 0.020600 0.003356 336.01 1.72
E 7 28 0.020134 0.003392 299.13 5.47
E 7 32 0.020592 0.003766 360.50 28.35
E 7 33 0.022338 0.004918 333.38 196.57
E 7 38 0.020923 0.003705 360.02 6.71
E 7 41 0.021042 0.002832 343.74 0.60
E 7 42 0.020660 0.003683 310.59 0.79
E 7 45 0.021886 0.002239 338.36 0.00
E 7 50 0.020680 0.003724 316.87 2.80
E 7 53 0.020699 0.003766 351.48 1.10
E 7 54 0.020819 0.005130 341.48 2.43
E 7 55 0.006322 0.000640 616.00 0.86
E 7 63 0.020782 0.003869 346.50 8.98
E 7 65 0.020885 0.003961 336.57 16.13
E 7 68 0.020581 0.004489 367.41 0.78
E 7 69 0.020646 0.004004 333.50 0.89
E 7 72 0.020659 0.003862 336.96 4.90
E 7 73 0.020856 0.004256 334.29 5.96
E 7 74 0.020820 0.004046 327.79 1.71
E 7 75 0.021265 0.003298 325.75 0.77
E 7 81 0.020753 0.004475 330.24 0.39
E 7 82 0.020699 0.002874 345.05 6.11
E 7 84 0.020514 0.004320 305.62 0.78
E 7 87 0.020852 0.004366 337.56 15.60
E 7 88 0.020841 0.003696 320.08 8.02
E 7 89 0.020971 0.004266 355.73 6.13
E 7 90 0.020870 0.004115 349.74 12.85
E 7 94 0.020134 0.004194 330.21 21.36
E 7 96 0.004514 0.000384 448.00 0.45
E 8 10 0.025513 0.004681 347.23 1.35
E 8 12 0.022339 0.003813 374.10 3.89
E 8 13 0.018225 0.002013 310.20 0.87
E 8 14 0.024616 0.004356 406.15 1.69
E 8 17 0.023532 0.006687 383.40 17.43
E 8 23 0.023725 0.004458 362.33 1.29
E 8 24 0.013214 0.000669 203.37 0.65
E 8 26 0.013480 0.000718 214.73 2.66
E 8 29 0.013325 0.000737 196.89 1.31
E 8 30 0.013374 0.001109 219.82 2.31
E 8 31 0.023224 0.005276 388.80 3.39
E 8 34 0.021261 0.004383 311.70 2.36
E 8 37 0.019942 0.003166 303.39 0.45
E 8 40 0.021821 0.005119 363.26 3.47
E 8 43 0.023482 0.005379 378.48 1.69
E 8 44 0.013215 0.001766 214.92 1.68
E 8 49 0.023545 0.006761 376.63 3.18
E 8 52 0.019719 0.002505 310.91 2.36
E 8 56 0.021855 0.004841 364.74 1.68
E 8 57 0.024151 0.005026 367.25 1.70
E 8 59 0.018915 0.002388 292.59 92.13
E 8 60 0.022286 0.003477 345.03 1.63
E 8 61 0.023842 0.004816 439.59 2.30
E 8 62 0.019870 0.002902 318.29 8.84
E 8 64 0.021706 0.005589 348.76 3.53
E 8 67 0.021344 0.001628 330.54 5.76
E 8 70 0.013153 0.001634 201.63 1.27
E 8 77 0.024854 0.006233 393.74 9.28
E 8 78 0.003650 0.000224 340.00 8.02
E 8 79 0.023530 0.004724 358.61 1.69
E 8 83 0.022031 0.003795 331.10 2.64
E 8 85 0.021933 0.002536 366.53 2.07
E 8 86 0.018410 0.002273 264.35 3.40
E 8 91 0.024175 0.008650 316.34 2.19
E 8 92 0.018915 0.003439 287.73 2.54
E 8 93 0.022000 0.005163 416.56 10.37
E 8 98 0.003298 0.000256 296.00 20.22
E 8 99 0.017939 0.002714 292.84 1.52
E 9 14 0.019601 0.005359 340.30 3.03
E 9 16 0.020151 0.003758 316.73 8.78
E 9 20 0.021640 0.004985 324.79 1.42
E 9 25 0.020660 0.003547 334.59 0.95
E 9 32 0.020273 0.003757 340.47 2.31
E 9 33 0.021038 0.004918 300.71 22.23
E 9 35 0.019965 0.004410 382.37 19.99
E 9 38 0.020318 0.004138 328.58 10.11
E 9 41 0.020857 0.003256 316.63 0.74
E 9 42 0.020351 0.003837 325.65 0.11
E 9 45 0.029349 0.002239 384.92 0.55
E 9 50 0.020331 0.004027 321.48 5.88
E 9 53 0.020370 0.003879 306.09 0.49
E 9 54 0.020781 0.004905 333.11 2.04
E 9 55 0.023922 0.005427 362.99 0.90
E 9 63 0.020130 0.003766 315.49 4.46
E 9 65 0.020321 0.003261 331.76 31.39
E 9 68 0.020251 0.004780 369.38 0.88
E 9 69 0.020736 0.005129 327.26 0.87
E 9 72 0.020351 0.003837 331.30 4.56
E 9 73 0.020073 0.003515 326.28 19.97
E 9 74 0.020537 0.004067 320.87 1.42
E 9 75 0.019309 0.003403 313.25 0.86
E 9 81 0.019817 0.002680 290.15 0.97
E 9 82 0.020303 0.003844 308.16 0.07
E 9 84 0.020189 0.004639 326.50 0.88
E 9 87 0.020721 0.004193 325.68 2.17
E 9 88 0.020249 0.004062 318.73 2.14
E 9 89 0.020310 0.003765 313.32 1.19
E 9 90 0.020051 0.003723 319.78 0.55
E 9 96 0.020191 0.003392 308.82 0.90
E 10 11 0.024183 0.003829 378.65 27.16
E 10 12 0.022901 0.005077 361.13 0.10
E 10 13 0.024356 0.003739 374.55 1.77
E 10 14 0.024180 0.004020 392.96 1.71
E 10 15 0.022639 0.004715 361.70 1.61
E 10 17 0.022278 0.002963 336.35 5.87
E 10 23 0.022330 0.004913 325.43 3.79
E 10 24 0.001585 0.000000 140.00 1.96
E 10 25 0.019510 0.000757 315.82 0.11
E 10 26 0.025166 0.004297 590.59 3.22
E 10 28 0.019967 0.001216 340.74 4.34
E 10 29 0.027992 0.002375 440.42 2.52
E 10 30 0.032739 0.000000 353.71 8.98
E 10 31 0.022303 0.005801 325.55 3.28
E 10 34 0.026588 0.004940 407.49 0.94
E 10 37 0.022350 0.003098 348.43 0.12
E 10 40 0.026544 0.004763 374.17 7.00
E 10 43 0.022204 0.002816 342.30 1.83
E 10 45 0.021272 0.004063 331.40 14.14
E 10 49 0.022424 0.005305 354.49 0.58
E 10 51 0.028466 0.004681 417.32 2.13
E 10 52 0.026685 0.004749 409.18 0.94
E 10 56 0.021939 0.004684 351.53 27.79
E 10 57 0.022713 0.004156 353.54 0.77
E 10 58 0.021052 0.002046 355.45 0.79
E 10 59 0.028838 0.004918 478.58 1.30
E 10 60 0.027211 0.004250 410.15 0.58
E 10 61 0.022129 0.003705 343.51 4.88
E 10 64 0.022390 0.004208 405.29 15.64
E 10 71 0.022300 0.003699 335.08 3.83
E 10 77 0.022062 0.002776 361.83 1.06
E 10 78 0.022656 0.003112 366.86 0.91
E 10 79 0.022160 0.003933 362.30 1.89
E 10 83 0.022342 0.003114 365.82 33.34
E 10 85 0.022172 0.003355 364.67 2.09
E 10 86 0.022213 0.002825 332.40 1.13
E 10 91 0.021957 0.002659 344.24 4.82
E 10 92 0.020869 0.000000 303.30 0.71
E 10 93 0.025449 0.003222 302.93 5.81
E 10 98 0.020035 0.001293 333.86 6.49
E 11 12 0.022621 0.003696 327.74 1.64
E 11 13 0.017450 0.002412 295.16 0.00
E 11 14 0.021896 0.002436 354.02 51.13
E 11 15 0.018229 0.003020 283.78 5.34
E 11 16 0.022834 0.005003 282.63 0.32
E 11 17 0.022643 0.005348 330.10 1.07
E 11 19 0.022834 0.004952 249.86 38.44
E 11 22 0.019083 0.002171 285.71 97.27
E 11 23 0.018438 0.004526 296.91 0.20
E 11 24 0.018707 0.006190 245.99 1.46
E 11 26 0.018231 0.005503 337.30 0.72
E 11 28 0.019701 0.003710 357.22 9.24
E 11 29 0.018707 0.006190 311.95 0.16
E 11 30 0.018231 0.005503 282.48 10.04
E 11 31 0.022902 0.006985 342.31 0.00
E 11 33 0.006898 0.001600 688.00 0.31
E 11 34 0.019196 0.004717 302.35 43.70
E 11 36 0.014874 0.003463 216.47 48.90
E 11 37 0.020869 0.004347 340.80 1.23
E 11 40 0.018679 0.002480 318.06 0.26
E 11 43 0.023526 0.003222 351.68 51.97
E 11 44 0.030706 0.000000 596.54 355.49
E 11 49 0.023440 0.005793 391.29 21.32
E 11 51 0.016953 0.002721 261.34 33.39
E 11 52 0.019010 0.002895 318.73 43.55
E 11 55 0.004514 0.001152 448.00 43.04
E 11 57 0.024075 0.004811 407.81 46.71
E 11 65 0.024171 0.004664 366.66 0.00
E 11 66 0.022834 0.004952 340.77 103.03
E 11 67 0.022632 0.003596 342.12 2.00
E 11 70 0.018707 0.006190 388.81 0.76
E 11 71 0.019407 0.004482 293.61 0.88
E 11 73 0.006738 0.001760 668.00 21.38
E 11 77 0.020191 0.001583 368.15 60.05
E 11 78 0.018531 0.004097 303.42 0.89
E 11 79 0.022974 0.004968 339.70 52.46
E 11 83 0.020098 0.002874 343.39 118.79
E 11 85 0.020761 0.002405 348.25 0.05
E 11 86 0.018871 0.002250 282.15 39.06
E 11 90 0.024374 0.005654 460.27 1.88
E 11 96 0.001681 0.000000 152.00 224.91
E 11 97 0.022834 0.004952 347.64 34.95
E 12 13 0.022560 0.003822 350.51 1.51
E 12 14 0.022986 0.004684 367.96 1.83
E 12 15 0.022138 0.004770 363.76 33.85
E 12 17 0.022244 0.003893 327.07 1.97
E 12 23 0.021542 0.004048 336.36 4.37
E 12 24 0.001585 0.000000 140.00 1.37
E 12 25 0.022337 0.004843 353.30 0.08
E 12 26 0.022733 0.002205 333.69 2.53
E 12 28 0.021744 0.003288 346.06 51.83
E 12 29 0.027992 0.002375 462.42 1.82
E 12 30 0.032739 0.000000 403.16 4.04
E 12 31 0.022171 0.005800 337.36 9.07
E 12 34 0.021657 0.004240 340.41 1.21
E 12 37 0.021769 0.003635 343.93 0.46
E 12 40 0.022483 0.003546 334.38 6.62
E 12 43 0.022613 0.004560 361.81 1.93
E 12 45 0.022430 0.004347 342.19 27.24
E 12 49 0.022325 0.005299 329.56 0.55
E 12 51 0.020772 0.000824 323.89 2.40
E 12 52 0.021500 0.002767 349.54 1.21
E 12 56 0.022707 0.004912 377.58 5.66
E 12 57 0.022718 0.004513 355.01 1.43
E 12 58 0.022583 0.004457 371.91 5.14
E 12 59 0.022288 0.003689 361.38 0.52
E 12 61 0.022578 0.004683 342.05 2.93
E 12 64 0.022234 0.004149 349.01 26.65
E 12 67 0.023089 0.005206 355.08 13.48
E 12 71 0.020704 0.003731 292.48 1.50
E 12 77 0.022612 0.004723 363.81 0.99
E 12 78 0.021319 0.003053 309.21 0.40
E 12 79 0.022559 0.004626 365.93 1.98
E 12 83 0.022070 0.003819 340.94 5.42
E 12 85 0.022358 0.004044 363.64 4.90
E 12 86 0.021050 0.002201 331.75 1.38
E 12 91 0.022770 0.004995 357.65 2.93
E 12 92 0.019852 0.000000 404.85 0.41
E 12 93 0.003266 0.000480 292.00 1.21
E 12 94 0.022069 0.003844 313.63 7.22
E 12 98 0.022250 0.004345 344.87 1.62
E 13 14 0.021993 0.002928 361.63 2.08
E 13 15 0.017919 0.003146 272.96 10.08
E 13 17 0.019037 0.002035 351.81 2.00
E 13 22 0.016716 0.003851 267.67 0.69
E 13 23 0.018230 0.005033 290.57 4.23
E 13 24 0.017918 0.003019 292.76 476.25
E 13 26 0.016709 0.002142 288.29 0.00
E 13 28 0.019081 0.003234 295.67 4.70
E 13 29 0.021462 0.005597 363.66 177.53
E 13 30 0.016679 0.002394 265.21 163.17
E 13 34 0.019398 0.004660 333.93 1.31
E 13 37 0.019930 0.003461 314.23 2.68
E 13 40 0.018449 0.002589 307.17 0.00
E 13 43 0.023858 0.004664 314.88 2.11
E 13 44 0.005202 0.001216 476.00 0.00
E 13 49 0.023615 0.005998 370.38 1.65
E 13 51 0.016906 0.002846 264.42 0.73
E 13 52 0.018281 0.002482 298.08 1.31
E 13 57 0.024839 0.005060 351.92 0.14
E 13 59 0.020460 0.001441 321.11 1.81
E 13 61 0.023639 0.003561 455.26 17.14
E 13 64 0.023039 0.003901 394.32 203.89
E 13 67 0.023197 0.003822 363.98 54.97
E 13 70 0.018382 0.004297 284.98 0.05
E 13 71 0.018295 0.003118 302.49 48.03
E 13 77 0.021774 0.002754 529.05 1.18
E 13 78 0.018769 0.002953 308.04 4.04
E 13 79 0.023292 0.004873 339.20 2.12
E 13 83 0.021425 0.003689 345.92 5.01
E 13 85 0.022079 0.002907 301.99 0.04
E 13 86 0.018232 0.002035 294.33 1.75
E 13 92 0.020530 0.000678 340.37 4.02
E 13 97 0.014990 0.003053 208.24 0.06
E 14 15 0.021031 0.003961 320.95 1.82
E 14 16 0.018127 0.004498 297.38 450.68
E 14 17 0.022473 0.003237 334.41 22.10
E 14 23 0.021490 0.006148 329.98 0.00
E 14 25 0.022139 0.003534 331.54 56.11
E 14 28 0.021869 0.003623 355.56 4.87
E 14 31 0.024053 0.005282 354.74 11.35
E 14 37 0.022140 0.003466 334.45 3.61
E 14 40 0.023608 0.004331 325.26 4.18
E 14 42 0.017816 0.004498 306.14 0.27
E 14 49 0.022860 0.005122 364.19 7.77
E 14 50 0.017929 0.004672 296.19 3.73
E 14 56 0.022358 0.005610 359.31 0.00
E 14 57 0.023270 0.003898 361.56 178.29
E 14 59 0.024317 0.006275 363.51 7.46
E 14 60 0.020505 0.004602 327.74 0.00
E 14 61 0.023508 0.005556 393.97 51.21
E 14 63 0.018449 0.003974 286.10 356.82
E 14 64 0.022903 0.004769 364.56 0.64
E 14 65 0.017656 0.004338 260.05 255.73
E 14 67 0.022494 0.004394 361.77 0.00
E 14 71 0.021429 0.003443 300.65 107.92
E 14 72 0.017862 0.004672 277.75 197.63
E 14 73 0.017977 0.004121 280.30 0.20
E 14 77 0.022455 0.003297 363.66 7.05
E 14 83 0.022302 0.003013 345.60 6.14
E 14 85 0.022210 0.003863 368.18 20.08
E 14 87 0.020452 0.005088 282.13 79.15
E 14 90 0.018718 0.004121 316.68 10.88
E 14 91 0.022413 0.003259 375.17 21.40
E 14 94 0.022188 0.003412 345.35 4.31
E 14 98 0.022333 0.003118 340.25 2.73
E 15 17 0.022394 0.006513 321.20 18.57
E 15 19 0.017918 0.005020 308.07 1.80
E 15 22 0.016731 0.004807 262.86 1.27
E 15 23 0.019589 0.005227 315.32 2.73
E 15 24 0.016798 0.001526 253.70 4.89
E 15 25 0.022616 0.004266 398.41 28.14
E 15 26 0.019766 0.002460 344.00 5.64
E 15 28 0.018478 0.003184 294.81 2.15
E 15 29 0.018031 0.002405 321.96 20.95
E 15 30 0.016332 0.001993 265.06 9.76
E 15 31 0.020621 0.004853 366.35 20.10
E 15 34 0.019109 0.003670 332.10 93.89
E 15 36 0.018017 0.002352 333.14 1.89
E 15 37 0.019999 0.004143 306.00 1.49
E 15 39 0.017026 0.004155 302.51 8.14
E 15 40 0.017533 0.002573 269.87 3.93
E 15 43 0.022616 0.004266 339.36 1.82
E 15 46 0.016133 0.002330 259.86 3.38
E 15 49 0.020297 0.004028 330.42 5.55
E 15 51 0.017944 0.002787 308.79 1.79
E 15 52 0.019068 0.004740 310.50 96.16
E 15 57 0.021749 0.004033 356.43 3.49
E 15 58 0.022845 0.005168 398.90 1.89
E 15 60 0.021387 0.003410 313.39 4.48
E 15 61 0.022640 0.004900 359.27 0.06
E 15 66 0.005859 0.000288 500.00 36.04
E 15 67 0.021692 0.003813 357.17 0.01
E 15 70 0.015711 0.002578 354.79 3.85
E 15 71 0.018876 0.003820 303.95 5.46
E 15 77 0.021693 0.003554 303.25 8.44
E 15 78 0.020295 0.004231 334.43 1.49
E 15 79 0.021731 0.003716 354.65 1.82
E 15 83 0.019598 0.003901 392.15 2.43
E 15 85 0.021745 0.004975 397.94 1.92
E 15 86 0.019931 0.004384 308.31 5.12
E 15 97 0.022395 0.008395 370.52 2.56
E 15 98 0.022845 0.005168 378.36 4.96
E 15 100 0.014763 0.001696 240.12 0.95
E 16 19 0.019051 0.002611 340.52 148.46
E 16 25 0.020125 0.003243 310.44 1.29
E 16 27 0.018249 0.001734 271.93 57.87
E 16 28 0.025617 0.003505 603.08 31.43
E 16 33 0.018492 0.003701 288.85 0.13
E 16 36 0.018954 0.002563 318.76 14.16
E 16 50 0.019371 0.002462 324.99 0.35
E 16 51 0.019985 0.004104 325.69 267.61
E 16 55 0.019404 0.002374 302.34 59.73
E 16 65 0.020246 0.004001 307.16 2.31
E 16 66 0.018087 0.001718 297.93 48.11
E 16 71 0.018918 0.004749 472.32 0.05
E 16 73 0.020069 0.003167 334.61 0.96
E 16 78 0.018831 0.005003 330.24 0.25
E 16 86 0.001553 0.000000 136.00 312.74
E 16 87 0.020989 0.005004 338.23 0.00
E 16 89 0.019455 0.003454 302.74 0.18
E 16 90 0.019974 0.003194 313.49 3.41
E 16 96 0.019329 0.002462 300.95 4.52
E 16 97 0.018984 0.003573 339.78 15.69
E 17 18 0.023244 0.002261 374.61 23.96
E 17 23 0.018615 0.006445 294.96 71.09
E 17 31 0.022028 0.005559 363.63 2.47
E 17 37 0.019290 0.003289 298.30 53.02
E 17 40 0.018944 0.000791 314.63 7.88
E 17 43 0.021739 0.003881 368.47 22.10
E 17 49 0.021151 0.003782 343.88 0.33
E 17 56 0.022016 0.005435 333.88 2.59
E 17 57 0.022540 0.004092 373.19 21.58
E 17 58 0.020008 0.002220 302.12 13.86
E 17 59 0.017331 0.001333 280.65 14.14
E 17 60 0.020823 0.002407 342.01 250.23
E 17 61 0.021974 0.004721 344.80 0.81
E 17 62 0.021178 0.002655 324.40 0.52
E 17 64 0.021252 0.003963 323.64 15.19
E 17 67 0.021903 0.004316 357.89 77.81
E 17 71 0.019193 0.003412 297.69 0.03
E 17 77 0.019874 0.002638 328.23 0.13
E 17 79 0.021696 0.003675 342.45 22.30
E 17 83 0.019479 0.003066 323.43 1.07
E 17 85 0.021230 0.003616 366.40 3.38
E 17 86 0.019427 0.003782 295.83 6.22
E 17 91 0.020408 0.003487 370.31 0.19
E 17 92 0.018218 0.002258 255.84 0.18
E 17 93 0.021209 0.007462 320.43 32.67
E 17 94 0.019322 0.003072 315.24 0.16
E 17 98 0.019799 0.002148 316.02 10.82
E 18 25 0.020733 0.003778 298.75 54.90
E 18 32 0.020602 0.003004 319.85 1.49
E 18 38 0.022607 0.005470 343.28 28.56
E 18 42 0.020244 0.003023 311.67 299.90
E 18 45 0.019950 0.003255 317.49 0.07
E 18 47 0.011519 0.000530 152.78 36.23
E 18 50 0.019443 0.002021 300.15 36.88
E 18 53 0.019555 0.001893 317.17 0.73
E 18 54 0.022162 0.004545 348.49 1.33
E 18 56 0.023920 0.005767 408.05 2.30
E 18 58 0.021432 0.002261 386.36 0.03
E 18 60 0.017079 0.004192 1612.00 0.23
E 18 67 0.021429 0.002261 349.31 0.23
E 18 68 0.019456 0.002439 299.27 4.92
E 18 72 0.021002 0.003780 318.87 0.17
E 18 73 0.020954 0.003581 351.57 0.26
E 18 81 0.019633 0.001873 318.78 17.05
E 18 82 0.022607 0.005470 509.47 0.59
E 18 84 0.019320 0.003189 295.63 5.52
E 18 85 0.025730 0.004184 405.04 20.63
E 18 87 0.021408 0.004539 376.56 0.02
E 18 91 0.021432 0.002261 414.84 915.47
E 18 94 0.021109 0.002672 333.16 8.11
E 18 98 0.021432 0.003561 290.32 19.35
E 19 21 0.014108 0.002284 203.82 3.92
E 19 22 0.009428 0.001472 888.00 0.12
E 19 28 0.017622 0.004313 333.13 1.37
E 19 33 0.016781 0.003543 281.37 0.00
E 19 39 0.015657 0.003426 253.10 0.16
E 19 63 0.020718 0.002318 378.22 19.77
E 19 65 0.020723 0.003885 343.72 65.18
E 19 66 0.015997 0.002720 247.01 0.05
E 19 71 0.019625 0.004353 347.20 78.78
E 19 78 0.016807 0.002356 250.49 61.47
E 19 80 0.015210 0.003351 246.35 0.00
E 19 90 0.019257 0.002985 371.76 7.55
E 19 96 0.018213 0.002927 287.72 0.16
E 19 97 0.017483 0.003524 289.94 0.29
E 20 25 0.022071 0.003855 368.90 14.22
E 20 32 0.021556 0.004832 328.70 5.20
E 20 33 0.023469 0.004918 340.73 0.00
E 20 35 0.021017 0.005003 345.89 1.85
E 20 38 0.021532 0.004931 328.46 19.94
E 20 41 0.021575 0.004574 327.75 2.50
E 20 42 0.021680 0.004828 324.22 0.06
E 20 50 0.021680 0.004828 349.93 3.93
E 20 53 0.023061 0.005495 337.27 0.04
E 20 63 0.021570 0.004812 345.92 161.41
E 20 65 0.021567 0.005012 340.15 29.19
E 20 72 0.021680 0.004828 338.06 93.90
E 20 73 0.021555 0.004973 344.76 5.61
E 20 82 0.021532 0.004524 337.28 50.83
E 20 87 0.021602 0.004929 341.35 22.54
E 20 88 0.021532 0.004515 330.30 81.59
E 20 89 0.021622 0.004699 354.44 8.90
E 20 90 0.021537 0.004754 331.59 4.49
E 20 96 0.021421 0.003628 364.60 0.10
E 21 27 0.013432 0.002270 202.55 4.47
E 21 33 0.017068 0.001900 277.71 6.16
E 21 35 0.017200 0.003472 281.54 0.21
E 21 36 0.017069 0.002585 254.97 1.18
E 21 38 0.017578 0.002976 270.44 32.21
E 21 48 0.014133 0.000863 205.11 1.45
E 21 55 0.017897 0.002673 291.97 1.59
E 21 75 0.018315 0.003325 303.70 1.70
E 21 76 0.015618 0.002673 242.27 1.39
E 21 80 0.015381 0.002645 244.29 1.10
E 21 82 0.018355 0.002813 276.04 10.37
E 21 90 0.020472 0.001934 314.76 4.96
E 21 96 0.018438 0.003304 301.28 0.50
E 22 23 0.018745 0.005941 301.55 202.17
E 22 24 0.015853 0.003634 228.69 21.38
E 22 26 0.016572 0.004212 294.16 31.25
E 22 28 0.018089 0.003897 278.76 1.86
E 22 29 0.016543 0.003634 261.08 31.81
E 22 30 0.016119 0.004212 288.73 9.82
E 22 34 0.018154 0.004391 295.23 0.46
E 22 36 0.016816 0.004129 271.04 0.16
E 22 39 0.016667 0.004713 277.92 3.19
E 22 44 0.014764 0.002278 300.17 0.91
E 22 46 0.015607 0.004675 242.52 0.12
E 22 51 0.016628 0.003787 255.53 0.87
E 22 52 0.016854 0.004338 286.76 0.49
E 22 70 0.016006 0.004673 244.43 9.49
E 22 71 0.017670 0.004255 279.96 19.00
E 22 78 0.017048 0.004083 266.82 0.54
E 22 86 0.017770 0.005194 291.31 1.87
E 22 97 0.016942 0.004153 287.98 0.82
E 22 100 0.015735 0.003392 270.55 2.01
E 23 24 0.001585 0.000000 140.00 1.20
E 23 26 0.026296 0.002205 425.25 0.61
E 23 28 0.019239 0.003324 315.92 1.86
E 23 29 0.027992 0.002375 480.27 0.33
E 23 30 0.032739 0.001357 337.77 4.09
E 23 31 0.018050 0.006127 280.74 1.10
E 23 34 0.019041 0.005048 301.31 0.00
E 23 37 0.019787 0.005031 322.66 1.58
E 23 40 0.018533 0.005260 312.76 1.29
E 23 43 0.024373 0.003166 368.46 0.00
E 23 49 0.020133 0.005515 334.80 1.67
E 23 51 0.018878 0.005965 318.41 0.00
E 23 52 0.019127 0.005772 286.37 0.00
E 23 57 0.022723 0.004729 349.55 0.00
E 23 59 0.021771 0.003256 290.35 0.83
E 23 60 0.019063 0.004733 301.80 4.55
E 23 61 0.022972 0.004274 489.60 1.14
E 23 64 0.026294 0.004410 489.25 4.48
E 23 71 0.018641 0.004596 294.41 15.84
E 23 73 0.002609 0.000000 268.00 0.17
E 23 77 0.002609 0.000000 268.00 8.67
E 23 78 0.018648 0.005349 279.09 1.84
E 23 79 0.024599 0.005863 401.42 0.00
E 23 83 0.023353 0.003505 345.18 4.97
E 23 85 0.023774 0.002907 366.45 0.11
E 23 86 0.018470 0.005075 318.39 0.00
E 23 92 0.026296 0.001357 445.45 0.57
E 24 26 0.012899 0.000357 194.55 0.88
E 24 29 0.012914 0.000559 192.64 0.10
E 24 30 0.013438 0.001156 229.27 0.31
E 24 31 0.016459 0.000271 270.46 3.88
E 24 34 0.022395 0.002205 332.74 0.02
E 24 37 0.021680 0.001950 344.60 1.18
E 24 39 0.016468 0.002956 283.08 0.83
E 24 44 0.013011 0.001153 199.14 6.29
E 24 49 0.024056 0.005156 332.29 0.45
E 24 52 0.003106 0.000064 272.00 0.02
E 24 59 0.017791 0.001449 270.84 0.68
E 24 62 0.016459 0.001187 268.24 0.20
E 24 70 0.012964 0.001198 199.24 0.27
E 24 83 0.023835 0.004918 343.56 0.62
E 24 92 0.017099 0.002374 332.65 0.49
E 24 99 0.016980 0.002792 279.78 6.01
E 24 100 0.013481 0.001780 212.67 7.70
E 25 32 0.020451 0.003535 313.76 13.77
E 25 38 0.021660 0.003138 361.49 1.60
E 25 41 0.021307 0.003887 366.98 0.11
E 25 42 0.020561 0.003591 327.27 0.40
E 25 43 0.017422 0.001731 265.77 56.73
E 25 45 0.019190 0.003611 310.57 27.76
E 25 47 0.020076 0.001357 299.40 3.12
E 25 50 0.021270 0.003869 317.01 7.89
E 25 53 0.020450 0.003273 325.57 42.48
E 25 54 0.021861 0.004802 349.82 35.10
E 25 56 0.019926 0.003469 346.67 1.93
E 25 57 0.021771 0.004236 347.19 0.79
E 25 58 0.016551 0.000689 260.74 52.47
E 25 63 0.021119 0.003879 342.47 1.68
E 25 68 0.020446 0.003260 352.96 39.08
E 25 69 0.020653 0.003071 339.26 41.22
E 25 72 0.021746 0.004987 328.40 5.23
E 25 73 0.020444 0.003344 329.99 2.15
E 25 74 0.021775 0.004401 356.58 41.53
E 25 79 0.018844 0.000909 313.38 57.17
E 25 81 0.020402 0.003113 304.42 0.10
E 25 82 0.023356 0.005427 331.38 7.06
E 25 84 0.020446 0.003260 321.33 39.14
E 25 87 0.021264 0.003945 345.56 1.04
E 25 88 0.020698 0.002329 342.24 1.55
E 25 89 0.020868 0.003583 330.88 0.71
E 25 90 0.021209 0.004719 335.14 0.95
E 25 91 0.017734 0.000861 290.87 0.64
E 25 94 0.018350 0.002563 308.01 0.85
E 25 98 0.016551 0.000689 258.04 0.14
E 26 29 0.012960 0.000590 203.90 0.13
E 26 30 0.013457 0.001170 207.77 3.03
E 26 31 0.021546 0.001922 646.59 0.48
E 26 34 0.022903 0.002205 413.84 3.29
E 26 37 0.021542 0.001922 381.61 2.53
E 26 39 0.016013 0.002401 243.06 61.08
E 26 40 0.022734 0.002205 461.53 0.01
E 26 44 0.013057 0.001288 202.30 6.25
E 26 49 0.024109 0.006218 353.40 1.44
E 26 52 0.022733 0.002205 348.93 3.32
E 26 59 0.017790 0.002744 269.00 2.96
E 26 62 0.021546 0.001922 439.30 2.70
E 26 64 0.021548 0.000000 500.51 47.38
E 26 70 0.013037 0.001386 203.95 0.98
E 26 83 0.023834 0.004919 344.84 175.89
E 26 92 0.018187 0.002883 292.76 0.60
E 26 99 0.017692 0.002744 256.46 0.00
E 26 100 0.013510 0.001807 207.79 0.00
E 27 33 0.017305 0.003214 248.84 0.00
E 27 35 0.016883 0.003911 280.08 7.42
E 27 65 0.020936 0.004681 374.92 9.71
E 27 66 0.015136 0.002559 236.13 0.07
E 27 80 0.017137 0.004353 271.13 0.08
E 27 96 0.019053 0.003188 298.13 0.59
E 27 97 0.017969 0.003973 273.03 0.58
E 28 34 0.019198 0.003265 295.33 3.72
E 28 37 0.020206 0.003695 337.49 2.48
E 28 39 0.018334 0.006378 304.21 2.37
E 28 40 0.018323 0.002629 321.09 245.18
E 28 43 0.018705 0.001834 297.39 4.91
E 28 46 0.017258 0.003315 276.99 2.75
E 28 49 0.001969 0.000000 188.00 2.25
E 28 51 0.018201 0.003053 260.52 1.35
E 28 52 0.018151 0.002996 273.74 3.72
E 28 56 0.019918 0.003663 342.34 9.99
E 28 57 0.021826 0.004085 344.67 2.49
E 28 58 0.018463 0.001710 293.08 5.59
E 28 61 0.019199 0.002035 299.52 1.14
E 28 66 0.018155 0.003392 290.11 0.74
E 28 71 0.019415 0.004114 313.66 2.64
E 28 78 0.019540 0.003112 329.59 2.73
E 28 79 0.019388 0.001840 296.56 4.93
E 28 83 0.001777 0.000000 164.00 0.14
E 28 86 0.019657 0.004056 284.41 1.34
E 28 91 0.018610 0.001664 290.96 3.79
E 28 97 0.018042 0.003415 313.26 0.24
E 28 98 0.018463 0.001710 284.22 0.89
E 29 30 0.013445 0.001166 212.03 0.50
E 29 31 0.024374 0.005993 460.27 0.15
E 29 34 0.024374 0.005993 431.68 0.37
E 29 37 0.020922 0.003634 356.83 1.45
E 29 39 0.016468 0.002956 280.06 1.65
E 29 44 0.013012 0.001128 203.73 15.48
E 29 49 0.024056 0.005156 549.67 0.91
E 29 52 0.024374 0.005993 392.35 0.37
E 29 59 0.017791 0.002498 360.93 1.11
E 29 62 0.024373 0.005992 301.46 0.40
E 29 70 0.012961 0.001183 202.38 4.75
E 29 83 0.023835 0.004918 364.25 1.58
E 29 92 0.017568 0.002498 263.50 0.28
E 29 99 0.017568 0.002792 307.46 8.11
E 29 100 0.013481 0.001780 215.62 11.82
E 30 31 0.025108 0.007631 551.29 4.56
E 30 34 0.032739 0.001809 379.29 3.63
E 30 37 0.020043 0.004749 387.11 6.32
E 30 39 0.016013 0.002401 240.48 2.71
E 30 40 0.032741 0.000000 690.30 0.65
E 30 44 0.013264 0.001288 210.23 176.70
E 30 49 0.024684 0.006826 337.15 3.30
E 30 52 0.032739 0.001131 428.15 3.67
E 30 59 0.017790 0.002940 257.89 1.22
E 30 61 0.003089 0.000000 328.00 0.17
E 30 62 0.020801 0.005698 365.60 0.48
E 30 64 0.032741 0.000000 473.31 6.63
E 30 70 0.013437 0.001386 203.77 5.85
E 30 83 0.023834 0.004919 366.25 1.56
E 30 92 0.016842 0.002940 308.96 3.27
E 30 99 0.016843 0.002940 283.81 8.77
E 31 37 0.021599 0.005056 324.36 0.92
E 31 43 0.024102 0.004758 400.37 14.45
E 31 49 0.022440 0.005757 344.93 0.36
E 31 57 0.022530 0.005341 389.29 10.33
E 31 59 0.020828 0.005454 342.29 1.75
E 31 60 0.022483 0.003173 317.15 21.60
E 31 61 0.023549 0.005508 359.25 1.04
E 31 62 0.022159 0.004656 345.14 0.46
E 31 64 0.021897 0.005462 337.66 9.13
E 31 77 0.022336 0.005540 355.58 0.88
E 31 79 0.022192 0.005597 352.10 18.15
E 31 83 0.021789 0.005766 335.76 1.36
E 31 85 0.022297 0.005622 370.18 0.02
E 31 92 0.020867 0.005536 298.57 0.05
E 31 93 0.022052 0.004894 322.79 114.76
E 31 95 0.021852 0.003901 389.47 0.12
E 31 98 0.022294 0.003935 342.68 0.89
E 31 99 0.020599 0.005421 323.24 1.44
E 32 38 0.019453 0.004658 300.83 6.01
E 32 41 0.020353 0.002309 345.48 726.15
E 32 42 0.020011 0.002580 329.01 106.86
E 32 45 0.019817 0.002990 332.78 0.51
E 32 50 0.020039 0.002806 317.53 2.72
E 32 53 0.019966 0.002506 317.94 0.03
E 32 54 0.020826 0.004828 326.76 0.03
E 32 56 0.001713 0.000000 156.00 0.69
E 32 58 0.020699 0.001187 285.18 11.45
E 32 60 0.019789 0.004189 311.56 1.39
E 32 67 0.020867 0.001357 391.13 7.07
E 32 68 0.019980 0.002601 314.94 0.43
E 32 72 0.019940 0.002771 312.55 0.12
E 32 73 0.020097 0.003064 338.16 25.81
E 32 74 0.020394 0.003984 367.29 6.08
E 32 82 0.019453 0.002773 301.20 0.95
E 32 84 0.020008 0.003375 314.78 0.65
E 32 85 0.009315 0.001632 932.00 510.87
E 32 87 0.020871 0.004621 326.60 2.48
E 32 89 0.020245 0.004140 319.45 0.65
E 32 90 0.019755 0.003225 303.22 2.76
E 32 91 0.020699 0.001583 471.22 3.47
E 32 94 0.019801 0.002671 373.68 1.30
E 32 98 0.021547 0.001187 705.45 6.38
E 33 34 0.001393 0.000000 116.00 0.00
E 33 35 0.017208 0.003400 276.12 12.12
E 33 36 0.017136 0.002667 262.10 0.00
E 33 38 0.020191 0.003279 475.02 0.44
E 33 48 0.015442 0.000339 221.75 0.00
E 33 55 0.016432 0.003322 260.42 0.00
E 33 63 0.025193 0.003279 410.49 0.18
E 33 65 0.018245 0.003278 286.20 0.37
E 33 66 0.016849 0.003591 252.70 15.69
E 33 74 0.022395 0.004918 453.76 0.00
E 33 75 0.017576 0.003446 286.71 0.00
E 33 76 0.015965 0.002714 255.12 0.00
E 33 78 0.004130 0.000960 400.00 0.41
E 33 80 0.016124 0.002983 258.73 0.00
E 33 90 0.019536 0.003540 287.69 1.11
E 33 96 0.018320 0.003349 292.05 0.00
E 33 97 0.017469 0.003823 281.04 80.78
E 34 37 0.019729 0.004274 323.95 2.27
E 34 39 0.018777 0.004805 301.80 13.52
E 34 40 0.018733 0.004369 280.99 0.42
E 34 49 0.023682 0.005393 382.40 21.19
E 34 57 0.025316 0.005465 373.11 30.54
E 34 59 0.021885 0.002238 418.34 4.03
E 34 61 0.029349 0.001244 379.59 136.41
E 34 64 0.023446 0.004410 528.86 5.42
E 34 71 0.019164 0.004692 310.49 80.41
E 34 73 0.004226 0.000416 412.00 0.24
E 34 77 0.001905 0.000000 180.00 4.46
E 34 78 0.018501 0.004349 287.94 65.21
E 34 83 0.021914 0.004719 362.98 17.26
E 34 85 0.022903 0.004613 345.41 110.51
E 34 92 0.022395 0.002205 383.05 57.65
E 34 97 0.017570 0.004418 286.02 0.69
E 35 36 0.018185 0.005988 292.95 1.94
E 35 38 0.017730 0.005754 274.49 74.73
E 35 41 0.017272 0.002848 293.40 5.36
E 35 48 0.017891 0.005647 295.65 1.86
E 35 55 0.017196 0.003461 273.12 2.87
E 35 63 0.019529 0.003860 292.82 6.39
E 35 65 0.018318 0.003454 283.09 14.17
E 35 74 0.019586 0.004070 326.98 2.17
E 35 75 0.018210 0.003318 298.88 1.98
E 35 76 0.017261 0.003623 281.32 1.85
E 35 80 0.017261 0.003623 272.16 1.63
E 35 90 0.019705 0.003434 342.46 2.57
E 35 96 0.018375 0.003501 287.74 0.39
E 36 37 0.019538 0.004397 309.50 1.32
E 36 63 0.020297 0.002754 320.79 51.66
E 36 65 0.020546 0.003683 317.28 10.74
E 36 66 0.017998 0.004127 301.73 0.11
E 36 71 0.017646 0.002523 258.24 109.69
E 36 78 0.016741 0.002713 333.63 74.47
E 36 80 0.017322 0.005547 287.02 0.02
E 36 90 0.021064 0.003209 315.82 4.48
E 36 96 0.018713 0.002374 279.95 0.19
E 36 97 0.017681 0.004167 274.28 0.20
E 37 40 0.019923 0.003631 322.42 1.34
E 37 43 0.023146 0.005104 363.71 1.17
E 37 49 0.022110 0.004579 352.57 0.68
E 37 51 0.019960 0.004049 315.67 1.20
E 37 52 0.019748 0.003574 306.42 1.16
E 37 57 0.023468 0.004882 354.13 0.46
E 37 59 0.019507 0.001102 313.32 2.97
E 37 60 0.021126 0.002665 302.10 26.42
E 37 61 0.024006 0.003816 354.70 5.33
E 37 62 0.021801 0.001628 314.05 6.18
E 37 64 0.022767 0.005800 379.54 10.36
E 37 71 0.019934 0.003808 333.32 1.46
E 37 77 0.022565 0.002700 367.23 2.33
E 37 78 0.019712 0.003856 332.15 11.83
E 37 79 0.023631 0.005411 363.38 1.17
E 37 83 0.020202 0.002927 325.79 14.84
E 37 85 0.022520 0.003505 330.42 12.13
E 37 86 0.020013 0.003727 331.35 1.17
E 37 92 0.019509 0.002458 356.06 0.35
E 37 99 0.020190 0.003596 374.37 8.28
E 38 41 0.017521 0.003855 265.80 1.83
E 38 42 0.003458 0.000032 316.00 33.20
E 38 45 0.018495 0.000170 378.59 2.31
E 38 47 0.018599 0.004070 293.81 8.37
E 38 50 0.020583 0.002760 308.13 0.92
E 38 53 0.021943 0.004381 329.18 23.62
E 38 54 0.024904 0.005393 382.51 24.55
E 38 63 0.019716 0.004494 337.62 0.23
E 38 65 0.018325 0.000170 421.37 3.97
E 38 69 0.019333 0.002905 300.62 15.95
E 38 72 0.022405 0.005062 337.01 16.65
E 38 73 0.019826 0.004399 305.15 2.32
E 38 74 0.020598 0.004518 316.70 19.96
E 38 75 0.018337 0.004151 293.93 16.99
E 38 82 0.017661 0.003938 274.63 1.03
E 38 87 0.020921 0.004312 323.92 0.36
E 38 88 0.019905 0.004077 316.34 0.16
E 38 89 0.020761 0.004013 324.18 0.49
E 38 90 0.019864 0.004794 316.39 1.10
E 39 40 0.016225 0.002661 254.53 5.19
E 39 44 0.016398 0.002854 281.84 61.29
E 39 46 0.015113 0.003212 239.98 2.64
E 39 51 0.018153 0.005935 316.55 2.84
E 39 52 0.016999 0.005224 306.04 14.93
E 39 55 0.014946 0.003198 256.44 3.06
E 39 66 0.014612 0.003192 236.11 1.98
E 39 70 0.016271 0.002926 258.56 1.18
E 39 96 0.017203 0.003251 254.87 2.39
E 39 97 0.017467 0.003166 287.38 4.37
E 39 99 0.016460 0.000000 242.97 7.93
E 39 100 0.016397 0.002854 265.70 7.64
E 40 43 0.025742 0.005578 338.35 4.37
E 40 49 0.022868 0.005119 354.73 1.90
E 40 51 0.016122 0.002160 267.08 2.52
E 40 52 0.016049 0.002005 259.56 0.43
E 40 56 0.021548 0.005851 353.80 1.81
E 40 57 0.024906 0.004943 378.75 3.47
E 40 59 0.022074 0.005578 322.28 2.80
E 40 60 0.019834 0.002601 297.88 0.63
E 40 61 0.024791 0.004895 415.62 6.47
E 40 64 0.022706 0.004954 353.47 33.12
E 40 65 0.001521 0.000000 132.00 89.31
E 40 71 0.018379 0.003239 283.68 0.36
E 40 77 0.008067 0.001503 776.00 3.06
E 40 78 0.017486 0.003671 292.27 16.91
E 40 79 0.024089 0.005578 375.42 4.49
E 40 83 0.023353 0.005119 423.29 10.95
E 40 85 0.023772 0.005379 390.97 1.72
E 40 86 0.018429 0.002469 311.51 0.22
E 40 91 0.021548 0.004070 383.42 0.96
E 40 92 0.020868 0.000000 236.90 1.19
E 40 98 0.003297 0.000256 296.00 15.01
E 41 42 0.020832 0.003677 330.67 1.33
E 41 45 0.022417 0.004943 454.13 13.61
E 41 47 0.018576 0.001800 310.55 8.80
E 41 50 0.020347 0.001963 301.93 331.91
E 41 53 0.019780 0.002892 322.00 1.86
E 41 54 0.022748 0.005193 367.52 1.84
E 41 63 0.021854 0.004471 355.92 0.78
E 41 68 0.019610 0.001962 307.11 2.01
E 41 69 0.019634 0.003637 315.06 2.14
E 41 72 0.021607 0.004473 334.12 1.70
E 41 74 0.021631 0.004181 333.48 2.47
E 41 75 0.017711 0.003646 270.23 41.97
E 41 81 0.020758 0.002914 318.84 0.56
E 41 82 0.016298 0.002099 264.54 4.16
E 41 84 0.019510 0.003330 320.02 2.01
E 41 87 0.020820 0.003241 323.37 0.46
E 41 88 0.020077 0.004519 316.95 0.66
E 41 89 0.020730 0.004075 324.21 0.51
E 42 45 0.021601 0.004240 395.85 0.00
E 42 47 0.021109 0.004232 344.03 0.30
E 42 50 0.019506 0.002265 318.90 4.41
E 42 53 0.019273 0.002424 329.19 0.09
E 42 54 0.020929 0.004852 319.68 0.14
E 42 60 0.018172 0.003731 302.44 2.22
E 42 63 0.019750 0.003251 316.00 15.45
E 42 68 0.019267 0.002351 324.77 0.13
E 42 69 0.019294 0.004147 311.44 0.08
E 42 72 0.019929 0.003212 323.56 2.59
E 42 73 0.020058 0.003157 327.56 436.41
E 42 74 0.020589 0.004175 321.67 0.06
E 42 81 0.019306 0.002408 291.50 0.17
E 42 84 0.019267 0.003290 307.06 0.13
E 42 87 0.020850 0.004371 332.98 3.93
E 42 88 0.019871 0.004150 324.00 7.13
E 42 89 0.020357 0.004070 333.63 5.29
E 42 90 0.019624 0.003181 304.17 2.39
E 43 49 0.023635 0.005788 369.89 7.69
E 43 56 0.020935 0.004742 326.26 0.00
E 43 57 0.022436 0.003852 338.13 182.03
E 43 59 0.023794 0.004198 318.51 6.95
E 43 60 0.023337 0.005330 360.19 0.00
E 43 61 0.021173 0.004278 338.35 53.26
E 43 64 0.022054 0.005327 357.60 0.58
E 43 67 0.021791 0.003873 337.97 0.00
E 43 77 0.020154 0.003242 315.25 7.31
E 43 83 0.023429 0.004817 402.14 6.09
E 43 85 0.021037 0.003356 342.01 17.95
E 43 91 0.019814 0.003060 321.92 20.91
E 43 98 0.019562 0.002893 294.85 2.75
E 44 70 0.013107 0.001296 204.10 16.05
E 44 99 0.017816 0.002985 450.57 0.87
E 44 100 0.013580 0.001837 212.25 2.00
E 45 56 0.020694 0.004344 331.98 16.13
E 45 61 0.020314 0.004079 330.25 29.72
E 45 63 0.021999 0.005314 329.44 5.70
E 45 64 0.021261 0.004399 346.76 0.41
E 45 67 0.021725 0.004540 339.48 42.35
E 45 72 0.001745 0.000000 160.00 507.27
E 45 73 0.023921 0.005088 486.08 0.18
E 45 81 0.021601 0.003449 396.19 235.48
E 45 85 0.020624 0.003864 338.48 5.34
E 45 87 0.021601 0.003449 377.08 39.86
E 45 91 0.020185 0.004758 321.86 21.54
E 45 94 0.019494 0.003286 302.27 57.26
E 46 66 0.014835 0.003346 214.37 0.43
E 46 70 0.013745 0.000271 531.04 65.61
E 46 71 0.019134 0.004655 303.57 41.84
E 46 80 0.013534 0.000260 215.45 0.10
E 46 96 0.017787 0.003350 275.95 0.76
E 46 97 0.017383 0.003562 274.22 0.65
E 47 50 0.020403 0.001839 333.49 0.32
E 47 53 0.021223 0.002778 350.94 0.41
E 47 54 0.023864 0.004862 341.75 1.08
E 47 68 0.016769 0.001244 263.04 0.93
E 47 69 0.019659 0.003467 283.38 0.66
E 47 72 0.021412 0.003750 371.06 1.96
E 47 81 0.016509 0.000392 301.70 1.11
E 47 82 0.021354 0.005573 277.29 1.31
E 47 84 0.018347 0.003004 305.38 0.92
E 47 87 0.019918 0.000633 337.21 11.60
E 47 88 0.021704 0.004669 328.34 6.27
E 47 89 0.022471 0.004565 369.71 8.00
E 48 80 0.017094 0.004918 279.35 0.06
E 48 96 0.018802 0.002459 302.26 0.62
E 49 52 0.023340 0.005088 371.42 21.24
E 49 56 0.021703 0.004345 335.83 2.17
E 49 57 0.022714 0.005339 355.01 24.46
E 49 59 0.022547 0.005356 371.21 4.45
E 49 60 0.022714 0.005503 345.32 15.74
E 49 61 0.021778 0.004327 340.32 0.00
E 49 62 0.024439 0.006052 401.39 1.42
E 49 64 0.022620 0.005414 370.40 0.00
E 49 67 0.021699 0.004656 343.57 0.52
E 49 71 0.020575 0.002420 315.15 0.41
E 49 77 0.021983 0.004155 351.15 0.02
E 49 79 0.022234 0.004874 366.67 24.61
E 49 83 0.022653 0.005454 367.65 12.15
E 49 85 0.022374 0.005271 360.66 0.43
E 49 86 0.021242 0.002934 401.73 23.18
E 49 92 0.022654 0.005389 344.83 0.02
E 49 93 0.022498 0.005241 360.43 27.60
E 49 99 0.022512 0.005414 336.88 2.81
E 50 53 0.019642 0.002203 313.13 3.73
E 50 54 0.020740 0.004769 320.23 7.38
E 50 63 0.019974 0.003294 319.36 2.70
E 50 68 0.019463 0.002100 297.06 67.71
E 50 69 0.019696 0.004289 304.88 4.72
E 50 72 0.019966 0.003188 318.72 0.83
E 50 73 0.020070 0.003167 304.95 10.78
E 50 74 0.020611 0.004220 311.92 3.94
E 50 75 0.021275 0.003143 314.16 5.00
E 50 81 0.019414 0.002302 347.52 5.51
E 50 82 0.020437 0.003119 319.77 1.42
E 50 84 0.019462 0.003029 292.65 66.98
E 50 87 0.020851 0.004414 313.98 4.20
E 50 88 0.020455 0.004829 339.90 2.66
E 50 89 0.020707 0.003840 323.92 6.89
E 50 90 0.019939 0.003135 317.20 20.00
E 51 63 0.019988 0.003477 308.89 23.78
E 51 65 0.018664 0.002560 272.61 144.45
E 51 66 0.017611 0.002510 325.09 0.06
E 51 71 0.018718 0.003470 293.27 79.59
E 51 73 0.018268 0.000735 335.04 0.00
E 51 78 0.016571 0.002490 269.19 52.97
E 51 85 0.022565 0.000000 302.61 114.22
E 51 90 0.001777 0.000000 164.00 8.03
E 51 97 0.016863 0.003061 267.77 0.21
E 52 57 0.025437 0.005405 384.75 30.75
E 52 59 0.020952 0.001526 401.15 4.11
E 52 61 0.029349 0.001526 301.23 136.37
E 52 64 0.023446 0.004410 336.01 5.42
E 52 71 0.018553 0.003493 307.18 80.46
E 52 78 0.017584 0.004102 273.55 65.03
E 52 83 0.021672 0.002530 315.75 17.30
E 52 85 0.023284 0.002650 430.40 110.17
E 52 92 0.001809 0.000000 168.00 57.79
E 52 97 0.017624 0.004020 261.71 0.61
E 53 54 0.020895 0.004849 338.22 0.19
E 53 63 0.021860 0.004436 363.40 212.07
E 53 68 0.017002 0.001516 285.28 0.20
E 53 69 0.018265 0.004431 274.29 0.22
E 53 72 0.019905 0.003194 304.93 155.13
E 53 74 0.022718 0.005242 352.23 0.23
E 53 81 0.017011 0.001528 257.96 0.51
E 53 82 0.028501 0.005427 456.79 48.75
E 53 84 0.017001 0.002947 279.24 0.20
E 53 87 0.020896 0.004224 334.15 39.86
E 53 88 0.019838 0.004138 342.53 96.51
E 53 89 0.020337 0.004085 329.12 10.61
E 53 90 0.005458 0.000288 508.00 9.80
E 54 63 0.020639 0.004567 340.07 226.48
E 54 72 0.020838 0.004876 342.88 100.66
E 54 81 0.022655 0.005005 352.42 0.59
E 54 82 0.023356 0.006513 477.65 61.25
E 54 87 0.021011 0.004857 340.02 36.19
E 54 88 0.022114 0.004549 363.95 93.22
E 54 89 0.023005 0.005516 364.39 9.90
E 54 90 0.020692 0.005515 329.16 8.74
E 54 94 0.019831 0.004060 310.36 6.20
E 55 63 0.020720 0.003090 330.31 65.54
E 55 65 0.018243 0.003202 286.61 44.17
E 55 66 0.015809 0.002837 257.49 0.06
E 55 80 0.015958 0.002532 249.64 0.02
E 55 90 0.019982 0.003155 319.09 4.98
E 55 96 0.018318 0.003009 286.49 0.25
E 55 97 0.016884 0.003153 269.72 0.22
E 56 57 0.022453 0.004817 324.85 0.00
E 56 58 0.021709 0.005528 342.67 0.00
E 56 61 0.020825 0.004475 319.68 3.18
E 56 64 0.021206 0.004770 330.65 1.27
E 56 67 0.021724 0.005396 361.86 0.60
E 56 73 0.004513 0.001088 448.00 1.22
E 56 77 0.021231 0.005263 347.39 1.51
E 56 79 0.021756 0.005061 335.15 0.00
E 56 85 0.021160 0.005036 332.78 0.73
E 56 91 0.021494 0.004900 333.44 2.45
E 56 94 0.021279 0.005160 326.38 1.02
E 56 95 0.020815 0.004444 346.96 2.20
E 56 98 0.021710 0.005528 352.28 4.04
E 57 58 0.022233 0.003731 352.53 221.45
E 57 59 0.024883 0.003957 510.80 5.58
E 57 60 0.023985 0.004667 390.21 0.00
E 57 61 0.022366 0.004410 354.42 49.08
E 57 64 0.024798 0.006173 381.89 0.70
E 57 67 0.022701 0.004033 345.17 0.00
E 57 71 0.022847 0.004815 358.04 108.55
E 57 77 0.022625 0.003914 359.97 6.91
E 57 79 0.022707 0.004037 350.45 184.78
E 57 83 0.022554 0.004769 345.10 6.23
E 57 85 0.022719 0.004039 357.98 17.61
E 57 86 0.023387 0.004857 368.89 239.73
E 57 91 0.022284 0.003813 342.15 21.73
E 57 94 0.022417 0.004018 362.39 7.39
E 57 98 0.022234 0.003731 338.70 1.47
E 58 61 0.021326 0.004431 337.02 130.72
E 58 64 0.021208 0.000452 298.40 5.51
E 58 67 0.021677 0.004103 335.70 1.38
E 58 77 0.019701 0.001514 312.01 5.01
E 58 85 0.023921 0.003929 414.97 111.34
E 58 91 0.019196 0.002216 308.64 36.94
E 58 94 0.018504 0.002874 295.89 12.40
E 58 98 0.016316 0.001005 257.07 2.11
E 59 60 0.022500 0.003159 372.42 16.93
E 59 61 0.024006 0.003816 375.64 0.30
E 59 62 0.019022 0.002768 296.40 0.18
E 59 64 0.020973 0.003793 355.35 5.45
E 59 77 0.006162 0.000192 596.00 10.80
E 59 79 0.024072 0.004636 339.67 6.45
E 59 83 0.020214 0.003392 303.60 1.21
E 59 92 0.015010 0.001716 229.31 1.28
E 59 93 0.015557 0.002370 244.28 10.79
E 59 99 0.015361 0.002835 237.71 0.92
E 60 61 0.022654 0.003854 372.93 4.89
E 60 62 0.022483 0.004555 330.67 3.92
E 60 64 0.023098 0.006755 412.05 0.13
E 60 65 0.017767 0.002943 268.04 2.25
E 60 72 0.018943 0.003680 295.08 51.33
E 60 73 0.019075 0.003026 299.19 0.25
E 60 77 0.021439 0.002587 356.11 203.08
E 60 79 0.023166 0.004292 357.79 0.00
E 60 83 0.023431 0.003543 414.74 173.34
E 60 85 0.022354 0.003053 386.13 0.55
E 60 87 0.021150 0.005420 334.53 164.25
E 60 92 0.022484 0.003173 449.49 14.40
E 60 93 0.022258 0.002839 329.80 0.00
E 60 98 0.021745 0.002318 327.50 273.22
E 60 99 0.022257 0.004225 341.14 108.81
E 61 62 0.020535 0.003630 348.32 0.02
E 61 64 0.021206 0.004284 300.79 1.10
E 61 67 0.021724 0.004289 347.62 58.58
E 61 77 0.021013 0.003860 339.34 279.31
E 61 79 0.021755 0.003719 340.59 105.27
E 61 83 0.024006 0.004918 449.62 0.16
E 61 85 0.021033 0.003631 351.95 105.00
E 61 91 0.020956 0.004140 361.23 0.11
E 61 92 0.028500 0.000848 550.42 236.29
E 61 93 0.023244 0.004172 382.74 137.41
E 61 94 0.020543 0.003773 319.84 247.81
E 61 98 0.021313 0.004500 344.62 1.78
E 62 64 0.020696 0.003562 332.87 38.35
E 62 77 0.019506 0.002683 323.23 8.58
E 62 83 0.021453 0.002186 321.18 0.57
E 62 85 0.020853 0.003778 321.01 0.01
E 62 92 0.019567 0.003836 331.13 0.91
E 62 93 0.018118 0.002962 282.18 10.37
E 62 99 0.019567 0.003837 314.02 0.67
E 63 65 0.019933 0.003592 321.27 3.96
E 63 69 0.023526 0.004206 462.23 246.07
E 63 72 0.019979 0.003341 321.83 23.91
E 63 73 0.020061 0.003587 325.52 5.85
E 63 74 0.020597 0.004000 338.07 162.71
E 63 75 0.019585 0.003420 294.38 51.78
E 63 76 0.020147 0.003336 325.76 10.58
E 63 80 0.020608 0.006720 319.59 198.37
E 63 82 0.019967 0.003281 323.51 0.00
E 63 87 0.020901 0.004293 325.97 0.07
E 63 88 0.019928 0.003353 319.91 0.08
E 63 89 0.019978 0.003331 325.70 0.10
E 63 90 0.020194 0.003604 322.18 0.42
E 63 96 0.019901 0.002835 329.03 12.77
E 63 97 0.019456 0.001611 333.93 5.99
E 64 67 0.022310 0.004181 345.78 0.19
E 64 73 0.002033 0.000000 196.00 0.19
E 64 77 0.020857 0.004205 320.46 30.78
E 64 79 0.021609 0.004145 360.13 4.12
E 64 83 0.020944 0.004025 334.66 4.84
E 64 85 0.021078 0.004188 313.78 10.39
E 64 86 0.004066 0.000000 392.00 5.62
E 64 91 0.021142 0.004136 345.13 22.58
E 64 92 0.020827 0.003807 325.25 41.79
E 64 93 0.021077 0.004015 329.21 6.27
E 64 95 0.020932 0.003929 326.20 5.37
E 64 98 0.021546 0.001866 387.86 19.13
E 65 66 0.020569 0.003931 346.79 35.73
E 65 73 0.019939 0.003736 305.48 0.13
E 65 74 0.020859 0.004804 310.41 28.70
E 65 78 0.019960 0.006276 450.27 0.00
E 65 87 0.020621 0.004182 320.35 660.43
E 65 90 0.020018 0.003658 325.69 102.83
E 65 96 0.018390 0.003278 316.06 24.08
E 65 97 0.018383 0.003661 290.93 8.96
E 66 71 0.018367 0.003350 260.56 65.19
E 66 76 0.015153 0.003829 258.40 0.57
E 66 78 0.018527 0.004003 315.45 16.17
E 66 80 0.014683 0.003829 219.05 1.43
E 66 90 0.019257 0.000340 374.39 1.98
E 66 96 0.018277 0.003028 287.11 0.09
E 66 97 0.017585 0.003872 276.18 0.33
E 67 73 0.001649 0.000000 148.00 0.83
E 67 77 0.021721 0.004021 333.48 3.23
E 67 79 0.021836 0.003865 347.28 1.74
E 67 83 0.021101 0.003222 345.81 611.73
E 67 85 0.021882 0.004288 349.36 1.14
E 67 86 0.021249 0.004193 334.12 2.63
E 67 91 0.021720 0.003974 333.43 0.82
E 67 94 0.021801 0.004514 342.04 2.15
E 67 98 0.021678 0.004103 333.35 49.84
E 68 72 0.020016 0.003281 310.59 115.26
E 68 81 0.015660 0.001209 262.73 0.49
E 68 87 0.020059 0.001131 329.89 26.90
E 68 88 0.019588 0.004189 314.41 105.68
E 68 89 0.020551 0.003878 320.01 10.84
E 69 72 0.020061 0.004225 309.82 42.66
E 69 81 0.018158 0.004176 289.36 0.82
E 69 82 0.019308 0.003521 312.97 25.93
E 69 87 0.020788 0.002748 345.72 24.15
E 69 88 0.020114 0.004397 333.88 37.94
E 69 89 0.020446 0.004348 321.30 6.26
E 70 100 0.013501 0.001776 204.54 38.46
E 71 78 0.018626 0.003926 285.02 0.16
E 71 83 0.017802 0.002480 299.60 0.53
E 71 86 0.018554 0.003536 300.36 81.26
E 71 97 0.018608 0.003053 386.76 3.55
E 72 73 0.020058 0.003157 315.49 3.79
E 72 74 0.020564 0.004118 329.73 93.77
E 72 81 0.020042 0.003172 321.93 6.27
E 72 82 0.022406 0.005062 399.79 0.16
E 72 84 0.020016 0.003281 300.85 115.05
E 72 87 0.020850 0.004414 323.92 12.47
E 72 88 0.020127 0.004523 326.16 6.06
E 72 89 0.020285 0.003868 344.81 2.43
E 72 90 0.019754 0.003225 331.94 1.86
E 73 74 0.020294 0.003890 336.65 5.78
E 73 78 0.012948 0.003584 1212.00 3.74
E 73 82 0.020060 0.003304 315.78 2.96
E 73 85 0.016402 0.003200 1644.00 23.80
E 73 86 0.001617 0.000000 144.00 0.17
E 73 87 0.020957 0.004712 328.01 643.75
E 73 88 0.020053 0.004647 322.51 0.01
E 73 89 0.020147 0.003867 350.06 0.12
E 73 90 0.020111 0.003658 319.10 3.75
E 73 94 0.022000 0.005653 471.58 3.95
E 74 82 0.020574 0.004150 310.81 50.93
E 74 87 0.020892 0.004305 336.49 22.79
E 74 88 0.020618 0.004427 329.76 81.65
E 74 89 0.020617 0.004208 329.15 8.91
E 74 90 0.020585 0.004089 313.30 4.47
E 74 96 0.020481 0.004786 322.57 0.10
E 75 80 0.018204 0.003286 303.06 0.02
E 75 82 0.018337 0.003350 280.22 24.44
E 75 88 0.027144 0.000169 423.67 32.15
E 75 89 0.024685 0.004579 310.34 6.23
E 75 90 0.019700 0.003419 307.00 4.34
E 75 96 0.018093 0.003377 291.66 0.10
E 76 80 0.015556 0.002665 244.50 0.06
E 76 96 0.018385 0.003118 296.93 0.61
E 77 79 0.021735 0.003614 336.56 7.45
E 77 83 0.019489 0.002679 321.33 1.79
E 77 85 0.021038 0.003305 328.41 1.52
E 77 91 0.019751 0.002403 317.45 0.04
E 77 94 0.019471 0.003269 302.74 0.04
E 77 98 0.019701 0.001514 303.06 0.06
E 78 85 0.022056 0.002417 438.44 0.93
E 78 86 0.018611 0.003700 307.19 59.56
E 78 90 0.018834 0.000169 641.00 14.31
E 78 97 0.017524 0.003633 275.88 1.45
E 79 83 0.021483 0.003455 334.72 6.08
E 79 85 0.021542 0.003544 346.95 16.60
E 79 91 0.021877 0.003573 341.88 20.37
E 79 92 0.006706 0.000736 664.00 14.32
E 79 98 0.021467 0.003588 316.20 2.77
E 80 96 0.018385 0.003118 276.92 0.84
E 81 84 0.017047 0.003171 259.60 0.49
E 81 87 0.019976 0.000636 322.20 3.77
E 81 88 0.019003 0.001357 345.73 3.47
E 81 89 0.021756 0.003940 396.38 2.18
E 82 87 0.020810 0.003989 329.71 486.07
E 82 88 0.020037 0.004143 317.63 62.38
E 82 89 0.020618 0.003903 320.86 46.27
E 82 90 0.019891 0.003263 318.54 35.84
E 83 85 0.020716 0.003134 323.93 31.14
E 83 86 0.019017 0.002479 303.31 18.86
E 83 92 0.020214 0.003392 296.68 1.14
E 83 93 0.019730 0.003301 293.07 21.71
E 83 99 0.020029 0.003175 304.10 0.00
E 84 87 0.020059 0.003138 346.04 26.83
E 84 88 0.019774 0.004541 320.88 105.56
E 84 89 0.020551 0.003878 310.84 10.84
E 85 86 0.023988 0.003595 333.16 105.26
E 85 91 0.021181 0.003368 341.29 0.43
E 85 93 0.020636 0.003328 338.63 139.52
E 85 94 0.025132 0.004846 384.48 1.14
E 85 98 0.024684 0.004240 452.53 4.78
E 87 88 0.020896 0.004266 320.23 0.11
E 87 89 0.020895 0.004266 328.18 0.05
E 87 90 0.020958 0.004679 326.09 0.49
E 88 89 0.020402 0.004282 329.99 0.04
E 88 90 0.026975 0.000170 322.65 0.10
E 89 90 0.019873 0.003135 306.42 0.11
E 90 96 0.020059 0.003308 304.88 4.08
E 90 97 0.019059 0.001187 412.91 0.55
E 91 94 0.019107 0.003159 312.74 0.03
E 91 98 0.019197 0.002216 317.23 0.18
E 92 93 0.015621 0.002393 264.15 58.18
E 92 99 0.015398 0.002887 241.00 0.68
E 93 99 0.015578 0.002882 250.94 0.86
E 94 98 0.018486 0.002887 299.34 0.15
E 96 97 0.018243 0.003559 313.19 0.04
END

SECTION Terminals
Root 94
Terminals 33
T 65
T 71
T 16
T 41
T 25
T 43
T 30
T 86
T 12
T 64
T 89
T 84
T 98
T 74
T 78
T 75
T 29
T 49
T 77
T 19
T 54
T 88
T 97
T 36
T 100
T 66
T 95
T 17
T 2
T 7
T 79
T 33
T 5
END

EOF