SECTION Comment
CREATOR "Carlos Araujo"
REMARK "Instance for QoS Multicast Routing Problem"
QoS METRICS "delay, jitter, bandwidth and estimate of link duration"
END

SECTION Graph
Nodes 60
Edges 907

E 1 3 0.028794 0.002568 428.81 0.12
E 1 4 0.028803 0.004301 430.47 0.07
E 1 5 0.033588 0.005563 509.96 1.16
E 1 6 0.033768 0.005558 505.78 0.29
E 1 7 0.027436 0.003576 419.79 0.35
E 1 8 0.035281 0.004613 499.97 37.80
E 1 9 0.028961 0.003260 420.15 0.23
E 1 11 0.028704 0.004749 449.39 18.14
E 1 12 0.037468 0.006212 477.19 0.23
E 1 13 0.032101 0.004327 434.92 5.00
E 1 16 0.035405 0.006784 448.38 7.18
E 1 17 0.033485 0.003661 489.10 0.17
E 1 18 0.030704 0.003053 445.92 0.22
E 1 19 0.026794 0.003360 406.21 0.30
E 1 20 0.027081 0.003767 427.13 0.31
E 1 21 0.027081 0.003211 407.36 0.32
E 1 22 0.032499 0.003711 497.45 0.23
E 1 23 0.031974 0.002571 449.59 60.56
E 1 24 0.033449 0.005088 466.72 0.30
E 1 25 0.027081 0.003211 412.27 0.31
E 1 26 0.032502 0.003731 555.69 0.96
E 1 30 0.033588 0.005563 515.77 1.32
E 1 31 0.035171 0.007067 503.41 6.40
E 1 33 0.033056 0.004687 477.28 0.24
E 1 34 0.027081 0.003211 424.09 0.14
E 1 35 0.034473 0.005352 494.25 0.21
E 1 36 0.027387 0.002977 397.55 7.35
E 1 39 0.033961 0.005495 484.48 0.31
E 1 40 0.031570 0.003045 430.36 11.34
E 1 41 0.030809 0.003082 447.63 50.50
E 1 42 0.027177 0.003368 418.27 0.21
E 1 43 0.032035 0.004592 525.84 0.24
E 1 46 0.026995 0.003064 389.36 1.46
E 1 47 0.023073 0.004523 381.29 7.83
E 1 49 0.027070 0.003979 408.54 8.89
E 1 51 0.030652 0.003105 431.77 12.87
E 1 52 0.027072 0.003131 400.50 5.11
E 1 53 0.032037 0.004289 446.13 0.50
E 1 54 0.030994 0.003780 440.33 2.73
E 1 55 0.025297 0.002937 378.12 9.48
E 1 56 0.032037 0.004289 507.39 0.66
E 1 59 0.033016 0.006321 484.72 3.15
E 2 5 0.025939 0.002689 387.86 10.93
E 2 6 0.034377 0.005507 495.60 1527.20
E 2 10 0.028410 0.002549 399.23 170.33
E 2 11 0.032854 0.006633 493.23 2.12
E 2 12 0.031321 0.005857 435.28 479.26
E 2 13 0.033948 0.003198 379.95 0.97
E 2 14 0.022378 0.001634 377.67 1309.96
E 2 15 0.024248 0.005239 417.25 9.23
E 2 16 0.020423 0.002078 336.40 11.48
E 2 17 0.028131 0.002940 362.18 1714.17
E 2 23 0.032874 0.003789 489.03 21.81
E 2 27 0.023145 0.001646 357.66 0.02
E 2 29 0.031312 0.002592 457.05 10.75
E 2 30 0.022294 0.002578 347.77 147.41
E 2 31 0.022681 0.002012 357.09 0.21
E 2 32 0.028127 0.004410 413.87 1128.59
E 2 37 0.029356 0.003760 458.58 1309.66
E 2 40 0.032945 0.003230 466.26 0.35
E 2 41 0.035454 0.000255 581.26 0.72
E 2 44 0.025692 0.002586 402.67 21.34
E 2 48 0.023068 0.003304 336.65 0.05
E 2 50 0.022739 0.001604 352.84 723.08
E 2 52 0.027597 0.001413 387.90 0.98
E 2 57 0.023514 0.002341 409.12 2.93
E 2 58 0.023270 0.003867 356.10 3.57
E 2 60 0.023227 0.002423 368.24 119.79
E 3 4 0.030951 0.001117 465.58 0.15
E 3 5 0.030930 0.001738 460.66 1.40
E 3 6 0.031849 0.004664 406.34 0.10
E 3 7 0.029323 0.004360 439.22 0.31
E 3 8 0.035281 0.004613 503.83 77.25
E 3 9 0.030949 0.001826 452.42 0.10
E 3 11 0.027092 0.003312 415.23 110.61
E 3 12 0.037973 0.006324 551.16 0.08
E 3 13 0.033081 0.000000 481.96 6.53
E 3 16 0.033147 0.004884 444.99 10.24
E 3 17 0.033346 0.003528 437.07 0.09
E 3 18 0.030949 0.001114 411.46 0.10
E 3 19 0.025263 0.002271 378.62 0.10
E 3 20 0.023569 0.004070 349.76 0.10
E 3 21 0.024874 0.002287 376.90 0.10
E 3 22 0.030949 0.001272 438.96 0.10
E 3 24 0.030951 0.001260 419.65 0.10
E 3 25 0.025263 0.002239 370.91 0.10
E 3 26 0.032759 0.002614 473.30 1.74
E 3 30 0.030930 0.000942 445.25 2.19
E 3 31 0.031384 0.000735 483.14 8.76
E 3 33 0.031814 0.004687 452.73 0.10
E 3 34 0.025263 0.002833 415.12 0.06
E 3 35 0.030951 0.000984 443.27 0.06
E 3 36 0.027557 0.005258 411.97 34.64
E 3 39 0.030951 0.000771 459.33 0.10
E 3 40 0.037354 0.004138 596.57 11.86
E 3 41 0.033210 0.001770 457.15 0.20
E 3 42 0.025549 0.002073 366.62 0.10
E 3 43 0.031576 0.003538 464.07 0.10
E 3 46 0.027684 0.001696 421.16 2.40
E 3 47 0.017635 0.002552 305.12 15.51
E 3 49 0.027030 0.003880 402.65 17.33
E 3 51 0.032059 0.004834 450.48 11.89
E 3 52 0.026993 0.002239 380.69 12.60
E 3 53 0.030950 0.003081 449.85 1.22
E 3 54 0.030994 0.003780 428.78 1.74
E 3 55 0.020189 0.005112 338.38 3.10
E 3 56 0.030951 0.001018 415.20 0.60
E 3 59 0.033164 0.003195 500.66 0.80
E 4 5 0.030331 0.003415 440.28 0.54
E 4 6 0.033070 0.004184 444.95 0.01
E 4 7 0.034648 0.005173 449.87 0.38
E 4 8 0.031004 0.005011 452.50 259.06
E 4 9 0.028886 0.003245 434.48 0.03
E 4 10 0.028003 0.001340 397.83 0.05
E 4 11 0.028964 0.005382 383.76 230.85
E 4 12 0.037989 0.006604 527.94 0.02
E 4 13 0.032379 0.004325 467.68 7.37
E 4 17 0.030536 0.002163 421.84 0.02
E 4 18 0.027852 0.001639 402.10 0.03
E 4 22 0.027705 0.001313 410.01 0.03
E 4 23 0.030343 0.002162 441.62 468.58
E 4 24 0.027431 0.001420 397.02 0.03
E 4 26 0.029254 0.002087 416.15 1.03
E 4 29 0.031032 0.002433 456.77 3.90
E 4 30 0.027813 0.001214 434.08 2.89
E 4 31 0.002289 0.000000 228.00 25.38
E 4 33 0.028253 0.002285 421.10 0.03
E 4 35 0.027453 0.001440 410.07 0.06
E 4 36 0.027341 0.001427 419.94 112.17
E 4 38 0.027600 0.002725 383.86 19.52
E 4 39 0.027485 0.002676 399.41 0.03
E 4 40 0.030011 0.001374 463.31 45.66
E 4 41 0.030153 0.001232 429.78 1.18
E 4 42 0.027672 0.001675 433.43 0.01
E 4 43 0.030440 0.005773 432.45 0.03
E 4 46 0.027368 0.001394 422.19 2.03
E 4 49 0.027380 0.004029 401.34 69.35
E 4 51 0.030161 0.003434 453.20 476.40
E 4 52 0.027005 0.002282 458.84 25.21
E 4 53 0.027920 0.003305 398.23 5.10
E 4 54 0.027961 0.001898 420.26 4.58
E 4 56 0.027484 0.001954 408.54 0.22
E 4 59 0.033126 0.006234 439.64 1.10
E 5 6 0.032608 0.003568 480.08 1.22
E 5 7 0.035357 0.005524 475.50 0.38
E 5 8 0.028441 0.003453 443.98 5.07
E 5 9 0.030582 0.003561 453.46 1.62
E 5 10 0.028444 0.002461 425.83 0.66
E 5 12 0.032370 0.005395 473.50 1.16
E 5 13 0.037686 0.007083 532.25 3.22
E 5 14 0.027580 0.002515 430.43 0.89
E 5 15 0.009746 0.001632 1044.00 0.60
E 5 17 0.030369 0.002480 418.10 1.64
E 5 18 0.030540 0.003521 454.06 1.60
E 5 22 0.030540 0.003521 455.83 1.60
E 5 23 0.032754 0.003690 448.57 5.73
E 5 24 0.031690 0.003121 532.25 1.91
E 5 26 0.030210 0.002893 457.42 0.21
E 5 27 0.030280 0.003844 481.74 0.00
E 5 30 0.027461 0.002494 422.56 3.63
E 5 31 0.027278 0.002737 409.69 15.38
E 5 32 0.028145 0.005062 417.94 0.67
E 5 33 0.030123 0.003315 471.45 1.60
E 5 35 0.030282 0.001696 492.70 1.63
E 5 36 0.030102 0.001545 420.30 4.15
E 5 37 0.029338 0.003942 442.99 0.89
E 5 40 0.031577 0.002507 457.82 17.58
E 5 41 0.032885 0.003894 486.96 86.85
E 5 43 0.032331 0.006626 474.33 1.58
E 5 44 0.027355 0.002586 412.40 12.26
E 5 46 0.030282 0.001272 430.66 25.97
E 5 50 0.023011 0.000812 379.01 0.67
E 5 51 0.031136 0.003415 442.55 0.73
E 5 52 0.030366 0.001272 482.92 0.72
E 5 53 0.030540 0.003521 444.58 0.13
E 5 54 0.029665 0.003156 447.51 0.39
E 5 56 0.031923 0.004317 430.63 0.17
E 5 57 0.027219 0.002441 408.87 0.09
E 5 59 0.032293 0.003981 439.68 0.05
E 6 7 0.035341 0.005126 537.82 1.35
E 6 8 0.032608 0.003872 453.16 57.92
E 6 10 0.032716 0.003555 482.81 0.08
E 6 11 0.034222 0.005718 473.93 31.66
E 6 12 0.032765 0.005594 471.72 0.09
E 6 13 0.032766 0.004369 453.50 7.22
E 6 15 0.031573 0.004221 429.08 1.27
E 6 23 0.032916 0.003627 479.73 292.40
E 6 26 0.032658 0.003796 466.37 2.00
E 6 27 0.032448 0.004845 510.45 122.60
E 6 29 0.033068 0.003408 461.12 5.25
E 6 30 0.031224 0.002473 442.67 1.89
E 6 31 0.030970 0.003646 417.26 21.91
E 6 34 0.034279 0.004348 451.30 0.21
E 6 36 0.032123 0.005268 479.36 60.10
E 6 40 0.032916 0.003627 458.83 42.90
E 6 41 0.033014 0.004086 480.01 0.00
E 6 44 0.032688 0.003782 477.39 0.37
E 6 46 0.031696 0.004664 465.56 5.61
E 6 49 0.033639 0.005288 472.24 131.82
E 6 51 0.033070 0.004183 443.86 146.96
E 6 52 0.034201 0.004517 507.85 20.80
E 6 53 0.032331 0.004190 434.22 0.82
E 6 54 0.032870 0.004024 453.57 2.44
E 6 55 0.034297 0.006185 429.02 3.53
E 6 56 0.031911 0.003109 479.39 0.93
E 6 57 0.030973 0.002910 488.48 2.27
E 6 59 0.033295 0.006714 495.43 2.25
E 7 8 0.035355 0.005524 499.96 10.06
E 7 9 0.030825 0.004943 437.32 1.01
E 7 11 0.028595 0.004616 427.13 8.39
E 7 12 0.037738 0.006558 512.65 0.38
E 7 13 0.034986 0.005556 443.49 9.12
E 7 16 0.042125 0.008932 619.58 21.10
E 7 17 0.033486 0.003794 479.10 0.69
E 7 18 0.033568 0.004862 454.74 1.00
E 7 19 0.023972 0.003871 356.62 1.27
E 7 20 0.024273 0.003767 365.24 1.32
E 7 21 0.024379 0.003558 386.76 1.35
E 7 22 0.034647 0.005173 422.54 1.02
E 7 24 0.034648 0.005173 502.29 1.39
E 7 25 0.024273 0.003565 368.00 1.29
E 7 26 0.035356 0.005524 453.44 1.55
E 7 30 0.035357 0.005524 554.23 1.55
E 7 31 0.057842 0.000679 530.68 3.59
E 7 33 0.034647 0.005173 454.10 1.07
E 7 34 0.024450 0.003643 393.02 0.86
E 7 35 0.034649 0.005173 469.98 0.56
E 7 36 0.027930 0.003634 429.40 6.11
E 7 39 0.034648 0.005173 380.79 1.42
E 7 40 0.036359 0.003731 499.91 33.58
E 7 41 0.032362 0.003574 435.91 20.07
E 7 42 0.025097 0.003605 402.46 0.85
E 7 43 0.035356 0.005524 456.95 1.10
E 7 46 0.027929 0.003634 381.70 14.49
E 7 47 0.018302 0.002931 287.98 8.61
E 7 49 0.026953 0.003918 406.79 10.85
E 7 51 0.031706 0.004194 463.56 14.34
E 7 52 0.025577 0.003643 396.78 8.68
E 7 53 0.034647 0.005173 527.58 0.42
E 7 54 0.033568 0.004862 485.32 1.66
E 7 55 0.021860 0.003465 346.85 1.66
E 7 56 0.034648 0.005173 422.06 0.37
E 7 59 0.032690 0.003822 427.82 0.70
E 8 9 0.032975 0.005020 512.09 134.09
E 8 10 0.028480 0.003782 435.56 95.04
E 8 11 0.032590 0.005578 439.68 0.13
E 8 12 0.032417 0.005500 471.10 53.82
E 8 13 0.037965 0.006684 501.69 0.67
E 8 14 0.028425 0.003872 416.31 29.05
E 8 15 0.011459 0.001024 1200.00 13.46
E 8 16 0.037489 0.007801 465.33 22.91
E 8 17 0.030519 0.003863 429.90 107.08
E 8 18 0.031254 0.004941 459.19 133.48
E 8 19 0.037489 0.007802 495.55 37.01
E 8 20 0.037489 0.008735 480.81 35.36
E 8 21 0.037489 0.007802 546.94 34.68
E 8 22 0.031254 0.004941 457.30 134.34
E 8 23 0.032754 0.004112 439.01 24.56
E 8 24 0.033371 0.006057 532.92 156.57
E 8 25 0.034211 0.005879 438.81 36.80
E 8 26 0.029207 0.003933 423.54 1.36
E 8 27 0.034243 0.006009 502.03 0.22
E 8 29 0.031389 0.003688 476.66 9.17
E 8 30 0.028723 0.003744 408.51 2.07
E 8 31 0.028425 0.003872 422.59 1.15
E 8 33 0.030230 0.004291 437.03 136.87
E 8 34 0.038620 0.008367 510.21 35.78
E 8 35 0.035878 0.007293 423.20 267.78
E 8 36 0.034267 0.008684 425.02 0.69
E 8 37 0.029338 0.003942 444.93 29.10
E 8 39 0.042068 0.004919 725.66 157.78
E 8 40 0.031489 0.004091 472.69 7.36
E 8 41 0.032788 0.005766 453.60 4.05
E 8 42 0.038619 0.008367 463.14 151.45
E 8 43 0.030220 0.005495 440.14 137.27
E 8 44 0.028255 0.003757 427.66 67.44
E 8 46 0.034233 0.005834 493.58 0.18
E 8 49 0.038620 0.008367 394.54 0.08
E 8 51 0.030988 0.004723 425.59 0.44
E 8 52 0.034242 0.006009 516.78 0.11
E 8 53 0.031194 0.004871 478.09 2.17
E 8 54 0.028924 0.003885 449.38 0.10
E 8 56 0.032188 0.006382 486.62 12.25
E 8 57 0.027686 0.003468 408.48 0.34
E 8 59 0.033694 0.005705 457.17 0.40
E 9 10 0.027699 0.002363 435.54 0.09
E 9 11 0.030026 0.006373 465.18 214.29
E 9 12 0.037466 0.006212 481.84 0.11
E 9 13 0.031879 0.005267 452.37 7.87
E 9 23 0.029912 0.002219 423.99 342.03
E 9 26 0.029178 0.003416 451.19 2.18
E 9 29 0.030607 0.002100 442.75 1.19
E 9 30 0.028735 0.001915 452.34 2.11
E 9 31 0.028941 0.002629 432.87 30.26
E 9 34 0.028509 0.002312 381.17 0.22
E 9 35 0.027995 0.002559 423.57 0.22
E 9 36 0.028934 0.003272 421.37 100.56
E 9 38 0.028504 0.003392 392.27 8.58
E 9 40 0.030286 0.001587 440.84 54.91
E 9 41 0.030796 0.003357 432.01 2.30
E 9 44 0.028603 0.002578 462.59 0.43
E 9 46 0.028960 0.003325 456.51 2.10
E 9 49 0.028961 0.003885 437.06 101.30
E 9 51 0.030148 0.003449 443.65 187.16
E 9 52 0.028509 0.001470 443.35 23.04
E 9 53 0.028842 0.003245 434.18 1.26
E 9 54 0.028879 0.003300 440.08 2.31
E 9 56 0.028722 0.003225 412.66 0.80
E 9 59 0.032766 0.006007 462.70 1.97
E 10 11 0.029982 0.006015 416.55 7.36
E 10 12 0.032851 0.006169 450.18 0.07
E 10 13 0.032691 0.004189 452.07 7.64
E 10 14 0.028472 0.001744 411.47 0.08
E 10 15 0.030635 0.002917 417.57 2.27
E 10 17 0.029529 0.001550 438.30 0.09
E 10 18 0.028083 0.001168 436.59 0.09
E 10 22 0.028083 0.001168 415.63 0.09
E 10 23 0.032829 0.003739 445.44 94.56
E 10 26 0.029470 0.002187 419.74 0.94
E 10 27 0.030634 0.002737 454.91 54.02
E 10 29 0.031312 0.002849 442.03 8.43
E 10 30 0.028452 0.001639 408.54 1.08
E 10 31 0.028674 0.002871 432.07 11.60
E 10 32 0.028554 0.004711 437.17 0.08
E 10 33 0.028083 0.002156 426.08 0.09
E 10 37 0.029486 0.004134 425.87 0.08
E 10 40 0.032266 0.001938 460.31 32.51
E 10 41 0.030489 0.001886 440.56 16.50
E 10 43 0.030007 0.005601 440.09 0.09
E 10 44 0.028711 0.002538 412.03 0.57
E 10 48 0.030139 0.003449 401.24 93.90
E 10 50 0.030636 0.002736 423.64 0.05
E 10 51 0.029911 0.003739 460.55 8.65
E 10 52 0.031045 0.004070 452.42 7.22
E 10 53 0.027996 0.001171 436.46 0.59
E 10 54 0.028283 0.002079 436.07 2.18
E 10 56 0.027847 0.001296 436.07 0.92
E 10 57 0.028511 0.001614 432.22 1.77
E 10 59 0.033358 0.007615 490.05 2.15
E 11 12 0.031635 0.006910 426.69 33.85
E 11 13 0.032312 0.005138 461.27 0.54
E 11 16 0.028365 0.004853 411.03 122.74
E 11 17 0.030366 0.005062 433.04 181.83
E 11 19 0.028395 0.004214 421.27 112.92
E 11 20 0.028665 0.004529 439.95 110.96
E 11 21 0.028775 0.004450 440.67 110.46
E 11 23 0.032400 0.005120 454.50 0.57
E 11 25 0.028483 0.004325 408.08 112.77
E 11 26 0.029933 0.007086 521.73 0.60
E 11 27 0.031045 0.005359 786.66 1.19
E 11 29 0.031180 0.005104 422.26 22.67
E 11 30 0.014580 0.000192 1532.00 0.52
E 11 32 0.029888 0.006476 419.97 17.64
E 11 34 0.028647 0.004302 450.85 79.44
E 11 37 0.029499 0.005336 447.91 37.33
E 11 40 0.031415 0.005120 459.37 4.90
E 11 41 0.030160 0.005120 443.48 16.90
E 11 42 0.028788 0.004912 402.45 155.16
E 11 47 0.030253 0.004296 534.04 0.86
E 11 51 0.029514 0.005663 442.07 0.97
E 11 52 0.028646 0.004302 413.96 2.27
E 11 55 0.028719 0.004627 393.76 0.07
E 11 59 0.033139 0.007462 499.74 0.14
E 12 13 0.036314 0.005880 498.79 7.33
E 12 14 0.032753 0.005830 471.75 0.11
E 12 15 0.033297 0.006384 462.04 1.28
E 12 16 0.029689 0.002374 531.41 8.43
E 12 17 0.032717 0.006084 469.63 0.12
E 12 18 0.037986 0.006605 539.35 0.11
E 12 19 0.039609 0.005936 554.18 0.13
E 12 20 0.037377 0.003618 524.55 0.13
E 12 22 0.037986 0.006605 469.86 0.11
E 12 23 0.032940 0.005954 472.10 228.93
E 12 25 0.036302 0.007123 431.82 0.13
E 12 26 0.037787 0.005909 477.75 1.55
E 12 27 0.033355 0.006268 479.71 100.47
E 12 29 0.032091 0.005907 485.56 11.67
E 12 30 0.037787 0.005909 477.91 1.58
E 12 31 0.032606 0.005980 455.86 19.34
E 12 32 0.032810 0.006210 465.94 0.13
E 12 33 0.037986 0.006605 520.20 0.11
E 12 34 0.039610 0.005936 574.11 0.19
E 12 36 0.037715 0.006407 520.93 54.88
E 12 37 0.032698 0.006100 471.71 0.11
E 12 40 0.032878 0.005830 462.28 40.09
E 12 41 0.037542 0.006238 541.14 0.14
E 12 42 0.037377 0.003618 650.04 0.13
E 12 43 0.038222 0.007254 513.87 0.11
E 12 44 0.032512 0.005600 482.52 0.39
E 12 48 0.031298 0.005565 481.75 234.75
E 12 50 0.031323 0.005857 474.88 0.09
E 12 51 0.038222 0.006238 472.99 75.12
E 12 52 0.032795 0.006360 471.26 29.49
E 12 53 0.037467 0.006212 536.93 0.59
E 12 54 0.038221 0.006238 497.16 2.83
E 12 56 0.037469 0.006212 451.86 1.22
E 12 57 0.032275 0.005893 452.50 2.73
E 12 58 0.029594 0.005287 405.32 4.80
E 12 59 0.037986 0.006605 449.62 3.19
E 12 60 0.029595 0.005287 444.57 2.53
E 13 14 0.036347 0.003876 494.59 6.77
E 13 15 0.034092 0.002798 447.39 1.43
E 13 16 0.039184 0.007055 459.66 1.90
E 13 17 0.032529 0.004723 452.09 7.74
E 13 18 0.032381 0.004325 483.02 7.84
E 13 19 0.038236 0.005020 557.25 7.58
E 13 20 0.031327 0.004127 451.40 7.61
E 13 21 0.031552 0.004104 490.57 7.60
E 13 22 0.032264 0.004216 424.03 7.84
E 13 23 0.032774 0.004284 457.37 0.57
E 13 25 0.032412 0.004512 467.04 7.57
E 13 26 0.032622 0.004228 445.46 3.02
E 13 27 0.035185 0.002249 456.05 0.96
E 13 29 0.032603 0.004588 470.38 1.36
E 13 30 0.036437 0.003799 478.91 4.98
E 13 31 0.034646 0.002204 427.21 4.63
E 13 32 0.035282 0.004749 469.24 6.70
E 13 33 0.032381 0.004325 427.35 7.85
E 13 34 0.032102 0.004327 441.40 7.12
E 13 36 0.031497 0.005332 460.94 0.86
E 13 37 0.037865 0.005247 519.10 6.77
E 13 39 0.005794 0.000128 608.00 8.45
E 13 40 0.032840 0.004284 497.39 0.37
E 13 41 0.032514 0.005041 461.77 2.13
E 13 42 0.032100 0.004327 475.93 7.99
E 13 43 0.032381 0.006053 458.10 7.80
E 13 44 0.035875 0.003943 515.78 6.95
E 13 46 0.031497 0.005332 466.24 19.63
E 13 48 0.034093 0.002714 468.32 0.34
E 13 49 0.031115 0.005289 486.74 8.48
E 13 50 0.033948 0.003198 476.12 6.85
E 13 51 0.032468 0.005508 475.62 1.04
E 13 52 0.032373 0.004615 439.14 0.52
E 13 53 0.032264 0.004216 452.49 1.63
E 13 54 0.032380 0.004325 475.37 0.30
E 13 56 0.032241 0.004310 481.93 2.78
E 13 57 0.034708 0.003121 502.04 0.73
E 13 58 0.033485 0.003257 540.93 1.55
E 13 59 0.032827 0.006601 484.94 0.78
E 13 60 0.033486 0.006057 438.61 3.33
E 14 15 0.026006 0.003751 388.93 1.77
E 14 16 0.029891 0.006784 473.41 3.27
E 14 23 0.035590 0.005658 514.55 79.81
E 14 26 0.031976 0.003053 461.23 2.13
E 14 27 0.027845 0.002856 397.10 91.07
E 14 29 0.032120 0.002295 469.27 6.11
E 14 30 0.021324 0.001039 357.53 2.06
E 14 31 0.020826 0.003398 310.87 15.25
E 14 40 0.036006 0.004306 485.85 30.67
E 14 41 0.034846 0.003083 459.46 0.11
E 14 44 0.025958 0.003454 392.21 0.35
E 14 48 0.028391 0.003901 440.66 207.30
E 14 50 0.025101 0.001948 365.35 1244.30
E 14 51 0.008562 0.000992 896.00 68.07
E 14 52 0.028162 0.003392 474.16 9.21
E 14 54 0.032198 0.004952 417.42 2.14
E 14 57 0.020305 0.001013 317.86 2.27
E 14 58 0.028162 0.004070 421.80 3.53
E 14 60 0.026568 0.003200 2740.00 1.45
E 15 16 0.021633 0.005209 344.66 9.45
E 15 23 0.037487 0.005790 504.66 2.95
E 15 26 0.033793 0.003087 517.03 362.33
E 15 27 0.022314 0.004979 339.93 1.91
E 15 29 0.032328 0.003350 464.38 4.43
E 15 30 0.030910 0.001357 443.90 2.66
E 15 31 0.024439 0.003307 432.32 0.99
E 15 32 0.028208 0.004789 408.97 3.91
E 15 37 0.029632 0.005396 452.98 4.41
E 15 40 0.037952 0.006605 557.19 0.53
E 15 41 0.035115 0.001357 545.31 271.26
E 15 44 0.027546 0.003443 413.85 0.75
E 15 48 0.022540 0.004762 353.15 1.84
E 15 50 0.022953 0.005225 366.29 3.97
E 15 52 0.025812 0.005766 484.51 0.38
E 15 57 0.024685 0.002148 327.81 0.16
E 15 58 0.022376 0.004980 360.33 0.50
E 15 60 0.022377 0.004980 361.14 0.22
E 16 17 0.036048 0.004884 532.57 3.27
E 16 19 0.026190 0.004262 407.28 4.83
E 16 20 0.028139 0.004504 374.56 4.88
E 16 21 0.028626 0.004689 364.56 4.86
E 16 23 0.039319 0.006547 518.81 5.46
E 16 25 0.025289 0.003796 369.38 4.79
E 16 26 0.034691 0.006105 476.72 8.69
E 16 27 0.019523 0.001979 295.52 13.82
E 16 29 0.032304 0.004784 482.09 0.53
E 16 30 0.035115 0.005088 439.13 3.99
E 16 32 0.028307 0.002773 383.33 3.28
E 16 34 0.027463 0.004511 411.67 2.85
E 16 37 0.030845 0.005342 484.09 3.27
E 16 40 0.041850 0.010709 528.06 10.38
E 16 42 0.032593 0.004410 486.56 7.50
E 16 47 0.035115 0.005088 495.93 7.45
E 16 48 0.019602 0.003493 301.54 2.31
E 16 50 0.019982 0.001849 321.74 0.98
E 16 52 0.027311 0.003948 387.51 8.03
E 16 55 0.029369 0.004862 387.54 2.81
E 16 58 0.019633 0.003720 320.92 3.25
E 16 59 0.032014 0.002544 555.87 4.89
E 16 60 0.019633 0.002052 328.75 1.34
E 17 23 0.031049 0.002780 431.03 303.81
E 17 26 0.030538 0.002210 448.19 2.14
E 17 29 0.030966 0.002544 462.35 2.93
E 17 30 0.030284 0.002096 424.40 2.08
E 17 31 0.029759 0.002777 415.27 31.67
E 17 34 0.034098 0.002862 452.59 0.20
E 17 35 0.033475 0.003185 450.20 0.23
E 17 36 0.033682 0.003230 458.34 72.17
E 17 38 0.008754 0.000032 920.00 8.69
E 17 40 0.031341 0.001915 453.12 52.63
E 17 41 0.030835 0.001825 449.09 0.06
E 17 44 0.029541 0.002154 435.39 0.43
E 17 46 0.033682 0.003230 462.66 2.78
E 17 49 0.033682 0.005201 431.17 48.88
E 17 51 0.030722 0.003347 440.95 147.10
E 17 52 0.033033 0.002637 437.06 20.12
E 17 53 0.030491 0.002185 437.65 0.99
E 17 54 0.030490 0.002185 442.70 2.22
E 17 56 0.030498 0.002185 449.86 0.86
E 17 57 0.028480 0.001632 427.57 2.71
E 17 59 0.033088 0.005707 459.34 1.62
E 18 23 0.030663 0.002580 471.23 339.73
E 18 26 0.029190 0.001935 416.21 2.17
E 18 29 0.031033 0.002433 459.79 1.19
E 18 30 0.026672 0.001094 400.84 2.10
E 18 31 0.028160 0.002629 429.25 29.94
E 18 35 0.026795 0.001063 427.67 0.22
E 18 36 0.026781 0.001312 411.72 98.91
E 18 38 0.026327 0.002646 406.23 8.55
E 18 40 0.030598 0.001170 452.00 54.40
E 18 41 0.030697 0.001129 438.98 1.33
E 18 44 0.029195 0.004410 446.44 0.43
E 18 46 0.026757 0.001371 378.24 2.10
E 18 49 0.026758 0.003885 394.46 102.56
E 18 51 0.030188 0.003457 448.05 190.84
E 18 52 0.007698 0.000160 788.00 22.91
E 18 53 0.028375 0.003736 424.87 1.24
E 18 54 0.027747 0.001839 406.26 2.33
E 18 56 0.026917 0.001451 402.20 0.80
E 18 59 0.033450 0.006742 482.86 1.97
E 19 23 0.037545 0.006247 550.48 231.05
E 19 26 0.035454 0.002148 511.72 2.29
E 19 27 0.031046 0.005359 449.73 147.42
E 19 29 0.032258 0.003222 500.64 3.28
E 19 30 0.014580 0.000192 1532.00 2.27
E 19 34 0.023855 0.003766 392.06 0.15
E 19 40 0.036289 0.006132 529.91 53.85
E 19 41 0.032449 0.002374 486.09 0.00
E 19 47 0.020595 0.003053 338.60 42.50
E 19 52 0.026373 0.002758 383.63 18.31
E 19 55 0.021772 0.002859 337.16 2.63
E 19 59 0.033008 0.004967 548.68 1.13
E 20 23 0.039901 0.007274 532.97 232.22
E 20 26 0.035455 0.002148 530.08 2.30
E 20 29 0.032017 0.004348 491.97 3.31
E 20 30 0.014580 0.000192 1532.00 2.28
E 20 34 0.023866 0.003499 382.87 0.15
E 20 40 0.040161 0.009582 475.79 54.36
E 20 41 0.030188 0.004296 468.29 0.00
E 20 47 0.022013 0.003306 360.50 42.25
E 20 52 0.026386 0.003477 421.78 18.53
E 20 55 0.022297 0.003408 358.46 2.61
E 20 59 0.032470 0.005385 424.29 1.13
E 21 23 0.032462 0.003382 459.17 230.91
E 21 26 0.035455 0.002148 483.78 2.31
E 21 29 0.031128 0.002820 484.43 3.25
E 21 30 0.014580 0.000192 1532.00 2.28
E 21 34 0.023829 0.001717 375.37 0.15
E 21 40 0.031530 0.002313 450.28 54.31
E 21 41 0.030080 0.001553 476.23 0.00
E 21 47 0.021886 0.000870 349.42 42.40
E 21 52 0.026375 0.002194 397.46 18.55
E 21 55 0.021849 0.002534 351.59 2.60
E 21 59 0.033068 0.007614 477.06 1.14
E 22 23 0.030535 0.002449 429.34 340.55
E 22 26 0.029190 0.001935 423.36 2.17
E 22 29 0.031007 0.002613 444.54 1.19
E 22 30 0.026699 0.001126 400.05 2.10
E 22 31 0.030026 0.002629 402.54 29.90
E 22 35 0.026818 0.001107 411.41 0.22
E 22 36 0.026799 0.001387 410.02 107.51
E 22 38 0.026457 0.002646 396.78 8.55
E 22 40 0.030598 0.001051 439.80 54.43
E 22 41 0.030714 0.001156 451.98 1.36
E 22 44 0.029195 0.004410 428.18 0.43
E 22 46 0.026772 0.001418 395.05 2.10
E 22 49 0.026610 0.003885 395.11 102.80
E 22 51 0.030203 0.003507 436.90 191.06
E 22 53 0.028337 0.003636 419.38 1.24
E 22 54 0.027764 0.001868 421.25 2.33
E 22 56 0.026864 0.001451 389.83 0.80
E 22 59 0.033450 0.006742 517.78 1.98
E 23 25 0.032473 0.003490 455.28 229.38
E 23 26 0.032548 0.004178 470.88 0.73
E 23 27 0.038425 0.008323 479.13 214.67
E 23 29 0.032914 0.003424 482.11 5.67
E 23 30 0.037332 0.006288 545.98 1.66
E 23 31 0.039673 0.006708 498.26 4.55
E 23 32 0.032938 0.004711 460.57 68.77
E 23 33 0.030663 0.002580 450.23 343.09
E 23 34 0.032472 0.003490 460.98 397.99
E 23 37 0.032998 0.004162 451.02 80.32
E 23 40 0.032531 0.003684 476.97 29.34
E 23 41 0.032492 0.004113 456.40 3.43
E 23 42 0.030167 0.002035 429.71 289.33
E 23 43 0.030654 0.006053 466.54 340.33
E 23 44 0.032830 0.003739 441.52 28.75
E 23 48 0.039400 0.006506 490.57 1.95
E 23 50 0.038732 0.006642 491.50 57.77
E 23 51 0.030635 0.003705 479.06 5.64
E 23 52 0.032471 0.003490 461.29 4.02
E 23 53 0.030663 0.002580 420.68 6.08
E 23 54 0.030653 0.002504 426.28 1.20
E 23 55 0.033756 0.002035 465.79 0.49
E 23 56 0.030156 0.002105 449.13 6.79
E 23 58 0.040729 0.006747 535.01 1.47
E 23 59 0.033545 0.007731 459.18 1.30
E 23 60 0.040729 0.006747 495.02 1.66
E 24 26 0.028469 0.001817 414.91 2.36
E 24 30 0.027908 0.002714 425.49 2.31
E 24 35 0.019634 0.000576 316.15 0.19
E 24 36 0.022135 0.001240 339.48 130.77
E 24 38 0.019570 0.002035 311.28 9.91
E 24 46 0.022399 0.001298 361.11 2.14
E 24 49 0.023942 0.003515 387.11 85.10
E 24 51 0.030026 0.003465 438.29 121.96
E 24 53 0.027678 0.002856 387.98 1.15
E 24 54 0.027802 0.001983 400.84 2.14
E 24 56 0.024855 0.001782 373.54 0.74
E 24 59 0.033000 0.006380 467.39 2.24
E 25 26 0.035454 0.003731 404.40 2.29
E 25 27 0.031724 0.005359 430.41 146.80
E 25 29 0.031205 0.002808 440.19 3.21
E 25 30 0.031724 0.000407 564.53 2.26
E 25 34 0.023849 0.001771 388.88 0.15
E 25 40 0.031418 0.002115 460.05 53.66
E 25 41 0.030193 0.001299 466.73 0.00
E 25 47 0.026748 0.002487 427.99 42.72
E 25 52 0.026372 0.002138 376.98 18.27
E 25 55 0.022221 0.002483 345.01 2.63
E 25 59 0.033007 0.004967 589.50 1.13
E 26 27 0.034495 0.003844 432.73 14.82
E 26 29 0.031146 0.002693 449.81 3.44
E 26 30 0.029461 0.002187 427.94 0.25
E 26 31 0.032325 0.002876 487.39 8.08
E 26 32 0.034692 0.003392 703.49 2.33
E 26 33 0.029164 0.002119 409.13 2.17
E 26 34 0.035455 0.002148 532.53 2.26
E 26 35 0.028491 0.001850 439.84 2.25
E 26 36 0.029307 0.002006 423.41 1.17
E 26 37 0.032442 0.004991 463.11 2.13
E 26 38 0.027819 0.002016 421.76 33.05
E 26 39 0.028491 0.001850 418.48 2.37
E 26 40 0.031657 0.002208 438.62 4.91
E 26 41 0.030685 0.002019 437.60 13.02
E 26 42 0.029022 0.002098 450.05 2.32
E 26 43 0.030707 0.006654 458.64 2.16
E 26 44 0.029578 0.002787 435.81 2.79
E 26 46 0.028871 0.002153 449.87 7.26
E 26 49 0.028907 0.004163 444.49 3.28
E 26 51 0.029944 0.003386 443.87 1.04
E 26 52 0.034736 0.003015 505.00 1.39
E 26 53 0.029190 0.002544 446.88 2.45
E 26 54 0.029163 0.001918 436.31 2.98
E 26 56 0.029202 0.001981 420.17 1.02
E 26 57 0.033103 0.002623 446.53 1.26
E 26 59 0.033256 0.006928 500.94 2.42
E 27 29 0.032431 0.003176 420.48 7.91
E 27 30 0.029898 0.003844 523.27 0.41
E 27 31 0.026768 0.002849 446.46 0.10
E 27 32 0.027956 0.004213 413.29 64.05
E 27 37 0.029549 0.003874 423.83 90.98
E 27 40 0.040147 0.007157 529.85 0.13
E 27 41 0.037282 0.002713 508.19 1.16
E 27 44 0.027453 0.003449 441.60 9.35
E 27 48 0.020045 0.003258 331.40 0.15
E 27 50 0.020607 0.001564 310.19 56.30
E 27 51 0.032402 0.003505 598.36 2.12
E 27 52 0.026579 0.005393 462.32 0.38
E 27 54 0.036133 0.005359 427.99 0.57
E 27 57 0.028462 0.002844 361.23 2.68
E 27 58 0.019933 0.003569 303.60 2.08
E 27 60 0.019978 0.001971 294.90 15.00
E 29 30 0.033148 0.004546 530.02 1.23
E 29 31 0.034436 0.003308 484.07 6.63
E 29 32 0.031317 0.004459 450.35 7.35
E 29 33 0.031032 0.002433 440.56 1.19
E 29 34 0.031189 0.002791 466.30 1.04
E 29 37 0.031274 0.003847 445.20 6.04
E 29 40 0.031506 0.002478 449.10 4.82
E 29 41 0.031218 0.002326 465.78 18.63
E 29 42 0.030706 0.002497 443.28 8.60
E 29 43 0.031032 0.004628 449.03 1.19
E 29 44 0.031380 0.002624 440.88 1.24
E 29 48 0.032739 0.003176 505.72 6.47
E 29 50 0.031314 0.002592 417.06 2.63
E 29 51 0.031031 0.003536 425.53 0.81
E 29 52 0.031194 0.002770 420.04 9.57
E 29 53 0.031033 0.002433 412.95 1.05
E 29 54 0.031032 0.002433 420.44 4.44
E 29 55 0.031043 0.002544 412.25 6.98
E 29 58 0.032365 0.003178 521.07 2.24
E 29 59 0.032908 0.008372 457.83 4.20
E 29 60 0.032365 0.003372 415.32 1.43
E 30 31 0.021403 0.004041 322.92 6.88
E 30 32 0.014580 0.000192 1532.00 0.98
E 30 33 0.027645 0.002196 432.60 0.97
E 30 34 0.002257 0.000000 224.00 0.98
E 30 35 0.013268 0.000256 1368.00 1.00
E 30 36 0.029518 0.000678 480.86 1.15
E 30 37 0.031083 0.004609 465.57 0.99
E 30 39 0.013268 0.000256 1368.00 1.05
E 30 40 0.036470 0.006275 506.02 97.64
E 30 41 0.034415 0.001903 481.54 13.67
E 30 42 0.031724 0.001018 502.43 0.99
E 30 43 0.030348 0.005460 446.29 0.98
E 30 44 0.025503 0.002687 381.90 0.16
E 30 46 0.030910 0.000617 397.15 9.39
E 30 49 0.014580 0.000192 1532.00 5.86
E 30 51 0.031090 0.003319 485.51 0.51
E 30 52 0.030907 0.001272 530.91 5.22
E 30 53 0.027294 0.002312 403.58 3.57
E 30 54 0.027849 0.002041 430.29 19.08
E 30 56 0.026499 0.001492 403.34 0.74
E 30 57 0.021157 0.000533 330.89 4.00
E 30 59 0.033260 0.004097 478.67 8.19
E 31 32 0.029154 0.003683 432.99 10.46
E 31 33 0.029800 0.002826 396.51 29.82
E 31 37 0.029552 0.004032 459.94 15.23
E 31 40 0.039295 0.007971 525.45 0.08
E 31 41 0.036435 0.002544 472.75 3.24
E 31 43 0.030535 0.002629 454.36 29.23
E 31 44 0.025658 0.002616 410.70 3.02
E 31 50 0.024260 0.001760 348.90 10.45
E 31 51 0.030250 0.002940 439.31 0.86
E 31 52 0.030366 0.000679 488.33 1.11
E 31 53 0.028671 0.001102 377.86 39.73
E 31 54 0.031721 0.004918 519.15 1.24
E 31 57 0.020951 0.004180 323.27 4.27
E 31 59 0.033079 0.003350 468.37 4.64
E 32 40 0.032388 0.004726 459.70 20.82
E 32 41 0.035454 0.004579 475.66 1.24
E 32 44 0.028207 0.004897 416.94 0.13
E 32 48 0.027956 0.004213 399.87 142.31
E 32 50 0.027994 0.004223 410.37 3220.28
E 32 52 0.027456 0.004410 425.07 6.54
E 32 57 0.005778 0.000608 548.00 1.52
E 32 58 0.027674 0.004034 423.50 3.23
E 32 60 0.027577 0.003927 429.07 1.34
E 33 35 0.027900 0.002338 403.73 0.22
E 33 36 0.027954 0.002291 408.35 108.51
E 33 38 0.026643 0.002737 394.34 8.54
E 33 40 0.030451 0.002427 458.85 54.56
E 33 41 0.030697 0.002452 435.07 1.56
E 33 44 0.032741 0.005173 438.88 0.43
E 33 46 0.027878 0.002412 424.47 2.10
E 33 49 0.027935 0.003885 412.92 103.50
E 33 51 0.030203 0.003507 425.06 190.52
E 33 53 0.028149 0.003811 429.00 1.24
E 33 54 0.028070 0.002173 413.09 2.33
E 33 56 0.028135 0.002178 403.88 0.81
E 33 59 0.033450 0.006742 456.52 2.01
E 34 40 0.030596 0.002176 445.20 57.10
E 34 41 0.030161 0.002198 419.52 0.01
E 34 42 0.025080 0.001882 382.35 0.18
E 34 47 0.024395 0.000882 425.63 45.27
E 34 52 0.026355 0.002106 398.31 14.12
E 34 55 0.023894 0.002586 369.79 2.31
E 34 59 0.033260 0.007918 470.16 1.03
E 35 36 0.022116 0.001201 370.46 177.11
E 35 38 0.018717 0.001917 302.90 8.84
E 35 39 0.020950 0.003108 309.90 0.19
E 35 43 0.030019 0.005551 438.28 0.22
E 35 46 0.022397 0.001281 341.50 2.05
E 35 49 0.023899 0.003696 368.67 105.05
E 35 51 0.030054 0.003521 444.54 54.39
E 35 53 0.027462 0.002447 415.92 1.01
E 35 54 0.027825 0.002053 403.74 1.94
E 35 56 0.024816 0.001815 375.42 0.66
E 35 59 0.033080 0.006648 519.87 1.81
E 36 38 0.022136 0.001903 359.03 0.20
E 36 39 0.022115 0.002596 361.08 132.66
E 36 41 0.030519 0.001635 444.46 7.19
E 36 42 0.025051 0.001025 396.08 31.60
E 36 43 0.030365 0.005308 440.62 111.75
E 36 46 0.022308 0.001246 334.28 0.71
E 36 49 0.023962 0.003478 385.22 0.27
E 36 51 0.030156 0.003436 467.46 0.41
E 36 53 0.027077 0.001826 380.13 2.13
E 36 54 0.027824 0.002067 418.82 0.35
E 36 56 0.024604 0.001549 372.70 4.09
E 36 59 0.032665 0.005875 471.67 0.83
E 37 40 0.032925 0.004214 471.09 30.68
E 37 41 0.034846 0.002911 475.49 0.11
E 37 44 0.029492 0.003916 418.03 0.35
E 37 48 0.029288 0.003791 438.79 97.71
E 37 50 0.029357 0.003760 419.84 1242.92
E 37 51 0.008562 0.000992 896.00 67.92
E 37 52 0.029387 0.003987 447.56 9.23
E 37 54 0.032198 0.004952 402.78 2.14
E 37 57 0.029401 0.004005 417.19 2.27
E 37 58 0.029302 0.003765 444.05 3.52
E 37 60 0.029322 0.003842 414.08 1.45
E 38 39 0.020988 0.003160 329.51 18.74
E 38 43 0.029134 0.005235 415.13 21.28
E 38 46 0.022378 0.001958 346.12 1.67
E 38 49 0.023705 0.003313 387.10 1.46
E 38 51 0.029451 0.003214 424.56 1.47
E 38 53 0.026723 0.002773 386.31 1.05
E 38 54 0.027328 0.001774 411.99 26.14
E 38 56 0.024796 0.002227 383.07 1.46
E 38 59 0.002961 0.000000 312.00 0.26
E 39 46 0.022399 0.002387 365.29 2.13
E 39 49 0.023899 0.003696 367.52 85.22
E 39 51 0.030053 0.003521 440.44 117.89
E 39 53 0.027461 0.002447 411.06 1.13
E 39 54 0.027798 0.002315 432.52 2.15
E 39 56 0.024855 0.002164 373.02 0.75
E 39 59 0.033000 0.006380 439.98 2.25
E 40 41 0.031901 0.002140 464.38 6.13
E 40 42 0.030145 0.000892 442.19 58.80
E 40 43 0.030640 0.005986 428.25 53.75
E 40 44 0.032408 0.002797 447.55 4.81
E 40 48 0.040578 0.008028 624.25 0.61
E 40 50 0.040111 0.008231 553.98 20.24
E 40 51 0.030623 0.003693 458.49 2.41
E 40 52 0.031491 0.002189 435.46 0.76
E 40 53 0.030220 0.001292 450.43 3.87
E 40 54 0.031394 0.002042 432.37 0.80
E 40 56 0.029934 0.001484 452.51 9.67
E 40 57 0.043052 0.013500 513.57 3.55
E 40 58 0.043934 0.013364 525.96 0.78
E 40 59 0.033295 0.006714 468.36 1.79
E 40 60 0.020724 0.006304 2300.00 2.03
E 41 42 0.030556 0.001719 426.08 1.95
E 41 43 0.030697 0.005482 458.40 1.82
E 41 44 0.034748 0.003675 458.54 336.16
E 41 48 0.035455 0.001221 537.84 0.62
E 41 49 0.030471 0.004186 436.36 2.83
E 41 50 0.035455 0.000000 610.85 1.36
E 41 51 0.031065 0.003456 438.87 496.60
E 41 52 0.030160 0.001336 447.21 11.98
E 41 53 0.030327 0.001553 423.70 303.63
E 41 54 0.030696 0.002133 447.21 38.16
E 41 56 0.030233 0.001505 420.82 409.14
E 41 57 0.039185 0.001780 435.19 0.00
E 41 58 0.009875 0.001024 944.00 0.00
E 42 46 0.025044 0.001538 375.81 10.31
E 42 47 0.025574 0.001229 389.40 39.38
E 42 49 0.025161 0.004079 392.74 25.68
E 42 51 0.029944 0.003599 423.98 55.48
E 42 52 0.025799 0.001511 413.15 20.23
E 42 55 0.025069 0.002627 395.77 2.94
E 42 59 0.032876 0.006857 471.85 1.18
E 43 44 0.029903 0.005749 420.06 0.42
E 43 46 0.030240 0.005481 428.22 2.10
E 43 49 0.029760 0.005160 433.01 105.99
E 43 51 0.030266 0.004954 443.44 195.39
E 43 53 0.030951 0.006981 449.23 1.20
E 43 54 0.030818 0.006671 471.07 2.36
E 43 56 0.031040 0.007111 439.50 0.82
E 43 59 0.033450 0.006742 492.19 2.02
E 44 48 0.028966 0.004240 415.37 33.75
E 44 50 0.025694 0.002586 390.76 0.18
E 44 51 0.032305 0.004458 416.56 1.67
E 44 52 0.030367 0.001950 678.01 9.09
E 44 53 0.028897 0.001583 457.61 0.77
E 44 54 0.027891 0.002787 396.33 12.13
E 44 57 0.025673 0.002586 379.62 15.70
E 44 59 0.030537 0.000509 609.29 23.43
E 46 49 0.023921 0.003425 375.46 0.19
E 46 51 0.030050 0.003424 461.07 2.59
E 46 53 0.027066 0.001796 435.52 15.36
E 46 54 0.027821 0.002107 435.08 0.37
E 46 56 0.024831 0.001952 396.71 7.75
E 46 59 0.032636 0.005772 451.54 2.16
E 47 55 0.018070 0.002285 303.09 2.34
E 48 50 0.019821 0.003332 348.04 144.02
E 48 57 0.022904 0.001357 303.51 1.76
E 48 58 0.019726 0.003569 320.16 1.48
E 48 60 0.019726 0.003089 328.58 3.15
E 49 51 0.030052 0.004079 418.16 0.31
E 49 53 0.027068 0.003885 416.91 1.77
E 49 54 0.027822 0.004183 420.68 0.14
E 49 56 0.024630 0.003671 397.02 3.44
E 49 59 0.032558 0.005718 493.66 0.73
E 50 57 0.004002 0.000256 384.00 1.57
E 50 58 0.018956 0.003030 315.81 3.23
E 50 60 0.018760 0.001837 305.54 0.77
E 51 52 0.029810 0.003739 426.41 0.18
E 51 53 0.030204 0.003507 465.12 0.40
E 51 54 0.030058 0.003411 458.44 0.21
E 51 56 0.030205 0.003507 429.05 0.93
E 51 59 0.032887 0.005619 469.13 0.10
E 52 54 0.036133 0.004410 497.95 0.03
E 52 55 0.026370 0.002627 410.70 0.06
E 52 58 0.030367 0.000000 387.11 0.06
E 52 59 0.033139 0.007462 475.65 0.07
E 52 60 0.005730 0.000000 600.00 0.09
E 53 54 0.027755 0.002800 410.36 0.17
E 53 56 0.027905 0.003260 442.59 0.23
E 53 59 0.033450 0.006742 484.67 0.06
E 54 56 0.027784 0.001962 405.30 0.36
E 54 57 0.031724 0.001357 791.77 0.05
E 54 59 0.033449 0.006742 496.24 0.03
E 56 59 0.033036 0.006526 442.20 0.04
E 58 60 0.019136 0.003268 287.97 21.76
END

SECTION Terminals
Root 36
Terminals 18
T 26
T 32
T 41
T 51
T 58
T 43
T 9
T 12
T 35
T 2
T 22
T 6
T 11
T 53
T 49
T 29
T 52
T 33
END

EOF