SECTION Comment
CREATOR "Carlos Araujo"
REMARK "Instance for QoS Multicast Routing Problem"
QoS METRICS "delay, jitter, bandwidth and estimate of link duration"
END

SECTION Graph
Nodes 50
Edges 623

E 1 3 0.026422 0.002877 429.68 7.64
E 1 4 0.027598 0.003683 397.10 2.59
E 1 5 0.031214 0.003223 460.85 3.67
E 1 6 0.033732 0.005239 477.58 2.86
E 1 7 0.025897 0.003182 411.02 1.83
E 1 8 0.031314 0.002849 472.12 3.59
E 1 9 0.029008 0.002940 417.06 0.38
E 1 11 0.028750 0.004862 415.58 0.54
E 1 12 0.037150 0.005815 451.87 0.10
E 1 13 0.032101 0.004327 437.82 0.30
E 1 17 0.033032 0.003234 466.89 2.61
E 1 18 0.028431 0.001800 417.80 2.78
E 1 19 0.025718 0.003432 389.08 2.93
E 1 20 0.026022 0.003480 389.54 2.12
E 1 21 0.026022 0.002751 395.32 0.73
E 1 22 0.028839 0.002417 428.91 2.78
E 1 23 0.031974 0.002571 419.26 0.22
E 1 24 0.031214 0.003223 530.23 2.87
E 1 25 0.026022 0.002751 401.53 2.95
E 1 26 0.031044 0.002346 433.01 0.10
E 1 30 0.031214 0.003223 380.09 13.30
E 1 33 0.033321 0.005815 472.17 2.80
E 1 34 0.026021 0.002751 374.64 4.08
E 1 35 0.033588 0.002545 432.38 1.57
E 1 36 0.025993 0.002663 374.47 0.35
E 1 39 0.032175 0.003958 554.97 0.17
E 1 40 0.031272 0.002281 447.92 12.09
E 1 41 0.030527 0.002624 442.67 0.19
E 1 42 0.026169 0.003031 410.63 3.96
E 1 43 0.031270 0.003280 450.99 2.81
E 1 46 0.025993 0.002663 378.39 0.09
E 1 49 0.025992 0.004079 376.61 0.28
E 2 5 0.025939 0.002689 401.05 226.10
E 2 6 0.034377 0.005507 460.12 1527.20
E 2 8 0.025651 0.002714 421.59 2.54
E 2 10 0.027771 0.002889 411.05 0.61
E 2 11 0.032854 0.006633 447.02 2.12
E 2 12 0.031321 0.005857 424.36 0.84
E 2 13 0.036469 0.002713 415.42 1251.07
E 2 14 0.022520 0.001476 349.87 116.88
E 2 15 0.024100 0.006023 409.19 16.25
E 2 16 0.020423 0.002078 318.97 2.95
E 2 17 0.028131 0.002940 435.24 1714.17
E 2 23 0.031845 0.003290 448.48 0.26
E 2 27 0.023479 0.001588 368.54 0.04
E 2 29 0.031485 0.002554 466.55 2.62
E 2 30 0.022294 0.002578 359.20 2.13
E 2 31 0.022877 0.002088 333.82 0.25
E 2 32 0.028153 0.004323 408.72 5.92
E 2 37 0.029306 0.003813 417.30 1309.66
E 2 40 0.030944 0.002959 490.22 0.53
E 2 44 0.025499 0.002606 399.38 30.73
E 2 48 0.023432 0.003500 374.26 2.34
E 2 50 0.023119 0.001778 359.55 388.95
E 3 4 0.030026 0.001356 373.62 12.42
E 3 5 0.030111 0.002205 487.82 9.81
E 3 6 0.030026 0.001611 365.85 16.04
E 3 7 0.026997 0.003433 399.47 2.04
E 3 8 0.031314 0.002849 433.72 8.66
E 3 9 0.030025 0.001950 428.63 4.95
E 3 11 0.027018 0.003460 394.39 32.08
E 3 12 0.038439 0.005970 483.70 1.84
E 3 17 0.032614 0.002837 520.35 8.47
E 3 18 0.030025 0.001356 486.34 11.33
E 3 19 0.024711 0.002895 440.96 18.07
E 3 20 0.023049 0.003510 345.19 14.06
E 3 21 0.023380 0.002637 376.96 23.54
E 3 22 0.030025 0.001356 451.69 11.52
E 3 24 0.030026 0.001356 403.45 18.34
E 3 25 0.024419 0.002612 402.88 18.28
E 3 26 0.031044 0.001545 483.16 26.62
E 3 30 0.030026 0.001356 466.75 4.00
E 3 33 0.033321 0.005815 508.95 12.13
E 3 34 0.025252 0.003149 442.29 2.85
E 3 35 0.030027 0.001356 493.74 14.94
E 3 36 0.025574 0.006487 401.26 2.90
E 3 39 0.030027 0.001356 485.97 3.55
E 3 40 0.036641 0.003731 526.83 6.68
E 3 41 0.032754 0.002001 447.33 4.52
E 3 42 0.025319 0.002374 401.84 8.15
E 3 43 0.031270 0.003280 534.87 12.41
E 3 46 0.025276 0.002459 390.10 3.21
E 3 47 0.017635 0.002552 275.63 1.65
E 3 49 0.024756 0.004143 414.67 1.85
E 4 5 0.030339 0.003744 414.63 1.51
E 4 6 0.032971 0.003812 432.99 2.98
E 4 7 0.030282 0.002968 443.85 2.10
E 4 8 0.030334 0.004554 458.51 0.57
E 4 9 0.028919 0.003392 439.63 5.44
E 4 10 0.028002 0.001340 420.54 0.10
E 4 11 0.028964 0.005382 446.95 3.34
E 4 12 0.038295 0.006699 489.85 1.67
E 4 13 0.032379 0.004325 435.38 69.84
E 4 17 0.030133 0.001975 454.77 1.92
E 4 18 0.028145 0.001559 401.66 1.66
E 4 21 0.027005 0.002282 423.95 4.72
E 4 22 0.027980 0.001184 414.26 1.66
E 4 23 0.030343 0.002162 431.56 0.67
E 4 24 0.027838 0.001218 411.74 1.55
E 4 26 0.028574 0.001871 428.28 0.81
E 4 29 0.031032 0.002433 443.19 0.58
E 4 30 0.028012 0.000933 417.63 1.96
E 4 33 0.028034 0.002175 402.59 1.66
E 4 35 0.027873 0.001240 394.89 6.80
E 4 36 0.027771 0.001479 416.92 3.04
E 4 38 0.028158 0.003039 414.06 4.88
E 4 39 0.027905 0.002279 416.18 2.74
E 4 40 0.030018 0.001374 423.99 12.38
E 4 41 0.030153 0.001232 449.03 6.65
E 4 42 0.027672 0.001675 426.02 11.25
E 4 43 0.030051 0.006030 451.73 1.69
E 4 46 0.027806 0.001602 427.69 1.84
E 4 49 0.027817 0.004186 402.14 2.97
E 5 6 0.032534 0.003279 479.89 0.34
E 5 7 0.030282 0.002968 513.93 16.77
E 5 8 0.027874 0.003152 434.43 8.70
E 5 9 0.030703 0.004477 477.09 0.76
E 5 10 0.028113 0.002554 431.54 1.70
E 5 12 0.031282 0.005282 479.94 1.33
E 5 13 0.038278 0.007259 487.47 168.23
E 5 14 0.027359 0.002617 411.67 0.32
E 5 15 0.009746 0.001632 1044.00 2.83
E 5 17 0.029882 0.002590 415.71 0.21
E 5 18 0.030582 0.003880 488.29 0.24
E 5 22 0.030582 0.003880 430.03 0.24
E 5 23 0.031979 0.003437 490.13 114.63
E 5 24 0.032628 0.004353 492.48 0.08
E 5 26 0.029543 0.003195 463.65 26.42
E 5 27 0.030281 0.002120 359.34 302.16
E 5 29 0.031363 0.002843 417.73 16.88
E 5 30 0.027172 0.002644 446.31 0.41
E 5 31 0.026958 0.002780 403.25 542.24
E 5 32 0.028145 0.005062 445.55 0.46
E 5 33 0.030101 0.003618 439.46 0.24
E 5 35 0.011427 0.000800 1196.00 1.20
E 5 36 0.029960 0.001764 417.51 42.73
E 5 37 0.029274 0.003979 444.25 0.21
E 5 40 0.030662 0.002613 458.54 30.43
E 5 41 0.032256 0.004393 457.02 89.51
E 5 43 0.032291 0.007191 484.90 0.25
E 5 44 0.027135 0.002423 399.27 1.51
E 5 50 0.023011 0.000812 345.32 0.04
E 6 7 0.035721 0.004385 610.89 18.08
E 6 8 0.032533 0.003548 474.02 11.56
E 6 9 0.033046 0.004585 440.68 1.95
E 6 10 0.032654 0.003264 459.83 2.91
E 6 11 0.034222 0.005718 475.15 31.66
E 6 12 0.032707 0.005820 481.30 2.43
E 6 13 0.032648 0.004410 462.36 733.01
E 6 14 0.030940 0.001784 432.73 1.15
E 6 15 0.029620 0.001425 493.10 33.78
E 6 20 0.034531 0.005027 506.38 0.05
E 6 21 0.034456 0.004854 459.81 8.34
E 6 23 0.032819 0.003264 481.48 29.59
E 6 26 0.032585 0.003513 483.89 510.22
E 6 27 0.030366 0.001441 554.52 193.69
E 6 29 0.033068 0.003408 456.86 24.50
E 6 30 0.030683 0.001500 465.40 0.44
E 6 31 0.030146 0.003808 413.38 60.62
E 6 32 0.033483 0.004167 453.60 3.35
E 6 34 0.034279 0.004348 446.26 0.07
E 6 36 0.031541 0.004514 467.40 74.31
E 6 40 0.032819 0.003264 455.73 9.32
E 6 41 0.032979 0.003811 485.27 29.71
E 6 42 0.034192 0.004737 481.94 0.42
E 6 44 0.032618 0.003497 464.89 2.67
E 6 46 0.031696 0.004725 433.40 3.19
E 6 49 0.033639 0.005288 487.18 3.24
E 7 8 0.031314 0.002968 459.85 4.27
E 7 9 0.030468 0.003969 480.07 9.51
E 7 11 0.028638 0.004726 434.63 2.80
E 7 12 0.037772 0.006614 533.78 1.19
E 7 13 0.034986 0.005556 446.82 14.17
E 7 17 0.033032 0.003234 414.53 14.30
E 7 18 0.029212 0.002849 500.06 16.96
E 7 19 0.023213 0.004340 371.57 9.06
E 7 20 0.023055 0.003406 371.97 4.10
E 7 21 0.023112 0.003174 346.45 0.74
E 7 22 0.030281 0.002968 423.99 17.04
E 7 24 0.030282 0.002968 437.35 18.59
E 7 25 0.023055 0.003199 384.02 9.03
E 7 26 0.031045 0.002968 517.00 4.08
E 7 30 0.030282 0.002968 504.72 3.65
E 7 33 0.033322 0.005815 471.21 17.26
E 7 34 0.023749 0.003274 377.99 8.72
E 7 35 0.030282 0.002968 453.31 0.27
E 7 36 0.026082 0.003010 397.10 0.44
E 7 39 0.030282 0.002968 477.66 5.03
E 7 40 0.035590 0.003916 528.70 0.15
E 7 41 0.032020 0.002931 477.87 2.79
E 7 42 0.025008 0.003046 376.18 10.62
E 7 43 0.030281 0.002968 528.07 17.35
E 7 46 0.026082 0.003010 418.25 5.21
E 7 47 0.019183 0.004436 281.15 23.60
E 7 49 0.025389 0.004058 433.21 17.30
E 8 9 0.030315 0.003004 432.92 26.38
E 8 10 0.028090 0.003439 399.87 3.17
E 8 11 0.029293 0.005088 471.32 1.52
E 8 12 0.031282 0.005282 422.39 2.39
E 8 13 0.037965 0.006684 448.94 3.47
E 8 14 0.027766 0.003480 438.56 1.16
E 8 15 0.011459 0.001024 1200.00 0.08
E 8 16 0.034098 0.000000 754.64 0.74
E 8 17 0.029892 0.003682 425.47 16.92
E 8 18 0.030554 0.004519 454.68 17.69
E 8 19 0.002993 0.000000 316.00 6.93
E 8 20 0.031723 0.005993 698.06 4.35
E 8 21 0.031723 0.000000 483.19 6.31
E 8 22 0.030554 0.004519 435.02 17.73
E 8 23 0.031978 0.003688 454.38 3.29
E 8 24 0.029892 0.003460 387.24 21.16
E 8 25 0.029010 0.001357 470.70 6.95
E 8 26 0.028380 0.003607 422.81 0.47
E 8 27 0.030367 0.002713 557.20 35.92
E 8 29 0.031363 0.003688 473.50 2.26
E 8 30 0.028107 0.003425 408.47 0.32
E 8 31 0.027766 0.003480 398.77 3.21
E 8 32 0.028145 0.005062 420.07 3.86
E 8 33 0.029559 0.003884 451.04 17.85
E 8 34 0.031724 0.001357 390.56 8.36
E 8 35 0.005602 0.000384 584.00 5.28
E 8 36 0.030367 0.013907 444.88 4.30
E 8 37 0.029274 0.003979 410.02 8.80
E 8 40 0.030656 0.003688 434.41 2.03
E 8 41 0.032229 0.005391 465.39 2.09
E 8 42 0.031723 0.000170 466.24 78.95
E 8 43 0.030044 0.005691 430.64 17.64
E 8 44 0.027713 0.003412 416.42 0.50
E 8 46 0.008210 0.000384 852.00 2.68
E 8 49 0.031724 0.000000 482.18 1.34
E 8 50 0.024573 0.001018 390.12 12.78
E 9 10 0.027699 0.002363 436.09 0.74
E 9 11 0.030026 0.006373 486.98 15.98
E 9 12 0.037149 0.005815 466.64 0.26
E 9 13 0.031879 0.005267 494.88 3.08
E 9 17 0.030154 0.002319 432.81 1.68
E 9 18 0.028870 0.003392 408.86 1.36
E 9 22 0.028870 0.003392 443.33 1.36
E 9 23 0.029912 0.002219 429.30 4.72
E 9 24 0.027939 0.002680 429.67 1.18
E 9 26 0.028942 0.003520 459.39 2.45
E 9 29 0.030607 0.002100 460.34 2.03
E 9 30 0.027650 0.001878 435.37 3.21
E 9 31 0.034776 0.002883 443.20 7.55
E 9 33 0.028827 0.003418 449.71 1.37
E 9 35 0.027951 0.002636 395.73 0.58
E 9 36 0.028969 0.003416 428.49 2.19
E 9 38 0.028504 0.003749 415.64 7.12
E 9 39 0.027951 0.002636 437.32 0.59
E 9 40 0.030286 0.001587 432.32 6.30
E 9 41 0.030409 0.003455 435.23 1.15
E 9 42 0.029552 0.002464 455.91 2.82
E 9 43 0.030007 0.005960 427.09 1.39
E 9 44 0.028603 0.002578 607.55 1.07
E 9 46 0.028999 0.003477 420.98 3.54
E 9 49 0.028999 0.003977 420.89 3.51
E 10 11 0.029982 0.006015 418.32 0.64
E 10 12 0.031500 0.005977 437.06 0.50
E 10 13 0.032662 0.004265 425.21 2.39
E 10 14 0.028133 0.001470 427.43 98.45
E 10 15 0.030110 0.003278 400.94 4.28
E 10 17 0.029505 0.001520 424.30 19.38
E 10 18 0.028082 0.001147 454.66 11.79
E 10 22 0.028082 0.001147 406.47 11.39
E 10 23 0.032031 0.003349 478.52 0.13
E 10 26 0.028482 0.001906 440.56 0.23
E 10 27 0.030110 0.001654 392.77 0.45
E 10 29 0.031285 0.002770 432.58 8.50
E 10 30 0.028121 0.001363 462.21 23.43
E 10 31 0.028354 0.002922 442.16 0.52
E 10 32 0.028193 0.004623 462.21 0.78
E 10 33 0.028081 0.002156 430.78 10.72
E 10 37 0.029338 0.004063 420.58 2.82
E 10 40 0.030819 0.001410 430.80 20.09
E 10 41 0.030077 0.001563 430.49 0.09
E 10 43 0.029801 0.005815 412.68 6.18
E 10 44 0.028310 0.002551 414.12 10.06
E 10 50 0.030111 0.001654 433.03 0.96
E 11 12 0.031635 0.006910 430.73 0.46
E 11 13 0.032312 0.005138 464.44 1.53
E 11 16 0.027914 0.004681 410.80 76.15
E 11 17 0.029812 0.005216 442.07 181.83
E 11 19 0.028414 0.004064 431.85 112.92
E 11 20 0.028646 0.004346 390.02 38.07
E 11 21 0.028893 0.004447 430.31 0.63
E 11 23 0.031422 0.005266 455.02 0.12
E 11 25 0.028640 0.004367 394.44 112.77
E 11 26 0.030219 0.006318 413.04 12.60
E 11 29 0.031371 0.005266 444.18 87.86
E 11 32 0.029888 0.006476 453.69 2.80
E 11 34 0.028753 0.004291 407.10 11.57
E 11 37 0.029432 0.005514 425.31 37.33
E 11 40 0.030392 0.005266 433.20 13.23
E 11 41 0.030047 0.005266 416.36 0.13
E 11 42 0.028695 0.004727 428.67 7.21
E 12 13 0.036468 0.005495 529.19 2.70
E 12 14 0.031609 0.005671 431.00 1.09
E 12 15 0.032326 0.006354 458.38 1.92
E 12 16 0.029689 0.002374 500.66 4.76
E 12 17 0.031501 0.005977 438.23 2.76
E 12 18 0.038293 0.006700 515.64 2.66
E 12 19 0.039609 0.005936 570.36 6.02
E 12 20 0.037377 0.003618 489.34 5.06
E 12 22 0.038293 0.006700 591.58 2.66
E 12 23 0.031974 0.005820 469.41 0.63
E 12 25 0.036302 0.007123 486.73 5.94
E 12 26 0.038729 0.005955 512.55 0.35
E 12 27 0.032349 0.006210 462.21 0.53
E 12 29 0.032091 0.005907 478.86 1.85
E 12 30 0.038728 0.005955 511.63 23.39
E 12 31 0.031403 0.006011 450.14 0.83
E 12 32 0.031850 0.006150 456.22 4.91
E 12 33 0.038293 0.006700 534.91 2.66
E 12 34 0.039610 0.005936 626.00 4.17
E 12 37 0.031738 0.006019 442.52 2.61
E 12 40 0.031808 0.005820 465.98 6.38
E 12 41 0.038292 0.006700 484.59 0.49
E 12 42 0.037377 0.003618 483.41 4.29
E 12 43 0.038731 0.009413 531.79 2.61
E 12 44 0.031234 0.005282 428.83 10.72
E 12 48 0.031298 0.005565 439.88 0.33
E 12 50 0.031323 0.005857 434.66 2.22
E 13 14 0.037239 0.004070 525.36 3.86
E 13 15 0.036129 0.003278 673.93 3.39
E 13 16 0.039184 0.007055 461.94 0.68
E 13 17 0.032529 0.004723 447.26 826.66
E 13 18 0.032381 0.004325 484.75 844.88
E 13 19 0.038236 0.005020 527.68 798.28
E 13 20 0.031327 0.004127 418.57 118.61
E 13 21 0.031552 0.004104 480.07 12.37
E 13 22 0.032264 0.004216 421.65 845.04
E 13 23 0.032753 0.004362 466.39 0.27
E 13 25 0.032412 0.004512 440.75 795.87
E 13 26 0.032586 0.004258 427.76 0.28
E 13 27 0.036240 0.001639 576.64 33.89
E 13 29 0.032564 0.004648 469.72 0.23
E 13 30 0.037876 0.003779 452.56 3.54
E 13 31 0.035586 0.001744 562.23 1.12
E 13 32 0.036572 0.005224 441.97 19.39
E 13 33 0.032381 0.004325 459.34 845.92
E 13 34 0.032102 0.004327 438.50 708.72
E 13 37 0.038892 0.005693 551.65 623.02
E 13 39 0.005794 0.000128 608.00 2.01
E 13 40 0.032753 0.004362 465.16 224.17
E 13 41 0.032472 0.005131 446.57 0.00
E 13 42 0.032100 0.004327 481.15 45.69
E 13 43 0.032381 0.006053 454.06 837.91
E 13 44 0.036521 0.004122 494.47 59.74
E 13 46 0.031497 0.005332 478.99 1.28
E 13 48 0.038165 0.001922 585.02 1.60
E 13 49 0.031115 0.005289 436.11 1.50
E 13 50 0.036469 0.002713 486.50 306.32
E 14 15 0.025322 0.004175 390.72 19.22
E 14 16 0.027652 0.006162 483.39 7.96
E 14 17 0.029000 0.001803 443.16 1.88
E 14 23 0.034561 0.003879 500.25 1.40
E 14 26 0.030347 0.002960 479.58 1.45
E 14 27 0.027286 0.002617 429.30 3.71
E 14 29 0.032921 0.002296 475.80 17.61
E 14 30 0.020403 0.000905 330.38 0.46
E 14 31 0.020492 0.003530 333.81 1.92
E 14 32 0.028679 0.003753 408.46 1.28
E 14 37 0.029525 0.004064 440.35 1.11
E 14 40 0.033267 0.002415 477.55 22.01
E 14 41 0.034130 0.003392 506.39 5.39
E 14 44 0.025812 0.003538 386.60 3.93
E 14 48 0.027603 0.006106 388.60 1.18
E 14 50 0.024410 0.001759 368.04 0.54
E 15 16 0.021633 0.005209 333.92 6.89
E 15 23 0.036621 0.005238 521.72 1.60
E 15 26 0.005698 0.000032 596.00 0.94
E 15 27 0.022108 0.005206 346.34 1.40
E 15 29 0.033452 0.003562 556.74 6.48
E 15 31 0.024386 0.003307 364.21 0.54
E 15 32 0.028238 0.005380 401.71 5.42
E 15 37 0.029606 0.005699 430.81 29.19
E 15 40 0.034683 0.003484 408.62 1.73
E 15 41 0.003281 0.000000 352.00 0.46
E 15 44 0.027496 0.003710 399.51 0.50
E 15 48 0.022114 0.005322 340.46 0.28
E 15 50 0.022630 0.005815 367.70 11.09
E 16 19 0.024745 0.004161 359.50 132.40
E 16 20 0.026463 0.004545 438.03 137.41
E 16 21 0.025993 0.004899 378.83 7.49
E 16 23 0.039592 0.006309 499.37 9.64
E 16 25 0.023751 0.003505 352.70 131.40
E 16 27 0.018451 0.001490 286.04 2.19
E 16 29 0.034262 0.004700 479.67 0.08
E 16 32 0.028307 0.002773 436.12 16.18
E 16 34 0.025640 0.004551 381.95 34.03
E 16 37 0.030851 0.004551 479.85 52.49
E 16 40 0.037828 0.008650 553.56 3.29
E 16 41 0.036076 0.003505 465.96 0.00
E 16 42 0.034097 0.000170 384.53 26.29
E 16 48 0.019602 0.003493 328.67 4.28
E 16 50 0.019982 0.001849 360.99 16.62
E 17 20 0.033702 0.003731 460.35 0.06
E 17 21 0.036925 0.005879 562.12 12.12
E 17 23 0.031049 0.002780 449.93 34.94
E 17 26 0.030128 0.001963 431.54 755.63
E 17 29 0.030948 0.002467 448.23 24.85
E 17 30 0.029755 0.001990 458.06 0.56
E 17 31 0.028959 0.002956 411.02 80.13
E 17 32 0.029028 0.005030 430.63 1.35
E 17 34 0.033447 0.002544 494.72 0.76
E 17 35 0.032871 0.002766 452.00 2.73
E 17 36 0.033303 0.003213 428.02 126.86
E 17 39 0.032789 0.003489 450.45 9.38
E 17 40 0.030503 0.001741 433.02 3.22
E 17 41 0.030441 0.001817 452.60 19.53
E 17 42 0.032999 0.002774 455.61 1.58
E 17 44 0.029541 0.002154 449.41 0.52
E 17 46 0.033303 0.002940 449.58 2.17
E 17 49 0.033303 0.005534 421.87 2.65
E 18 23 0.030663 0.002580 465.99 37.53
E 18 26 0.028492 0.001696 423.75 740.62
E 18 29 0.031033 0.002433 458.40 26.98
E 18 30 0.026545 0.001047 377.69 0.51
E 18 31 0.028501 0.002883 422.51 78.31
E 18 35 0.026684 0.001034 392.81 1.64
E 18 36 0.026663 0.001357 384.45 162.36
E 18 38 0.026275 0.002774 397.96 164.25
E 18 39 0.026719 0.002192 391.26 3.77
E 18 40 0.030405 0.001126 452.22 10.57
E 18 41 0.030231 0.001131 427.42 33.96
E 18 44 0.029195 0.004410 402.58 3.11
E 18 46 0.026634 0.001573 421.42 2.79
E 18 49 0.026634 0.003977 394.76 2.80
E 19 20 0.022467 0.004345 364.40 0.05
E 19 21 0.022428 0.004466 381.93 10.02
E 19 23 0.036472 0.005863 493.12 31.93
E 19 29 0.033902 0.003731 450.28 20.36
E 19 34 0.023832 0.004588 369.15 0.59
E 19 40 0.032617 0.002956 429.68 3.20
E 19 41 0.032299 0.003101 461.54 15.57
E 19 42 0.024980 0.003764 395.31 1.53
E 19 47 0.019628 0.003521 341.87 2.40
E 20 21 0.021987 0.003422 339.33 2.46
E 20 23 0.040966 0.007886 598.88 80.27
E 20 25 0.022128 0.003232 353.92 0.05
E 20 29 0.034519 0.004409 447.33 17.74
E 20 34 0.023840 0.003232 372.01 0.10
E 20 40 0.035590 0.003731 478.50 1.89
E 20 41 0.030053 0.003860 469.96 7.44
E 20 42 0.024979 0.003481 374.84 0.17
E 20 47 0.021461 0.002916 319.60 1.07
E 21 23 0.031287 0.002774 459.30 0.36
E 21 25 0.022065 0.000618 365.86 10.02
E 21 29 0.031359 0.002895 465.08 6.67
E 21 34 0.023803 0.001870 373.80 1.12
E 21 40 0.030341 0.001018 462.01 0.81
E 21 41 0.029935 0.001577 408.71 0.76
E 21 42 0.024978 0.000739 392.01 5.26
E 21 47 0.021247 0.000778 379.49 1.52
E 22 23 0.030535 0.002449 421.30 37.58
E 22 26 0.028492 0.001696 419.26 740.61
E 22 29 0.031007 0.002613 446.48 27.03
E 22 30 0.026514 0.001018 416.89 0.51
E 22 31 0.028332 0.002883 469.90 78.23
E 22 35 0.026634 0.001050 393.71 1.64
E 22 36 0.026557 0.001357 408.95 288.17
E 22 38 0.026229 0.002774 386.52 164.33
E 22 39 0.026633 0.002192 390.26 3.76
E 22 40 0.030405 0.000951 440.82 10.58
E 22 41 0.030259 0.001159 434.10 34.03
E 22 44 0.029195 0.004410 405.54 3.11
E 22 46 0.026521 0.001573 403.17 2.80
E 22 49 0.026367 0.003977 395.83 2.81
E 23 25 0.031477 0.002991 431.23 31.75
E 23 26 0.031556 0.003111 430.73 0.23
E 23 27 0.038504 0.006541 507.95 0.73
E 23 29 0.032143 0.003024 455.33 8.38
E 23 30 0.036259 0.005979 574.47 6.14
E 23 31 0.038222 0.006614 455.10 0.24
E 23 32 0.032155 0.004623 446.83 5.82
E 23 33 0.030663 0.002580 454.83 37.76
E 23 34 0.031476 0.002991 434.07 308.23
E 23 37 0.032236 0.004063 458.50 15.21
E 23 40 0.031848 0.002893 427.96 22.02
E 23 41 0.031461 0.003003 479.48 0.16
E 23 42 0.030167 0.002035 421.12 37.88
E 23 43 0.030654 0.006053 462.17 37.23
E 23 44 0.032033 0.003349 476.20 71.65
E 23 48 0.039694 0.006275 491.66 0.43
E 23 50 0.038505 0.006541 468.16 140.51
E 24 26 0.028469 0.001817 441.73 1152.13
E 24 30 0.027908 0.001922 355.32 1.01
E 24 35 0.018938 0.000415 302.98 1.05
E 24 36 0.022019 0.001275 367.70 252.73
E 24 38 0.018900 0.002172 296.38 146.39
E 24 39 0.020662 0.003113 333.32 4.70
E 24 41 0.032136 0.001141 444.28 40.29
E 24 46 0.022206 0.001491 338.33 2.64
E 24 49 0.023975 0.003616 337.00 2.65
E 25 29 0.031406 0.002856 420.67 20.27
E 25 32 0.029010 0.002035 421.65 4.97
E 25 34 0.023831 0.001907 369.49 0.59
E 25 40 0.030394 0.000990 419.61 3.20
E 25 41 0.030079 0.001313 458.45 15.61
E 25 42 0.024979 0.000651 363.67 1.54
E 26 27 0.030366 0.001018 395.68 11.65
E 26 29 0.031284 0.002560 459.18 100.99
E 26 30 0.028471 0.001906 432.79 3.63
E 26 31 0.030680 0.002059 433.15 0.51
E 26 33 0.028473 0.002080 412.86 741.72
E 26 35 0.028491 0.001850 404.62 5.36
E 26 36 0.028463 0.001723 438.04 0.48
E 26 37 0.032004 0.005314 495.96 325.53
E 26 38 0.027819 0.002016 413.87 1.02
E 26 39 0.028491 0.001850 435.10 0.64
E 26 40 0.030598 0.001757 463.45 72.77
E 26 41 0.030243 0.001689 440.86 0.15
E 26 42 0.027185 0.001680 425.12 20.48
E 26 43 0.030604 0.006926 435.35 726.71
E 26 44 0.028490 0.002617 425.35 5.35
E 26 46 0.028358 0.001788 406.16 0.18
E 26 49 0.028014 0.004145 402.05 0.32
E 27 29 0.034096 0.003683 455.13 1.89
E 27 30 0.028219 0.001018 419.97 23.63
E 27 31 0.024089 0.001744 381.75 0.55
E 27 32 0.027976 0.004113 453.54 4.25
E 27 37 0.029482 0.003979 432.38 146.10
E 27 40 0.037600 0.005390 540.35 0.21
E 27 41 0.037998 0.003223 472.75 0.92
E 27 44 0.027380 0.003663 368.71 164.63
E 27 48 0.019548 0.003420 300.27 1.20
E 27 50 0.018991 0.001345 322.00 101.48
E 29 30 0.034437 0.003308 486.82 8.73
E 29 31 0.034436 0.003308 479.28 2.36
E 29 32 0.031473 0.004365 449.20 6.43
E 29 33 0.031032 0.002433 396.22 27.19
E 29 34 0.031405 0.002856 468.75 17.40
E 29 37 0.031420 0.003861 469.11 13.73
E 29 40 0.031441 0.002437 464.03 23.87
E 29 41 0.031437 0.002331 458.62 4.45
E 29 42 0.030706 0.002497 452.45 9.16
E 29 43 0.031032 0.004628 462.53 27.05
E 29 44 0.031354 0.002557 420.44 11.96
E 29 48 0.034580 0.003683 473.43 2.26
E 29 50 0.031519 0.002626 458.83 11.94
E 30 31 0.020726 0.004119 336.87 1.08
E 30 33 0.027525 0.002162 417.15 0.50
E 30 35 0.013268 0.000256 1368.00 3.36
E 30 36 0.028128 0.000543 385.92 1.03
E 30 37 0.031111 0.004816 468.62 0.55
E 30 39 0.013268 0.000256 1368.00 3.20
E 30 40 0.033479 0.002868 405.90 1770.45
E 30 41 0.033683 0.002132 471.40 3.46
E 30 43 0.030044 0.005691 432.51 0.49
E 30 44 0.025378 0.002526 387.55 0.08
E 31 32 0.029432 0.003194 446.41 5.81
E 31 33 0.031045 0.003053 428.24 78.08
E 31 37 0.029493 0.004036 412.79 40.03
E 31 40 0.036017 0.004466 485.69 0.37
E 31 41 0.036074 0.003505 597.91 0.36
E 31 43 0.027992 0.002883 417.19 76.66
E 31 44 0.025485 0.002650 394.77 10.59
E 31 50 0.023533 0.001744 405.34 144.48
E 32 37 0.029373 0.004706 434.20 1.41
E 32 40 0.030951 0.004636 440.75 2.85
E 32 44 0.028239 0.004822 435.64 0.71
E 32 48 0.027976 0.004113 445.24 3.45
E 32 50 0.028015 0.004126 425.74 0.06
E 33 35 0.027625 0.002162 420.01 1.64
E 33 36 0.027658 0.002191 454.16 289.30
E 33 38 0.026579 0.002877 400.73 164.52
E 33 39 0.027612 0.002252 401.74 3.75
E 33 40 0.030451 0.002427 466.22 10.59
E 33 41 0.030232 0.002427 439.74 34.25
E 33 44 0.033323 0.005815 430.63 3.11
E 33 46 0.027589 0.002236 419.33 2.82
E 33 49 0.027613 0.003977 394.23 2.84
E 34 40 0.030400 0.002225 442.24 4.23
E 34 41 0.030048 0.002182 456.91 21.03
E 34 42 0.024978 0.001942 394.71 0.49
E 34 47 0.009379 0.000384 940.00 0.57
E 35 36 0.022003 0.001232 344.21 0.43
E 35 38 0.018299 0.002029 289.43 4.56
E 35 39 0.020639 0.003006 322.01 1.03
E 35 41 0.052573 0.002272 5584.00 1.34
E 35 43 0.029696 0.005775 410.93 1.64
E 35 46 0.022207 0.001466 376.11 4.40
E 35 49 0.023928 0.003807 367.37 5.07
E 36 38 0.022020 0.002046 355.18 0.18
E 36 39 0.022003 0.002252 322.57 0.72
E 36 41 0.030519 0.001635 425.52 0.31
E 36 42 0.025051 0.001025 398.80 18.87
E 36 43 0.029837 0.005567 436.06 296.63
E 36 46 0.022142 0.001382 352.95 0.35
E 36 49 0.023993 0.003569 380.11 0.71
E 37 40 0.031176 0.004151 462.32 8.58
E 37 41 0.034130 0.003343 520.06 33.18
E 37 44 0.029357 0.003824 447.96 2.55
E 37 48 0.029223 0.003857 423.21 1.65
E 37 50 0.029308 0.003813 429.43 0.07
E 38 39 0.020672 0.003059 332.56 0.55
E 38 43 0.029134 0.005235 448.74 166.38
E 38 46 0.022208 0.002112 340.10 2.06
E 38 49 0.023721 0.003400 361.88 0.11
E 39 41 0.030109 0.002374 433.28 0.42
E 39 43 0.029696 0.005775 452.92 9.04
E 39 46 0.022206 0.002252 357.92 0.08
E 39 49 0.023928 0.003807 396.09 0.14
E 40 41 0.030409 0.001285 425.20 714.16
E 40 42 0.030150 0.000888 415.47 7.67
E 40 43 0.030454 0.005986 472.02 10.51
E 40 44 0.030863 0.002698 454.92 4.34
E 40 48 0.006817 0.000320 736.00 3.10
E 40 50 0.037441 0.005185 606.98 8.93
E 41 42 0.030471 0.001738 434.47 6.60
E 41 43 0.030232 0.005694 456.74 33.89
E 41 44 0.034130 0.003683 494.04 5.60
E 41 46 0.030470 0.001663 428.53 0.35
E 41 49 0.030471 0.004186 442.68 1.33
E 42 46 0.024963 0.001696 393.72 1.18
E 42 49 0.025082 0.004186 414.70 0.36
E 43 44 0.029678 0.005986 429.06 3.07
E 43 46 0.029893 0.005736 432.03 2.85
E 43 49 0.029264 0.005403 400.57 2.88
E 44 48 0.009106 0.001472 964.00 0.63
E 44 50 0.025500 0.002606 387.11 0.83
E 46 49 0.023949 0.003510 372.35 0.02
E 48 50 0.019637 0.003528 286.66 0.64
END

SECTION Terminals
Root 41
Terminals 17
T 34
T 2
T 40
T 21
T 48
T 11
T 29
T 35
T 4
T 8
T 24
T 25
T 17
T 13
T 27
T 38
T 33
END

EOF