SECTION Comment
CREATOR "Carlos Araujo"
REMARK "Instance for QoS Multicast Routing Problem"
QoS METRICS "delay, jitter, bandwidth and estimate of link duration"
END

SECTION Graph
Nodes 40
Edges 211

E 1 2 0.023546 0.005311 382.73 0.05
E 1 5 0.023860 0.005365 376.03 107.01
E 1 6 0.020867 0.004304 352.18 5.06
E 1 10 0.022852 0.005308 344.00 406.03
E 1 11 0.022732 0.004003 405.74 0.50
E 1 12 0.022852 0.005307 362.38 15.94
E 1 13 0.008899 0.001536 880.00 378.25
E 1 14 0.025013 0.007253 391.01 2.98
E 1 15 0.021243 0.004107 352.64 0.21
E 1 17 0.023107 0.005458 344.71 0.02
E 1 25 0.021460 0.004671 316.94 8.49
E 1 28 0.020767 0.003234 311.26 4.98
E 1 31 0.022884 0.006261 366.59 207.93
E 1 37 0.020856 0.003444 342.42 23.42
E 2 4 0.019749 0.002676 306.50 7.34
E 2 5 0.020596 0.002714 313.05 64.70
E 2 10 0.021734 0.004631 371.97 0.00
E 2 11 0.024869 0.006581 364.78 0.35
E 2 12 0.024812 0.005984 392.44 57.49
E 2 14 0.022718 0.006083 368.71 2.50
E 2 15 0.023092 0.006407 319.03 0.84
E 2 17 0.021799 0.004871 387.98 0.13
E 2 25 0.021096 0.001922 552.04 3.61
E 2 28 0.024395 0.006479 380.97 3.21
E 2 31 0.022000 0.006972 408.02 27.29
E 2 37 0.022988 0.006487 366.16 77.33
E 3 7 0.015526 0.003232 1476.00 0.40
E 3 16 0.010740 0.000928 1052.00 0.12
E 3 18 0.017899 0.004787 281.33 0.67
E 3 20 0.021737 0.005467 329.88 11.79
E 3 32 0.019313 0.004523 320.23 9.02
E 3 35 0.015408 0.003361 297.60 34.65
E 3 38 0.017898 0.005325 265.09 3.61
E 4 5 0.017005 0.001926 297.62 9.83
E 4 6 0.016778 0.000928 287.99 12.77
E 4 8 0.001265 0.000000 100.00 2.27
E 4 10 0.019443 0.001150 308.38 2.68
E 4 12 0.020802 0.002839 323.77 1.20
E 4 15 0.022378 0.006414 345.76 1.89
E 4 17 0.018669 0.002145 289.76 3.42
E 4 25 0.017505 0.000792 328.45 7.37
E 4 28 0.016324 0.001832 285.50 73.96
E 5 10 0.022112 0.002318 318.89 0.32
E 5 12 0.023436 0.004506 344.46 0.78
E 5 14 0.022904 0.004664 365.86 13.82
E 5 17 0.018833 0.000565 241.66 308.09
E 5 31 0.024713 0.005145 430.62 0.40
E 6 8 0.017060 0.002426 276.11 2.03
E 6 11 0.018154 0.003993 295.45 12.30
E 6 12 0.019876 0.002108 285.60 0.90
E 6 13 0.016890 0.002408 249.53 0.30
E 6 17 0.017629 0.001979 323.88 10.32
E 6 24 0.017367 0.002975 282.46 8.10
E 6 26 0.017366 0.002975 297.69 120.51
E 6 29 0.017367 0.002975 291.93 70.80
E 6 30 0.017366 0.002975 274.96 9.60
E 6 31 0.019784 0.005591 315.04 0.50
E 6 37 0.016557 0.002326 268.78 1.36
E 7 9 0.020938 0.005036 322.53 1.39
E 7 14 0.019510 0.004502 312.62 0.81
E 7 16 0.021128 0.005567 330.92 23.25
E 7 18 0.022469 0.006087 360.22 0.36
E 7 20 0.021885 0.005676 344.57 4.25
E 7 25 0.019608 0.002713 317.29 4.66
E 7 28 0.020134 0.003392 369.97 58.11
E 7 32 0.021130 0.005567 321.72 0.98
E 8 11 0.017265 0.003519 318.03 1.86
E 8 13 0.016007 0.002619 285.30 2.82
E 8 24 0.012799 0.000380 182.99 10.15
E 8 26 0.012798 0.000380 201.10 2.09
E 8 29 0.012799 0.000401 190.85 1.06
E 8 30 0.012810 0.000810 199.46 0.93
E 9 14 0.019371 0.004729 310.37 4.11
E 9 16 0.019996 0.003731 308.12 1.44
E 9 18 0.022988 0.006190 439.32 79.14
E 9 20 0.021393 0.004844 347.49 1.61
E 9 25 0.020699 0.003901 298.93 32.72
E 9 32 0.019996 0.003731 353.75 0.61
E 9 35 0.019965 0.004410 327.79 0.37
E 9 38 0.019728 0.004518 313.53 0.28
E 10 11 0.022112 0.002092 325.07 41.10
E 10 12 0.023345 0.005626 362.76 0.03
E 10 14 0.022406 0.003916 356.28 9.09
E 10 15 0.022581 0.004781 308.84 2.03
E 10 17 0.020059 0.002270 350.04 3.51
E 10 23 0.018972 0.005766 319.14 3.41
E 10 25 0.019642 0.001001 348.66 120.13
E 10 28 0.020088 0.001364 307.12 5.61
E 10 31 0.021308 0.006761 358.26 0.30
E 10 37 0.019914 0.002811 317.54 0.05
E 11 12 0.026092 0.005495 433.76 5.53
E 11 13 0.015626 0.003338 253.34 9.05
E 11 14 0.022828 0.003279 331.86 3.90
E 11 15 0.017037 0.000678 336.55 1.40
E 11 17 0.022643 0.005348 319.66 0.39
E 11 22 0.001649 0.000000 148.00 0.79
E 11 23 0.015695 0.000806 240.32 5.41
E 11 24 0.018646 0.005503 296.08 2.74
E 11 28 0.029009 0.000783 532.50 3.02
E 11 29 0.018646 0.005503 285.20 0.31
E 11 30 0.018224 0.004952 288.75 0.94
E 11 31 0.023386 0.007390 329.66 1.64
E 11 34 0.017184 0.005242 301.33 3.55
E 11 36 0.015005 0.003324 240.33 5.39
E 11 37 0.021504 0.005747 328.06 8.10
E 11 40 0.025279 0.000509 577.48 12.48
E 12 13 0.004994 0.000224 508.00 6.70
E 12 14 0.024637 0.006233 412.32 2.56
E 12 15 0.022068 0.004625 379.43 0.61
E 12 17 0.022019 0.003485 359.53 163.71
E 12 25 0.022641 0.004592 385.70 2.71
E 12 28 0.022183 0.003119 332.74 238.83
E 12 31 0.021804 0.006699 352.77 0.54
E 12 37 0.021208 0.002811 342.77 0.03
E 13 14 0.017286 0.003520 1696.00 9.92
E 13 15 0.016740 0.000339 286.60 76.89
E 13 17 0.007107 0.000128 656.00 54.50
E 13 22 0.016763 0.004517 247.32 4.48
E 13 23 0.017762 0.005409 274.20 72.75
E 13 24 0.016799 0.003392 263.85 27.63
E 13 26 0.015803 0.002261 226.13 7.24
E 13 29 0.018382 0.004297 325.40 33.82
E 13 30 0.015854 0.002423 251.08 4.30
E 13 31 0.024855 0.004325 367.92 2.78
E 13 34 0.017575 0.005145 275.04 52.69
E 13 36 0.015806 0.003671 253.41 2.48
E 13 37 0.018706 0.003505 323.21 9.22
E 13 40 0.016080 0.004560 254.61 10.36
E 14 15 0.021031 0.003961 344.71 2.65
E 14 16 0.018127 0.004424 298.87 2.57
E 14 17 0.022175 0.003528 367.44 2.23
E 14 20 0.020234 0.004149 318.95 3.21
E 14 23 0.020920 0.008565 325.59 1.09
E 14 25 0.022139 0.003534 339.49 245.28
E 14 28 0.022407 0.003915 320.25 6.57
E 14 31 0.024652 0.006332 371.97 0.58
E 14 37 0.022304 0.004130 343.06 2.58
E 15 17 0.022394 0.006513 318.59 0.22
E 15 22 0.018494 0.006369 298.82 0.00
E 15 23 0.020784 0.006094 331.48 1.58
E 15 28 0.021633 0.004049 356.32 23.20
E 15 31 0.020750 0.004853 323.84 18.62
E 15 34 0.018267 0.003222 262.68 8.69
E 15 36 0.016741 0.002092 283.08 127.77
E 15 37 0.020155 0.004458 337.89 0.70
E 15 40 0.017135 0.001079 273.62 0.14
E 16 18 0.019985 0.003862 300.17 1.62
E 16 20 0.021521 0.004798 343.38 0.96
E 16 25 0.020527 0.002939 374.28 6.96
E 16 32 0.019629 0.002788 317.18 20.85
E 17 23 0.018050 0.006127 343.98 5.26
E 17 28 0.022450 0.001865 345.87 4.48
E 17 31 0.020961 0.006321 315.66 23.82
E 17 37 0.019186 0.003152 342.57 11.23
E 18 20 0.023469 0.006190 394.37 1.59
E 18 32 0.021097 0.003623 301.78 1.79
E 18 38 0.022989 0.006190 337.34 2.66
E 19 21 0.014025 0.002015 218.33 2.75
E 19 22 0.001361 0.000000 112.00 2.53
E 19 27 0.016338 0.004814 266.90 4.79
E 19 33 0.016327 0.003555 288.09 12.33
E 19 34 0.019038 0.007123 255.61 0.70
E 19 36 0.016573 0.001243 252.75 254.41
E 19 39 0.015713 0.003926 243.66 59.67
E 20 25 0.027992 0.003901 328.66 7.72
E 20 32 0.021427 0.004859 355.44 0.18
E 20 35 0.021178 0.004846 352.71 1.76
E 20 38 0.021427 0.005809 338.90 1.78
E 21 27 0.012824 0.002229 162.90 78.59
E 21 35 0.016921 0.002041 283.56 1.09
E 21 38 0.018269 0.003618 274.01 0.79
E 22 23 0.019140 0.006561 282.61 1.49
E 22 33 0.001361 0.000000 112.00 1.99
E 22 34 0.017507 0.004660 273.02 0.28
E 22 36 0.016809 0.004153 282.93 0.12
E 22 37 0.019162 0.004259 312.43 1.66
E 22 39 0.017192 0.004419 297.72 173.71
E 22 40 0.017032 0.004176 289.90 77.26
E 23 28 0.026125 0.002883 540.59 8.87
E 23 34 0.019140 0.006561 309.74 194.63
E 23 36 0.018568 0.006533 319.86 2.67
E 23 37 0.019386 0.005870 328.93 0.84
E 23 40 0.019139 0.006561 322.67 1.91
E 24 26 0.012600 0.000212 194.48 0.35
E 24 29 0.012551 0.000379 191.46 0.20
E 24 30 0.012695 0.000663 192.15 0.91
E 25 32 0.019307 0.002713 351.20 7.83
E 26 29 0.012520 0.000408 198.56 1.78
E 26 30 0.012684 0.000673 200.63 48.76
E 27 33 0.017364 0.004183 274.26 0.67
E 27 35 0.016290 0.000424 242.02 1.88
E 28 31 0.024429 0.005766 398.51 1.93
E 28 37 0.024429 0.002713 399.81 0.00
E 28 40 0.003810 0.000960 360.00 96.77
E 29 30 0.012695 0.000673 189.30 1.06
E 31 37 0.020297 0.003606 323.09 0.86
E 32 38 0.019079 0.004658 286.10 3.70
E 33 34 0.001393 0.000000 116.00 44.77
E 33 35 0.017025 0.002576 303.64 5.31
E 33 39 0.016326 0.003555 248.47 0.38
E 33 40 0.017308 0.003222 232.77 0.39
E 34 36 0.017412 0.004660 264.83 2.03
E 34 37 0.019501 0.005161 328.18 0.50
E 34 39 0.018381 0.005936 252.75 2.84
E 34 40 0.017461 0.004570 294.44 1.07
E 35 38 0.017730 0.005754 296.54 0.17
E 36 37 0.019403 0.004224 326.00 0.48
E 36 39 0.015577 0.002035 270.72 2.10
E 36 40 0.014841 0.001269 240.88 1.87
E 37 40 0.019450 0.004317 298.10 0.03
E 39 40 0.016225 0.002661 255.65 0.02
END

SECTION Terminals
Root 5
Terminals 8
T 18
T 1
T 39
T 33
T 37
T 20
T 29
T 10
END

EOF