SECTION Comment
CREATOR "Carlos Araujo"
REMARK "Instance for QoS Multicast Routing Problem"
QoS METRICS "delay, jitter, bandwidth and estimate of link duration"
END

SECTION Graph
Nodes 40
Edges 269

E 1 2 0.026203 0.005721 395.10 0.02
E 1 5 0.028792 0.005365 464.96 5.73
E 1 6 0.028330 0.007085 393.09 3.10
E 1 7 0.026228 0.005959 398.61 27.69
E 1 8 0.028701 0.007038 444.85 0.00
E 1 9 0.028761 0.005718 514.04 0.47
E 1 10 0.028409 0.006736 398.69 1.27
E 1 13 0.028793 0.005365 401.56 0.11
E 1 17 0.026318 0.006897 393.19 1.67
E 1 18 0.029461 0.010062 538.37 8.44
E 1 19 0.029008 0.006158 401.22 1.91
E 1 20 0.026049 0.005879 386.41 0.04
E 1 22 0.026214 0.006299 394.27 1.19
E 1 23 0.028269 0.005828 351.60 1.86
E 1 24 0.026374 0.005802 394.32 1.68
E 1 30 0.026049 0.005879 352.14 1.58
E 1 34 0.025844 0.005156 405.50 0.00
E 1 36 0.026091 0.007626 356.19 2.31
E 1 37 0.026375 0.005802 425.42 6.25
E 1 39 0.026375 0.005802 425.19 2.04
E 2 5 0.023074 0.001866 303.45 1.33
E 2 6 0.022417 0.001843 377.38 3.57
E 2 7 0.024210 0.003108 377.32 13.22
E 2 9 0.027087 0.005585 400.31 1.28
E 2 18 0.025784 0.005012 396.36 8.99
E 2 19 0.022454 0.001929 354.87 1.33
E 2 20 0.022438 0.001753 348.72 0.00
E 2 22 0.024920 0.003205 405.14 1.89
E 2 23 0.022464 0.001809 330.03 3.58
E 2 24 0.022359 0.002216 361.89 2.89
E 2 30 0.022438 0.001753 339.10 2.11
E 2 39 0.022438 0.001753 333.17 40.32
E 3 4 0.016205 0.001961 280.43 0.47
E 3 5 0.016860 0.001187 254.83 0.01
E 3 11 0.017654 0.005236 290.42 4.35
E 3 13 0.019397 0.004989 285.87 0.02
E 3 15 0.024360 0.006004 426.16 3.94
E 3 16 0.021884 0.003286 368.75 12.18
E 3 25 0.002850 0.000000 240.00 0.56
E 3 26 0.023323 0.003489 367.70 0.53
E 3 28 0.021671 0.002731 301.44 9.08
E 3 31 0.018397 0.005130 302.34 4.14
E 4 11 0.019145 0.005869 291.12 47.65
E 4 15 0.024620 0.006296 366.55 2.43
E 4 16 0.022512 0.003966 323.03 4.02
E 4 25 0.020417 0.002487 320.74 1.58
E 4 26 0.023525 0.003759 385.27 2.92
E 4 28 0.022649 0.003816 408.01 29.98
E 4 29 0.006418 0.001088 628.00 0.43
E 4 31 0.019774 0.005214 316.71 5.00
E 5 8 0.020738 0.002831 362.82 0.41
E 5 9 0.027418 0.005745 424.16 230.70
E 5 10 0.021490 0.004530 316.20 0.79
E 5 13 0.021100 0.003659 350.44 13.88
E 5 15 0.023073 0.004342 402.15 3.44
E 5 16 0.007186 0.002560 724.00 10.66
E 5 17 0.025052 0.008616 404.83 1.94
E 5 18 0.026466 0.002544 463.21 4.07
E 5 22 0.027778 0.005512 423.89 1.74
E 5 26 0.013029 0.002592 1280.00 7.43
E 5 28 0.022880 0.003707 433.66 0.44
E 5 31 0.018733 0.002295 307.59 0.08
E 5 33 0.021434 0.001357 684.32 9.35
E 5 36 0.024124 0.006283 379.03 0.17
E 6 7 0.024910 0.003158 399.85 0.58
E 6 9 0.028251 0.005567 499.52 34.10
E 6 18 0.025785 0.003087 356.04 1.78
E 6 19 0.020239 0.000441 342.39 0.34
E 6 20 0.021708 0.001058 347.67 1.32
E 6 22 0.026959 0.004011 401.36 0.15
E 6 23 0.020200 0.000449 310.08 0.12
E 6 30 0.021203 0.000648 336.94 0.64
E 6 34 0.022716 0.000867 375.59 0.67
E 6 37 0.024375 0.000791 472.91 3.03
E 6 39 0.021400 0.000621 369.55 1.77
E 7 8 0.026594 0.003816 420.97 0.04
E 7 9 0.027687 0.005359 394.71 150.94
E 7 10 0.027314 0.006445 459.73 4.28
E 7 17 0.024829 0.007659 374.50 4.10
E 7 18 0.026083 0.003392 385.46 2.65
E 7 19 0.025144 0.003314 362.51 0.80
E 7 22 0.025002 0.003282 381.15 4.77
E 7 23 0.025261 0.003392 402.59 0.50
E 7 24 0.024159 0.002783 393.82 2.92
E 7 30 0.023897 0.002516 380.85 3.52
E 7 34 0.026329 0.005732 408.59 4.59
E 7 36 0.024006 0.006805 363.02 63.04
E 7 37 0.023690 0.003892 340.45 13.33
E 7 39 0.024210 0.003108 358.98 5.62
E 8 9 0.027803 0.004965 436.29 395.88
E 8 10 0.021864 0.004186 363.63 2.67
E 8 12 0.024000 0.005842 389.19 6.73
E 8 13 0.022676 0.002804 340.25 191.40
E 8 14 0.019364 0.004290 324.90 22.44
E 8 17 0.025784 0.006991 409.60 2.45
E 8 21 0.027766 0.005201 401.29 238.64
E 8 22 0.026762 0.004474 420.94 3.28
E 8 24 0.033454 0.009347 444.44 2.88
E 8 30 0.002705 0.000000 280.00 2.93
E 8 32 0.027765 0.005201 505.87 0.14
E 8 36 0.024162 0.006384 334.80 1.06
E 8 37 0.025278 0.004506 375.01 0.57
E 8 40 0.029519 0.006954 303.28 0.92
E 9 10 0.028004 0.006033 443.43 20.77
E 9 13 0.024567 0.004685 389.99 0.09
E 9 15 0.022478 0.004790 326.03 23.40
E 9 17 0.028434 0.005397 472.87 38.83
E 9 18 0.021377 0.004965 348.03 10.90
E 9 19 0.029082 0.004337 504.17 100.20
E 9 20 0.027840 0.005333 396.92 2.52
E 9 22 0.028758 0.005948 459.74 17.51
E 9 23 0.030027 0.005573 459.44 9.69
E 9 24 0.035498 0.010612 524.44 8.48
E 9 27 0.019596 0.003074 337.77 35.21
E 9 30 0.027840 0.005333 374.28 44.20
E 9 32 0.028941 0.001967 546.69 1.66
E 9 33 0.019592 0.003074 342.56 1.77
E 9 34 0.029942 0.002459 335.12 171.21
E 9 35 0.019595 0.003074 306.54 2.47
E 9 36 0.025433 0.007572 382.50 29.54
E 9 37 0.028945 0.004132 415.28 0.84
E 9 39 0.027680 0.004523 437.08 0.78
E 10 12 0.021791 0.004027 361.79 2.30
E 10 13 0.026672 0.006143 400.38 2.20
E 10 14 0.021911 0.006253 336.63 1.35
E 10 17 0.025639 0.006819 401.47 1.00
E 10 20 0.023922 0.003731 318.76 3.65
E 10 21 0.024600 0.004545 447.37 5.60
E 10 22 0.027132 0.006373 390.08 2.13
E 10 24 0.030340 0.006988 471.69 1.32
E 10 30 0.022905 0.002487 375.26 0.88
E 10 32 0.019393 0.002764 319.55 3.29
E 10 36 0.024332 0.006591 377.59 30.37
E 10 37 0.026672 0.007274 459.24 10.76
E 10 40 0.019298 0.004900 378.47 3.89
E 11 15 0.024334 0.011231 390.28 2.74
E 11 16 0.021433 0.009362 343.29 6.64
E 11 26 0.023052 0.006591 342.21 5.71
E 11 28 0.022204 0.004885 406.20 0.94
E 11 31 0.018484 0.005240 306.19 0.58
E 12 13 0.004578 0.001024 456.00 0.05
E 12 14 0.021096 0.005532 344.73 0.07
E 12 17 0.027070 0.006399 397.43 1.69
E 12 21 0.016864 0.002582 272.52 0.27
E 12 24 0.036557 0.006869 502.67 4.42
E 12 32 0.016862 0.002593 281.14 0.80
E 12 36 0.024261 0.005427 400.11 0.06
E 12 38 0.016865 0.004624 262.43 0.03
E 12 40 0.016861 0.005222 257.19 10.11
E 13 15 0.022510 0.003528 341.36 8.15
E 13 17 0.028162 0.003222 556.80 2.69
E 13 22 0.028669 0.006935 412.01 1.46
E 13 24 0.005666 0.000064 592.00 4.61
E 13 26 0.023117 0.007844 395.66 8.15
E 13 31 0.019565 0.004410 333.73 0.27
E 13 33 0.019173 0.004025 321.77 6.36
E 13 36 0.024173 0.006635 370.43 0.20
E 14 17 0.026788 0.006214 429.46 1.65
E 14 21 0.021100 0.005532 338.34 0.32
E 14 24 0.036557 0.006869 659.63 2.02
E 14 32 0.020746 0.005040 305.05 5.89
E 14 36 0.024148 0.003957 412.27 0.45
E 14 38 0.021063 0.005576 338.65 0.30
E 14 40 0.020755 0.005153 320.38 0.54
E 15 16 0.024167 0.005413 389.92 0.44
E 15 18 0.022564 0.004812 361.70 8.51
E 15 22 0.023414 0.005292 371.39 11.79
E 15 25 0.023095 0.005125 373.82 5.25
E 15 26 0.023534 0.005296 359.79 1.65
E 15 27 0.022630 0.004684 356.93 1.54
E 15 28 0.023230 0.005057 384.17 7.23
E 15 29 0.023789 0.005634 389.36 7.27
E 15 31 0.024359 0.006004 379.43 20.30
E 15 33 0.023330 0.005548 348.42 6.03
E 15 35 0.022564 0.004812 398.50 27.23
E 15 36 0.024648 0.007293 375.19 16.50
E 16 18 0.020327 0.002205 335.86 5.62
E 16 25 0.019256 0.002189 318.95 3.51
E 16 26 0.023304 0.004570 336.93 1.49
E 16 27 0.018195 0.001272 373.33 1.91
E 16 28 0.020867 0.002846 340.92 234.35
E 16 29 0.018210 0.001438 291.16 14.49
E 16 31 0.022647 0.006523 390.74 24.54
E 16 33 0.020066 0.001952 327.92 7.79
E 16 35 0.018601 0.000803 292.71 3.94
E 17 21 0.026881 0.004471 377.12 283.84
E 17 22 0.025157 0.007979 393.60 0.08
E 17 24 0.029082 0.006125 431.36 5.02
E 17 32 0.026456 0.005624 392.79 59.25
E 17 36 0.025292 0.007365 392.19 7.22
E 17 37 0.026742 0.006065 424.93 3.70
E 17 40 0.026457 0.005624 409.72 3.21
E 18 19 0.025785 0.003087 363.80 1.92
E 18 20 0.025785 0.003087 350.53 1.42
E 18 22 0.032174 0.008763 447.96 5.44
E 18 23 0.024994 0.003477 389.01 1.80
E 18 25 0.019336 0.002888 288.98 1.47
E 18 26 0.022767 0.004935 336.95 10.88
E 18 27 0.019437 0.002698 312.48 1.35
E 18 29 0.019293 0.002679 303.27 6.82
E 18 30 0.025785 0.003087 433.91 14.67
E 18 33 0.019401 0.002973 337.81 2.17
E 18 35 0.020964 0.002856 360.74 4.56
E 18 39 0.025786 0.003087 403.90 0.78
E 19 20 0.021713 0.001079 335.15 3.12
E 19 22 0.029424 0.006445 408.22 0.12
E 19 23 0.019004 0.000344 331.40 0.16
E 19 30 0.021204 0.000574 329.55 0.42
E 19 34 0.004338 0.000160 368.00 0.90
E 19 39 0.021401 0.000592 349.56 5.27
E 20 22 0.024919 0.003205 365.95 8.67
E 20 23 0.021714 0.001079 337.51 0.24
E 20 24 0.022410 0.002292 369.99 5.74
E 20 30 0.021670 0.000958 354.98 4.38
E 20 37 0.006898 0.000224 688.00 0.16
E 20 39 0.021672 0.000999 356.89 143.40
E 21 24 0.040768 0.003618 510.31 2.91
E 21 32 0.015484 0.003219 247.22 1.75
E 21 38 0.014386 0.004026 213.97 0.52
E 21 40 0.016921 0.005456 262.75 0.88
E 22 23 0.027822 0.002544 330.92 0.32
E 22 24 0.023736 0.002097 360.07 4.48
E 22 28 0.035342 0.008706 505.98 23.10
E 22 30 0.024919 0.003205 365.69 0.07
E 22 36 0.024948 0.006968 367.26 5.59
E 22 39 0.024920 0.003205 356.31 1.55
E 23 30 0.021189 0.000503 335.01 0.21
E 23 34 0.022056 0.000565 324.12 0.41
E 23 39 0.021402 0.000592 320.24 0.64
E 24 30 0.022410 0.002292 340.64 5.08
E 24 32 0.036555 0.006868 412.24 0.45
E 24 34 0.022824 0.005573 369.82 2.03
E 24 36 0.040768 0.003957 607.86 13.38
E 24 37 0.024043 0.004785 392.13 68.85
E 24 39 0.022358 0.002216 364.68 4.31
E 24 40 0.040768 0.003618 727.65 8.49
E 25 26 0.022982 0.004800 359.36 15.69
E 25 27 0.019381 0.002474 319.02 10.72
E 25 28 0.020761 0.002775 336.25 6.85
E 25 29 0.019261 0.002263 315.71 1.77
E 25 31 0.003746 0.000768 352.00 1.12
E 25 33 0.019997 0.002381 329.42 98.13
E 25 35 0.019331 0.002436 308.40 3.54
E 26 27 0.022613 0.005379 369.55 0.60
E 26 28 0.023435 0.004935 374.97 0.17
E 26 29 0.023075 0.004700 354.63 2.64
E 26 31 0.024598 0.005258 383.03 0.61
E 26 33 0.022970 0.004780 405.63 3.92
E 27 28 0.020251 0.002627 315.55 4.53
E 27 29 0.018001 0.000931 291.82 10.26
E 27 33 0.020147 0.002155 352.39 0.90
E 27 35 0.017703 0.000988 281.22 0.25
E 28 29 0.020867 0.002880 329.63 0.42
E 28 31 0.021828 0.003947 329.15 0.14
E 28 33 0.020759 0.002775 328.87 0.80
E 28 36 0.021839 0.002762 375.17 3.68
E 29 33 0.020162 0.002187 324.15 2.84
E 29 35 0.017773 0.000800 306.40 104.12
E 30 34 0.023175 0.000678 497.46 3.04
E 30 37 0.024374 0.000791 495.33 4.26
E 30 39 0.021410 0.000626 353.06 1.84
E 31 36 0.024777 0.007418 362.55 0.00
E 32 37 0.023344 0.003188 323.44 0.17
E 32 38 0.015534 0.004453 244.76 0.59
E 32 40 0.016918 0.005456 257.53 0.51
E 33 35 0.020095 0.002028 321.55 0.48
E 34 37 0.017571 0.005929 300.20 1.04
E 34 39 0.026127 0.005540 379.04 2.31
E 38 40 0.016879 0.005344 268.54 0.01
END

SECTION Terminals
Root 16
Terminals 11
T 38
T 5
T 28
T 19
T 40
T 35
T 13
T 9
T 27
T 36
T 4
END

EOF