SECTION Comment
CREATOR "Carlos Araujo"
REMARK "Instance for QoS Multicast Routing Problem"
QoS METRICS "delay, jitter, bandwidth and estimate of link duration"
END

SECTION Graph
Nodes 10
Edges 23

E 1 4 0.027674 0.003974 398.14 18.42
E 1 6 0.034147 0.005682 485.49 9.51
E 1 7 0.025940 0.004983 379.82 17.23
E 1 9 0.028669 0.003870 375.52 5.07
E 2 5 0.025939 0.002689 406.01 0.25
E 2 6 0.034512 0.005578 491.37 0.44
E 2 8 0.025651 0.002714 462.39 1.31
E 2 10 0.026987 0.002940 410.60 314.86
E 4 5 0.029461 0.000763 406.25 2.15
E 4 6 0.034045 0.005105 457.08 3.83
E 4 8 0.029493 0.000340 455.90 0.29
E 4 9 0.029741 0.003100 438.28 0.22
E 4 10 0.028205 0.001326 417.71 0.72
E 5 6 0.033794 0.005374 442.66 0.24
E 5 8 0.024548 0.000927 383.19 0.48
E 5 10 0.027213 0.000897 404.83 37.08
E 6 7 0.036585 0.004560 464.31 3.71
E 6 8 0.033871 0.005672 505.95 2.41
E 6 9 0.034045 0.005105 454.93 1.46
E 6 10 0.034045 0.005105 437.60 62.98
E 7 9 0.030931 0.001357 370.52 0.02
E 8 10 0.027276 0.001044 425.40 2.38
E 9 10 0.028625 0.001490 426.83 3.52
END

SECTION Terminals
Root 8
Terminals 3
T 1
T 4
T 5
END

EOF